117529 190700
190700 104325
190700 206
104325 101337
101337 5631
5631 128572
5631 8459
128572 26061
128572 8
26061 112161
26061 5792
26061 750
112161 3369
112161 8
112161 750
112161 2055
3369 314382
3369 658
3369 236
3369 750
3369 39970
314382 658
658 147297
658 818
658 39970
147297 8459
8459 120636
8459 8258
120636 17779
17779 21932
21932 20046
20046 818
20046 8
20046 206
20046 2055
818 8258
818 41538
818 8
818 206
818 2055
818 39970
8258 8492
8258 8
8258 206
8492 235578
8492 8
235578 41538
41538 5792
41538 8
5792 2586
5792 750
2586 17489
2586 19685
17489 10006
17489 19685
10006 19685
19685 190477
19685 750
190477 307498
307498 236
236 302778
236 160919
236 180503
236 38007
236 206
160919 30550
160919 8
160919 750
30550 180503
30550 235
30550 38007
30550 206
30550 2055
180503 235
235 45146
235 38007
45146 38007
38007 8
8 72150
8 153232
8 170762
8 15182
8 298156
8 22818
8 80408
8 314232
8 174558
8 297
8 39970
72150 32123
32123 105297
105297 153232
105297 206
153232 80510
153232 129829
153232 328237
153232 95746
153232 68474
153232 26381
153232 2055
80510 170762
170762 25914
170762 206
170762 38224
170762 750
170762 2055
25914 129829
25914 88807
25914 328237
25914 190280
25914 26381
129829 88807
88807 328237
88807 206
88807 125782
328237 95746
328237 206
328237 38224
328237 125782
328237 26381
95746 57089
57089 67129
57089 98516
67129 15182
67129 98516
15182 143911
15182 98516
15182 206
15182 39590
15182 297
143911 18237
143911 206
18237 210689
210689 16753
210689 206
16753 98516
98516 214126
98516 206
214126 206
214126 2055
206 298156
206 241749
206 90737
206 37571
206 190280
206 26381
206 306715
206 39590
206 80408
206 314232
206 297
206 39970
298156 415651
298156 750
298156 2055
415651 137543
137543 241749
241749 110423
110423 22818
22818 20313
22818 43864
20313 91124
91124 68578
91124 68474
91124 43864
91124 2055
68578 140036
68578 90737
140036 90737
140036 22781
90737 3766
90737 68474
90737 43864
3766 68474
3766 22781
68474 72303
72303 22781
22781 405970
22781 43864
405970 43864
43864 37571
37571 38224
38224 190280
38224 125782
38224 26381
38224 93789
190280 125782
190280 26381
125782 26381
26381 93789
26381 2055
93789 108050
108050 306715
306715 137104
306715 39590
306715 2055
137104 100157
100157 39590
39590 80408
39590 2055
80408 750
80408 2055
750 2766
750 174558
750 297
750 39970
750 5713
2766 166299
2766 160173
160173 1895
1895 314232
314232 2055
2055 174558
2055 297
174558 297
297 3868
3868 39970
39970 5713
