350248 207031
207031 30231
207031 4910
207031 16783
30231 110450
30231 21078
30231 4910
30231 44456
30231 325581
30231 14031
30231 33897
30231 16783
30231 21092
30231 28072
30231 35445
30231 14025
30231 331473
30231 30222
30231 16344
30231 14070
30231 19155
110450 31301
110450 4910
110450 105974
110450 14031
110450 6942
110450 31213
110450 16783
110450 14025
110450 14549
110450 16344
31301 90571
31301 4910
31301 6942
31301 16783
31301 35299
31301 16344
90571 21078
90571 31955
90571 31213
90571 35353
21078 120725
21078 31955
21078 44456
21078 325581
21078 28072
21078 16344
21078 14070
21078 19155
120725 34928
120725 16344
34928 105127
34928 35036
34928 35038
34928 102311
34928 35299
34928 4895
34928 16344
105127 4910
105127 14025
105127 14549
4910 105974
4910 35036
4910 337257
4910 247140
4910 102311
4910 33897
4910 16783
4910 106515
4910 21092
4910 35445
4910 14025
4910 57269
4910 14549
4910 331473
4910 57506
4910 31332
4910 16344
4910 317022
4910 19155
4910 14611
105974 35036
105974 36368
105974 16344
35036 85767
35036 31955
35036 164015
35036 247140
35036 35038
35036 102311
35036 33897
35036 35299
35036 35353
35036 4895
35036 57269
35036 14549
35036 16344
85767 31955
85767 35353
85767 4895
85767 14549
85767 16344
31955 354585
31955 39523
31955 247140
31955 35038
31955 102311
31955 325581
31955 35353
31955 4895
31955 57269
31955 14549
31955 331473
31955 16344
31955 19155
354585 39523
354585 31213
354585 35353
354585 14549
39523 164015
39523 337257
39523 325581
39523 35445
39523 35299
39523 35353
39523 4895
39523 14549
164015 337257
164015 325581
337257 247140
337257 35038
247140 35038
247140 14549
35038 102311
35038 35299
35038 35353
35038 4895
35038 14549
102311 44456
102311 31213
102311 35353
102311 4895
102311 57269
102311 14549
102311 16344
44456 7598
44456 31213
44456 14549
7598 325581
7598 16783
7598 14611
325581 14031
325581 16783
325581 35353
325581 14070
14031 33897
14031 178609
14031 28072
14031 35445
14031 16344
14031 19155
14031 14611
33897 50368
33897 16783
33897 28072
33897 35299
33897 14549
50368 52537
50368 35299
50368 14549
52537 45406
45406 6942
6942 258791
6942 115414
258791 31213
31213 393505
31213 16783
31213 35445
31213 14549
31213 331473
31213 184874
31213 30222
31213 16344
31213 317022
31213 294480
393505 213
213 190904
213 134629
213 355
213 110971
213 16344
213 14070
190904 74519
74519 337909
337909 226193
226193 217010
217010 166879
217010 4895
166879 291276
291276 226403
226403 35605
35605 115414
35605 88352
35605 16783
115414 16783
88352 16783
16783 62036
16783 229100
16783 246901
16783 134629
16783 30222
16783 16344
16783 19155
62036 57307
57307 123349
123349 36368
36368 229100
229100 14549
246901 106515
106515 21092
21092 178609
178609 134629
178609 28072
178609 14025
178609 14070
178609 19155
134629 28072
28072 35445
28072 14025
28072 35299
28072 14549
28072 16344
28072 14070
28072 19155
28072 14611
35445 14025
35445 14549
14025 35299
14025 16344
14025 14635
14025 14070
14025 19155
14025 14611
35299 35353
35299 4895
35299 30222
35299 16344
35299 19155
35299 14611
35353 4895
35353 57269
35353 14549
35353 16344
4895 57269
4895 14549
4895 31332
4895 16344
4895 317022
57269 56660
57269 14549
57269 31332
57269 16344
56660 14549
56660 16344
14549 331473
14549 31332
14549 16344
331473 78675
331473 16344
78675 184874
184874 33277
33277 33296
33277 125823
33277 16344
33296 91228
33296 208729
33296 33304
33296 125823
91228 208729
91228 33304
208729 57506
208729 33304
57506 226222
57506 33304
226222 33304
33304 125823
125823 355
355 152934
355 373297
373297 756
756 15551
15551 2226
2226 95397
95397 4279
4279 110971
110971 111920
111920 98708
98708 28506
28506 64656
64656 30222
30222 138620
30222 31332
30222 16344
30222 14070
30222 14611
138620 31332
138620 14611
31332 16344
16344 317022
16344 14635
16344 14070
16344 14611
317022 14635
14635 14070
14635 19155
14070 19155
14070 14611
19155 14611
14611 294480
