207501 331
331 153697
331 76064
331 373587
331 6081
331 677
153697 42631
42631 128562
128562 16450
128562 7533
16450 38203
16450 27180
16450 321103
16450 7533
38203 27180
38203 7533
27180 321103
27180 7533
321103 157534
157534 134616
157534 35504
134616 35497
35497 35504
35504 35559
35559 103284
35559 40321
103284 273711
273711 304912
304912 103736
103736 189026
189026 57024
57024 126507
57024 65411
57024 66354
126507 76629
126507 66779
76629 66779
66779 65411
66779 46505
65411 120768
65411 2927
65411 66354
65411 46505
65411 66793
65411 100924
65411 30463
120768 113614
113614 283
283 97235
283 257749
283 155730
283 30549
283 160461
283 66793
283 129450
283 301728
283 273675
283 30463
283 289684
283 171867
97235 105018
105018 38006
38006 74867
74867 68719
74867 45140
68719 257749
68719 155730
68719 45140
68719 66793
68719 30463
257749 155730
257749 66793
257749 30463
155730 66793
155730 30463
155730 7533
45140 30549
30549 57019
57019 386002
386002 2927
2927 66354
2927 100924
66354 48055
66354 46505
48055 46505
46505 160461
160461 66793
66793 101336
66793 30463
101336 129450
101336 30463
129450 100924
100924 169149
169149 137100
137100 199590
199590 301728
273675 30463
30463 289684
171867 47237
47237 11597
47237 677
11597 73094
11597 52306
11597 11331
11597 50422
11597 24227
11597 2185
11597 677
73094 52306
73094 50422
73094 24227
73094 548
73094 2185
73094 677
52306 11331
52306 50422
11331 98170
11331 24227
11331 32101
98170 50422
50422 24227
50422 677
24227 65786
24227 462
24227 677
65786 32101
32101 38
38 76064
76064 3323
76064 548
3323 44849
3323 2185
3323 6081
44849 548
548 302017
302017 2185
302017 677
2185 373587
2185 42574
2185 462
2185 30222
2185 677
373587 42574
373587 677
42574 126569
126569 37298
37298 39989
37298 677
39989 1168
39989 677
1168 462
1168 677
462 7421
462 30222
7421 30222
30222 378936
30222 19153
30222 7533
30222 16783
30222 677
378936 19153
19153 393619
19153 19163
19153 14582
19153 43930
19153 396642
19153 198718
393619 19163
19163 131073
19163 43930
19163 7533
19163 16783
131073 14582
131073 7533
131073 16783
14582 43930
14582 7533
14582 16783
43930 14565
43930 7533
14565 40321
40321 328325
328325 99359
328325 396642
99359 396642
396642 7533
7533 377468
7533 16783
7533 198718
377468 16783
16783 198718
198718 6081
6081 216028
216028 677
