333927 360912
360912 273319
273319 333778
333778 67774
333778 357
67774 229459
67774 370460
67774 152905
67774 110346
229459 270285
270285 253109
253109 332158
332158 95900
95900 370460
152905 110215
152905 1503
110215 314500
110215 122452
110215 142553
314500 110346
110346 296241
110346 1503
110346 1274
296241 316826
316826 316827
316826 206622
316827 206622
206622 122452
122452 142553
142553 1503
1503 330890
1503 254248
1503 308568
1503 14134
1503 2700
1503 84809
1503 18076
1503 209490
1503 23286
1503 226511
1503 519
1503 106221
1503 1274
1503 4991
1503 18213
1503 9797
1503 107038
1503 503
330890 40797
330890 6951
330890 16452
330890 2697
40797 375592
40797 447788
40797 209490
40797 40774
375592 6951
375592 16452
6951 254248
6951 292194
6951 445519
6951 447788
6951 231515
6951 294736
6951 1274
6951 40774
254248 125721
254248 16452
254248 2697
125721 35520
35520 292194
35520 8
35520 1274
35520 9797
292194 16452
16452 121093
16452 308568
16452 445519
16452 107038
121093 105137
121093 64576
105137 8880
8880 86728
86728 8857
8857 64576
8857 8
64576 308568
445519 40774
447788 357
447788 3419
357 332026
357 73559
332026 8
8 26932
8 14134
8 217608
8 14204
8 2700
8 84809
8 15191
8 73559
8 26135
8 6204
8 21866
8 226511
8 519
8 1274
8 18213
8 20358
8 107038
8 490
8 107446
26932 14134
14134 217608
14134 14204
14134 503
14134 3419
217608 14204
217608 503
14204 53112
14204 3419
53112 2700
53112 2697
2700 84809
2700 9910
2700 1274
2700 4991
84809 18076
84809 220
18076 15191
18076 519
18076 1274
15191 22051
15191 220
22051 13327
22051 220
13327 9910
13327 220
9910 73559
73559 2798
73559 2697
73559 220
73559 503
2798 26135
2798 519
26135 209490
26135 519
209490 74600
209490 519
209490 1274
209490 40774
74600 231515
294736 2697
2697 76716
2697 23286
23286 6204
6204 43682
6204 3419
43682 21866
43682 226511
226511 2349
226511 503
2349 65994
65994 519
519 30226
519 328959
519 106221
519 220
30226 328959
30226 11880
30226 1274
30226 220
328959 11880
328959 220
11880 106221
11880 220
106221 1274
106221 220
1274 183188
1274 18213
1274 107038
1274 220
1274 503
183188 4991
4991 18213
4991 9797
18213 9797
9797 49222
49222 36989
36989 120243
120243 20358
20358 107038
107038 490
107038 220
490 419532
490 503
419532 40774
40774 396089
396089 220
220 92472
220 107446
220 503
92472 107446
107446 503
503 256540
503 3419
503 17538
256540 3419
256540 17538
3419 424721
3419 41167
3419 17538
424721 41167
41167 213023
41167 17538
213023 17538
