95353 40102
95353 11907
40102 11907
40102 1276
11907 161669
161669 58538
161669 310
58538 1416
58538 9110
1416 124280
1416 55681
1416 81331
1416 39591
124280 16785
124280 6971
16785 165447
16785 55681
16785 64106
165447 91754
91754 39121
39121 27179
39121 19150
27179 175557
27179 39511
27179 123887
27179 303153
175557 61232
175557 19150
175557 57122
175557 9110
61232 61909
61232 39511
61909 146643
61909 19150
61909 57122
61909 1276
146643 377056
377056 19150
19150 75184
19150 107210
75184 24148
75184 7550
75184 383
24148 31704
31704 57122
31704 64101
57122 323175
57122 39511
323175 135111
135111 447379
447379 61140
61140 252333
61140 107210
252333 107210
107210 244104
107210 39511
244104 116548
116548 367760
367760 364956
364956 39511
39511 123887
123887 16455
123887 7550
123887 383
123887 310
123887 1276
123887 6971
16455 162957
16455 69537
16455 69538
16455 33450
16455 28479
16455 303153
16455 6971
162957 69537
162957 33450
162957 16449
162957 6971
69537 127423
69537 33450
69537 64101
69537 6971
127423 44186
127423 57872
44186 74606
44186 383
44186 6971
74606 69538
74606 33450
69538 33450
33450 451096
33450 7550
33450 28479
451096 33433
451096 7550
33433 7550
7550 390742
7550 126046
390742 383
383 228422
383 1930
383 101581
383 28479
383 55681
383 81331
383 93308
383 39096
383 121471
383 36810
228422 228423
228423 1930
1930 154640
154640 310
310 105603
310 55681
310 126046
310 81331
105603 101581
101581 1276
1276 137233
1276 42907
1276 60553
1276 206874
1276 1880
1276 57945
1276 7625
1276 39096
1276 121471
137233 26398
26398 42907
26398 1880
42907 97315
42907 60553
42907 206874
97315 60553
60553 206874
206874 1880
1880 57945
1880 7625
1880 9110
57945 7625
7625 64101
7625 816
7625 2406
64101 38149
64101 9110
38149 28479
28479 57872
57872 55681
57872 6971
55681 64106
55681 6971
64106 16449
64106 6971
16449 303153
303153 6971
6971 126046
126046 8159
8159 278068
278068 204841
204841 9110
9110 247749
247749 5628
5628 233089
233089 30042
30042 348151
348151 816
816 20750
20750 77
77 9696
77 22648
9696 3971
3971 22648
3971 81331
81331 2406
2406 137206
137206 93308
137206 9149
93308 164226
164226 93294
93294 39096
39096 9149
9149 121471
121471 36810
36810 39591
