299992 66889
66889 183070
183070 383
383 230474
383 109039
383 46658
383 179425
383 101877
383 299170
230474 84092
84092 98046
98046 80
80 116036
116036 327
116036 6
327 92223
327 2186
327 109039
92223 2186
2186 13888
2186 6
13888 3188
3188 109039
109039 6
6 177504
6 3728
6 46743
6 46658
6 22747
6 163100
6 2342
177504 20246
20246 134250
20246 46911
20246 236771
20246 379354
134250 46911
134250 5990
46911 20286
46911 16604
20286 293955
20286 236771
20286 379354
293955 40908
40908 236771
236771 5990
5990 184831
5990 46743
5990 98950
5990 46658
5990 16604
184831 379354
184831 2342
379354 269962
269962 44834
44834 3728
3728 22727
22727 74046
22727 46743
74046 46743
46743 3768
46743 16604
46743 22747
3768 67626
3768 16604
3768 67092
67626 98950
98950 46658
46658 179425
46658 16604
46658 4705
179425 16604
16604 22747
16604 4705
22747 4705
4705 67092
67092 163100
163100 2342
2342 122486
122486 122493
122493 428962
122493 92570
428962 95905
95905 282749
95905 398973
95905 89011
95905 89003
95905 291007
95905 122469
95905 179558
282749 309331
282749 89011
282749 89003
309331 355447
309331 199185
355447 157541
355447 118498
355447 355450
355447 188999
157541 319732
157541 75369
157541 101877
157541 179558
319732 290410
319732 92570
319732 89000
290410 317081
317081 294799
294799 146276
294799 89011
146276 280561
146276 329020
329020 287850
287850 198085
287850 89011
287850 174818
198085 350937
198085 118498
198085 177805
198085 269320
198085 299170
198085 179558
198085 355450
198085 288156
350937 75369
350937 199185
75369 398973
75369 303298
75369 284493
75369 89000
75369 269320
75369 299170
75369 179558
75369 310391
398973 128853
128853 303298
128853 284493
128853 89011
303298 92570
303298 89003
92570 284493
92570 89000
92570 299170
92570 179558
284493 89011
89011 297185
89011 89003
89011 291007
89011 299170
89011 179558
297185 89003
89003 310674
89003 89000
89003 179558
310674 118498
118498 291007
118498 199185
291007 89000
89000 308787
89000 101877
89000 299170
308787 101877
101877 244315
101877 299170
244315 179552
179552 250133
179552 177805
177805 331049
177805 269320
177805 299170
331049 269320
269320 299170
299170 122469
122469 149316
122469 88851
149316 179558
179558 174818
179558 199185
179558 188999
174818 303824
303824 199185
199185 355450
355450 188999
188999 288156
288156 447057
447057 235637
235637 274330
274330 243288
243288 177816
177816 310391
310391 88851
