373074 373073
373073 28527
28527 130353
28527 74225
130353 62940
62940 37026
62940 37050
37026 74225
37026 31248
37026 206
37026 301
37026 1276
37026 1503
74225 74124
74225 31248
74225 206
74225 301
74225 1503
74124 37050
74124 31248
74124 301
37050 31248
31248 402965
402965 206
206 184784
206 199098
206 264427
206 8942
206 445045
206 301
206 79022
206 24169
206 18223
206 30839
206 4351
206 9110
206 10
206 253028
206 106646
206 9187
206 23432
206 62116
184784 2288
184784 5516
2288 174505
2288 194797
2288 85185
2288 359948
2288 264427
2288 262044
2288 436044
2288 73478
2288 330818
2288 13608
2288 106646
2288 47496
2288 47514
2288 9187
174505 159712
174505 69030
174505 16222
174505 5516
159712 69030
159712 199098
159712 2274
159712 47514
159712 16160
69030 199098
69030 5516
69030 47514
199098 194797
199098 5516
194797 85185
194797 301
194797 6663
85185 359948
85185 5516
85185 2274
85185 301
85185 47514
85185 16160
359948 16222
359948 5516
359948 2274
16222 264427
16222 2274
16222 47514
16222 16160
264427 5516
264427 39073
5516 176206
5516 262044
5516 301
5516 436044
5516 237011
5516 13608
5516 106646
5516 16160
176206 2274
176206 16160
2274 262044
2274 73478
2274 13608
2274 47496
2274 47514
2274 16160
2274 3053
2274 9187
262044 61409
262044 16160
61409 260062
61409 234477
260062 234477
260062 301
234477 8942
234477 301
234477 1503
8942 445045
8942 301
8942 217400
8942 1503
445045 301
445045 1503
301 772
301 79022
301 18223
301 243272
301 127049
301 10
301 106646
301 9187
301 1503
301 23432
301 147973
301 62116
772 142709
142709 58365
58365 125860
125860 1276
1276 79022
1276 30839
1276 10
79022 95332
95332 126430
95332 27004
126430 92074
126430 27004
92074 99967
92074 27004
92074 24152
99967 122434
99967 27004
27004 83728
27004 24169
83728 24152
24152 24169
24169 18223
18223 44204
18223 10
18223 1503
44204 142389
142389 30839
30839 19881
30839 10
19881 33123
33123 23829
33123 4351
23829 4351
4351 925
4351 1503
925 217400
925 127049
217400 216249
216249 151823
151823 243272
243272 9110
9110 108659
9110 127049
108659 4289
4289 127049
4289 23432
127049 10
10 35962
10 47496
10 3053
10 9187
35962 170227
35962 1503
170227 5205
170227 1503
5205 253028
253028 39073
39073 436044
39073 106646
39073 47514
39073 337814
436044 13623
436044 73478
13623 237011
13623 167174
13623 324522
13623 330818
13623 13608
237011 13608
237011 1503
167174 324522
167174 13608
324522 73478
324522 13608
73478 330818
73478 47496
330818 13608
330818 73933
330818 1503
13608 106659
106659 73933
73933 6663
73933 106646
6663 106646
6663 337814
106646 47496
106646 47514
106646 9187
106646 1503
47496 47514
47514 16160
47514 9187
47514 1503
47514 3413
16160 3053
16160 3413
3053 9187
9187 337814
9187 1503
337814 1503
1503 23432
1503 66976
1503 356032
1503 51882
23432 66976
66976 134058
134058 204747
204747 356032
356032 134958
134958 147973
147973 3413
3413 62116
62116 51882
