451329 2770
2770 184962
2770 19226
2770 2138
2770 677
2770 18211
2770 2055
2770 4344
2770 317
184962 9161
184962 11234
184962 13128
184962 4344
184962 8
9161 11234
9161 2138
9161 1988
9161 8
11234 36513
11234 19226
11234 2138
11234 13128
11234 18211
11234 407
11234 4344
36513 19226
36513 677
36513 13128
36513 7783
36513 407
36513 4344
19226 95713
19226 93152
19226 677
19226 13128
19226 1988
19226 407
19226 4344
19226 317
95713 94508
94508 7951
94508 677
94508 7783
94508 407
94508 4344
7951 149006
7951 2138
7951 213340
7951 4344
149006 2138
149006 677
149006 407
2138 79751
2138 677
2138 11162
2138 87536
2138 46173
2138 18211
2138 171898
2138 7783
2138 1988
2138 407
2138 138159
2138 11260
2138 4344
2138 215866
79751 93152
79751 677
79751 407
93152 18584
93152 2055
93152 317
18584 122526
18584 188
122526 385
122526 188
122526 2055
122526 83
122526 8
385 113050
385 3115
385 8
113050 677
113050 3115
113050 8
113050 317
677 213340
677 21155
677 145955
677 1705
677 171898
677 211879
677 1988
677 153422
677 104738
677 257538
677 95027
677 248596
677 407
677 96168
677 59063
677 4344
677 34815
677 215866
677 58281
213340 11162
213340 7783
213340 407
213340 317
11162 21155
11162 1705
11162 11260
11162 215866
21155 415
21155 188
415 34474
415 8
34474 3115
34474 8
3115 64006
3115 1415
3115 317
64006 258365
258365 14240
258365 317
14240 87536
14240 3557
87536 14313
14313 14242
14313 14247
14313 3557
14313 8
14242 3696
14242 3557
14242 188
14242 1988
14242 407
14242 8
3696 145955
3696 3677
3696 14247
3696 3557
145955 3677
145955 317
14247 3557
14247 8
3557 14234
14234 1415
14234 8
1415 176128
176128 188
176128 8
188 46173
188 1988
188 407
188 83
188 8
188 11953
46173 26340
46173 1705
46173 407
46173 83
46173 11953
26340 51775
51775 1705
51775 407
1705 13128
1705 1988
1705 221
1705 407
1705 11953
13128 18211
13128 171898
13128 4344
18211 21438
18211 4344
21438 171898
21438 7783
21438 221
21438 407
21438 83
21438 4344
171898 7783
171898 1988
171898 317
7783 211879
7783 407
7783 4344
211879 1988
211879 407
211879 4344
211879 8
211879 317
1988 153422
1988 104738
1988 221
1988 160032
1988 257538
1988 39971
1988 248596
1988 407
1988 83
1988 138159
1988 96168
1988 4344
1988 8
1988 215866
1988 59177
1988 58281
1988 83707
153422 30323
153422 8
153422 317
30323 104738
104738 221
104738 2055
104738 8
221 367672
221 69455
221 317
367672 30185
367672 317
30185 69455
69455 29117
69455 2055
29117 160032
29117 123397
160032 142640
142640 257538
257538 2055
2055 184545
2055 83
2055 4344
2055 59177
184545 114939
114939 95815
95815 21692
21692 95027
95027 64038
64038 29763
29763 39971
29763 317
248596 407
407 83
407 138159
407 4344
407 8
407 317
407 80358
407 11953
407 58281
407 83707
83 138159
83 8
83 80358
138159 96168
138159 8
96168 11260
11260 59063
11260 215866
59063 4344
59063 8
4344 34815
4344 8
4344 317
34815 8
34815 317
8 215866
8 123397
215866 317
317 5985
5985 10793
10793 105228
105228 38228
38228 123397
123397 80358
80358 59177
59177 11953
11953 58281
58281 83707
83707 159134
159134 14590
14590 326400
326400 195256
195256 305564
305564 212041
305564 106513
212041 106513
