450052 1
1 378164
1 397824
1 207190
1 376843
1 438479
1 395336
1 448983
1 271366
1 428779
1 256910
1 148559
1 43624
1 4
148559 93268
93268 6712
93268 42626
93268 47512
93268 6649
93268 38942
93268 2249
93268 93316
6712 6645
6712 147358
6712 6649
6712 181803
6712 6692
6712 6676
6712 137203
6712 93316
6645 138036
6645 6677
6645 112224
6645 93266
6645 147358
6645 6649
6645 181803
6645 6692
6645 141604
6645 141595
6645 6658
6645 6671
6645 5366
6645 6676
6645 122032
6645 93337
6645 137203
6645 93316
6645 147363
6645 154580
6645 133430
138036 42626
42626 9196
42626 14731
42626 392001
42626 112224
42626 5366
9196 14731
9196 1062
14731 47512
47512 392001
47512 5194
47512 163484
47512 3024
47512 141595
392001 22527
392001 6658
22527 156992
22527 2249
22527 6676
156992 59377
59377 201417
201417 81427
81427 151385
81427 5194
81427 1062
81427 465
151385 5194
151385 1062
151385 465
5194 6677
5194 38942
5194 1062
6677 112224
6677 147358
6677 6649
6677 181803
6677 6692
6677 38942
6677 3024
6677 141595
6677 6658
6677 6671
6677 137203
6677 154580
6677 133430
112224 93266
112224 147358
112224 6692
112224 6658
112224 6676
112224 122032
112224 154580
93266 147358
93266 6649
93266 6692
93266 2249
93266 6658
93266 6671
93266 6676
93266 137203
93266 93316
93266 133430
147358 141604
147358 6671
147358 122032
147358 93337
6649 181803
6649 3024
6649 6658
6649 6676
6649 137203
6649 93316
6649 133430
181803 6692
181803 141604
181803 141595
181803 6658
181803 6676
181803 93337
181803 93316
181803 154580
6692 141604
6692 38942
6692 6671
6692 93337
6692 93316
6692 154580
6692 133430
141604 87090
141604 3024
141604 141595
141604 6658
141604 133430
87090 38942
87090 3024
87090 2249
87090 1062
38942 163484
38942 3024
38942 137203
38942 1062
163484 3024
163484 141595
3024 2249
3024 141595
3024 137203
3024 154580
3024 1062
2249 141595
2249 6658
2249 137203
2249 1062
2249 465
2249 4
141595 6658
141595 93337
141595 1062
6658 6671
6658 93337
6658 93304
6658 137203
6658 93316
6658 154580
6658 133430
6671 5366
6671 93337
6671 137203
6671 154580
6671 133430
5366 6676
5366 465
6676 122032
6676 93337
6676 93304
6676 137203
6676 154580
122032 93337
122032 93304
122032 154580
93337 93304
93337 137203
93337 93316
93337 133430
93304 137203
93304 1062
137203 93316
137203 154580
93316 147363
93316 133430
147363 154580
154580 133430
154580 1062
133430 29141
29141 91795
91795 43624
91795 1062
43624 161772
161772 43413
43413 30185
43413 465
30185 262378
262378 1062
1062 207580
1062 144134
207580 43853
43853 68408
43853 183511
43853 68405
68408 117315
117315 183511
117315 68405
117315 81878
117315 187621
117315 167238
183511 68405
68405 81878
68405 187621
68405 60485
81878 187621
187621 167238
167238 60485
60485 45342
45342 91
91 301926
91 30809
301926 465
465 144134
465 95415
465 50216
144134 473
473 4
4 30809
30809 30817
30809 6948
30809 6951
30817 57882
57882 6948
57882 6951
6948 100234
6948 37545
6948 44191
6948 70150
6948 95433
100234 340787
340787 37545
37545 44191
44191 70150
44191 6951
70150 298620
70150 6951
298620 262634
262634 151973
151973 33410
33410 263275
263275 6951
6951 122693
122693 57886
57886 95415
57886 95433
95415 50216
50216 95433
