291275 151243
151243 151242
151243 8
151242 16178
16178 121494
16178 6703
121494 6703
6703 163004
6703 335
6703 1503
6703 8
163004 11881
163004 4259
163004 335
163004 1503
163004 2994
11881 152234
11881 53950
152234 95468
152234 69221
95468 90076
90076 450087
90076 81469
450087 292640
292640 367426
292640 346651
346651 104087
104087 104077
104077 81469
104077 69221
81469 160333
81469 66838
160333 107512
107512 82995
107512 69221
82995 77486
82995 66838
77486 77481
77481 69221
69221 66838
66838 4259
4259 224615
4259 108601
4259 113335
4259 198914
4259 10015
4259 7284
4259 17103
4259 34488
224615 2153
224615 1503
2153 48785
2153 113335
2153 335
2153 10015
2153 34488
48785 17030
48785 7783
48785 1503
17030 20899
17030 7274
20899 16111
20899 10686
16111 10686
10686 7274
10686 7783
7274 17350
7274 10015
7274 7304
7274 2144
7274 17549
17350 44474
17350 8
44474 7783
44474 8
7783 180187
180187 26158
26158 13768
26158 39886
26158 13141
13768 39886
13768 1503
13768 7400
13768 2144
13768 13141
39886 114663
114663 51010
51010 42907
42907 84083
84083 108601
84083 1503
108601 3647
108601 335
108601 1503
3647 113335
3647 514
3647 121626
3647 8
113335 5793
113335 335
113335 33666
113335 1503
113335 8
113335 299
5793 179151
5793 335
5793 1503
179151 335
335 198914
335 100574
335 10015
335 25798
335 157875
335 274970
335 435431
335 514
335 7284
335 17103
335 121626
335 158965
335 206180
198914 2619
198914 8
2619 100574
100574 10015
100574 1503
10015 33666
10015 1503
33666 149787
33666 25798
33666 1503
149787 51885
51885 25798
25798 157875
157875 21933
21933 78461
21933 274970
21933 14943
78461 290033
290033 52623
290033 80516
80516 169221
169221 274970
274970 56893
56893 377142
377142 90207
90207 262842
262842 45144
45144 129436
129436 1503
1503 435431
1503 514
1503 7284
1503 17103
1503 121626
1503 158965
1503 206180
1503 34488
1503 7304
435431 223488
223488 2994
2994 103816
2994 53950
2994 121626
2994 46825
103816 514
103816 8
514 9590
514 8
9590 7284
7284 17103
7284 8
7284 299
17103 7400
17103 14943
17103 299
7400 53950
53950 183428
183428 121626
121626 14943
121626 8
14943 158965
158965 8
8 68644
8 128382
68644 128382
128382 206180
128382 13141
206180 299
299 34488
34488 7304
7304 2144
2144 5861
5861 17549
5861 46825
17549 46825
17549 13141
46825 13141
