133837 32
32 228370
32 34
32 27781
32 2794
32 2077
32 50398
32 492
32 14740
32 721
32 8
228370 34
34 10992
34 3357
34 8141
34 14740
34 721
10992 465
10992 965
10992 8
465 28820
465 407
465 19785
465 2077
465 82566
465 50398
465 492
28820 38349
38349 1398
1398 44633
44633 3357
3357 27781
3357 7782
3357 59
27781 28764
27781 206
27781 43202
27781 492
27781 8
28764 7717
28764 206
28764 24642
28764 8
7717 122844
7717 206
122844 10915
122844 965
122844 8
10915 384082
10915 17012
384082 407
384082 965
407 19801
407 19785
407 7782
407 123511
407 60286
407 155654
407 81701
407 8385
407 17874
407 17012
407 22935
407 1247
407 45605
407 50398
407 492
407 8
19801 19785
19785 7782
19785 8
7782 123511
7782 5716
7782 9914
7782 214208
7782 17012
7782 965
123511 60286
123511 965
60286 5716
60286 965
5716 155654
5716 9914
5716 8385
5716 214208
5716 17874
5716 1247
155654 9914
155654 965
9914 68959
9914 8385
9914 214208
9914 17874
68959 81701
68959 8385
68959 206
68959 1247
81701 4143
81701 8385
4143 10074
4143 37801
4143 2077
10074 8385
8385 214208
8385 17874
8385 94805
8385 17012
214208 17874
17874 94805
17874 17012
94805 17012
22935 37801
22935 206
22935 43
22935 721
22935 8
37801 2794
37801 2077
2794 206
2794 8
206 13394
206 179200
206 1247
206 2077
206 306715
206 93731
206 59
206 82566
206 50398
206 492
206 113190
206 14740
206 721
206 172678
13394 27394
27394 29248
29248 171225
171225 93140
93140 13913
13913 285327
13913 93731
285327 300546
285327 269736
285327 59543
285327 269742
285327 280110
285327 280131
285327 288234
285327 59528
300546 269736
300546 59543
300546 269742
300546 179200
269736 344186
269736 269742
269736 43202
269736 280110
269736 280135
269736 280131
269736 288234
344186 173624
344186 59543
344186 288234
173624 353594
173624 280135
173624 280131
353594 59543
353594 274070
353594 59528
59543 269742
59543 179200
59543 274070
59543 280110
59543 280135
59543 280131
59543 288234
59543 280113
59543 59528
269742 179200
269742 274070
269742 280110
269742 280131
269742 288234
269742 59528
179200 288227
179200 43202
288227 43202
43202 290285
43202 280131
290285 274070
274070 280110
274070 288234
274070 59528
280110 280135
280110 288234
280110 280113
280110 59528
280135 280131
280135 288234
280135 59528
280131 288234
280131 59528
288234 280113
280113 59528
59528 393052
393052 363728
363728 103260
103260 193310
193310 193309
193309 1247
1247 2077
1247 306715
1247 93731
1247 59
2077 306715
306715 43
306715 59
43 93731
43 59
43 82566
43 50398
43 492
43 24642
93731 59
59 82566
59 50398
59 965
59 8
82566 45605
82566 492
82566 965
82566 8
45605 50398
45605 492
50398 492
50398 8
492 113190
492 721
492 8
492 92162
113190 2232
113190 8
2232 8141
8141 14740
14740 721
14740 8
721 170135
170135 24676
170135 965
24676 375403
24676 332347
24676 97303
24676 965
97303 965
965 246897
246897 24642
24642 46121
46121 8
8 92162
8 172678
92162 42718
42718 43123
43123 247075
247075 348955
348955 172678
