231773 31770
31770 30693
30693 42510
30693 1759
42510 96046
42510 86976
96046 59281
96046 323
96046 1503
59281 59279
59279 86976
86976 115691
86976 112301
86976 80722
112301 80722
80722 76877
80722 16785
76877 264211
264211 16785
16785 159664
16785 88
159664 94273
159664 323
94273 12918
12918 9972
12918 1759
12918 1503
12918 221
9972 31466
9972 62608
9972 52621
31466 7401
7401 36021
7401 45380
36021 6033
36021 1503
6033 18761
18761 497
18761 138
18761 1503
497 51597
497 138
51597 1759
51597 138
51597 221
1759 19401
1759 45759
1759 99847
19401 716
716 55411
716 138
55411 960
55411 88
960 169490
960 88
960 281350
960 20620
960 19263
960 18123
960 4344
960 9347
960 1503
169490 88
88 281350
88 19263
88 137951
88 10257
88 45388
88 79481
88 379045
88 463
88 171317
88 181061
281350 20620
281350 1503
20620 6892
20620 1503
6892 19263
19263 18123
19263 4344
18123 4344
18123 1503
4344 9347
4344 138
4344 1503
9347 323
323 3271
3271 62608
3271 138
3271 221
62608 34400
62608 52621
34400 52621
52621 45759
45759 137951
137951 138
138 283208
138 3482
138 12007
138 197784
138 379045
138 178587
283208 1503
1503 327960
1503 3482
1503 12007
1503 142978
1503 142887
1503 197784
1503 379045
1503 221
1503 99847
327960 3482
3482 47835
3482 12007
3482 6204
47835 106156
106156 89108
106156 12007
106156 221
89108 96488
89108 12007
96488 12007
12007 6204
6204 45380
45380 10257
10257 45388
45388 177247
177247 190595
177247 143021
177247 53870
177247 142976
190595 142911
190595 45750
190595 200922
190595 53866
190595 225800
142911 45750
45750 204910
45750 53681
45750 200922
45750 53866
45750 142978
45750 142862
45750 143021
45750 53830
45750 53870
45750 142976
204910 53681
204910 53866
53681 200922
53681 53866
53681 142978
53681 142862
53681 143021
53681 53830
53681 53870
53681 142976
200922 53866
53866 142810
53866 142978
53866 142862
53866 143021
53866 53870
53866 197784
53866 142976
142810 142985
142810 53870
142810 79481
142985 142978
142978 142862
142978 143021
142978 79481
142862 143021
143021 53830
143021 53870
53830 53870
53870 79481
79481 142887
142887 197784
142887 463
197784 142976
197784 463
142976 225800
225800 379045
379045 463
463 171317
171317 221
221 99847
221 22819
99847 16999
16999 72121
72121 22792
22792 85252
85252 38580
85252 22819
38580 22819
22819 181061
181061 162282
162282 34341
34341 162311
162311 187621
162311 211330
187621 204098
187621 89188
187621 178587
204098 89188
89188 178587
178587 211330
