416370 677
416370 317
677 223557
677 85589
677 4289
677 125252
677 4368
677 91872
677 328786
677 238175
677 3419
677 33105
677 217548
677 2417
677 379331
677 137456
677 7743
677 11044
677 382171
677 309117
677 25992
677 141685
677 1988
223557 85589
223557 3419
223557 317
223557 2417
223557 1988
85589 4289
85589 4368
85589 3419
85589 317
4289 125252
4289 3419
4289 703
4289 317
4289 11044
4289 141685
125252 4368
125252 857
125252 2417
125252 1988
4368 91872
4368 7743
4368 11044
4368 382171
4368 141685
4368 1988
91872 3419
91872 15
91872 1852
91872 1988
328786 317
238175 3419
238175 857
238175 317
3419 339593
3419 353434
3419 11044
3419 382171
3419 177269
339593 77186
77186 47768
77186 81427
77186 77257
47768 81427
81427 77257
81427 50511
81427 2417
81427 15
81427 2055
77257 857
50511 353434
50511 317
353434 703
703 5968
703 317
703 379331
5968 857
5968 1621
5968 5989
5968 317
857 50653
857 317
857 379331
50653 274486
50653 68881
50653 2371
50653 9408
274486 138496
138496 177313
177313 62853
177313 3191
177313 9408
62853 68881
62853 33105
68881 2371
68881 33105
68881 27143
2371 46473
2371 33105
2371 27143
2371 9408
46473 33105
33105 27146
33105 3191
33105 27143
33105 15
33105 1852
33105 1988
27146 62671
27146 3191
27146 27143
27146 1852
27146 1988
62671 46453
62671 3191
46453 3191
3191 27143
27143 78343
78343 9408
9408 265466
265466 142229
265466 303
142229 303
142229 15
142229 2055
303 5769
5769 1000
1000 1621
1621 148264
1621 38999
148264 38999
38999 143356
143356 15591
15591 5989
5989 11278
11278 34128
11278 317
34128 317
34128 2417
34128 15
34128 1852
317 289491
317 225937
317 7743
317 382171
317 34452
317 141685
289491 217548
217548 225937
225937 16865
16865 140087
140087 2417
140087 15
140087 1988
2417 387171
2417 36278
2417 379331
2417 21704
2417 182380
2417 137456
2417 7743
2417 382171
2417 2055
387171 36278
36278 379331
379331 619
379331 11044
379331 1852
379331 1988
619 21704
619 34452
21704 32254
32254 27414
27414 444587
27414 182380
182380 137456
182380 1852
182380 1988
137456 7743
137456 15
137456 1988
7743 11044
11044 382171
25992 35807
35807 40081
40081 177269
177269 34452
34452 141685
141685 15
141685 1852
141685 1988
15 250358
15 1988
15 72755
250358 1852
1852 83944
1852 1988
83944 8732
8732 207517
8732 124018
8732 71889
207517 145619
207517 64576
207517 71889
207517 9037
145619 64576
64576 124013
124013 124018
124018 71889
124018 9037
124018 8931
71889 300566
71889 9037
71889 8931
300566 9037
9037 250101
250101 8931
8931 126978
8931 68808
68808 31290
31290 87297
31290 2055
87297 2055
2055 175082
175082 1988
1988 72755
