29326 43633
43633 2071
2071 215967
2071 301
215967 7437
7437 96822
7437 253942
7437 4259
96822 70147
96822 2662
70147 2143
2143 519
519 161428
519 14615
519 220575
519 3547
519 32850
161428 471
161428 2662
471 27678
471 4259
471 7937
27678 301
27678 40429
301 49744
301 90755
301 19964
301 107073
301 110925
301 76984
301 2662
301 253942
301 93248
301 37888
301 137395
49744 64691
49744 8745
49744 44350
49744 2662
64691 90755
90755 8931
90755 8745
90755 65097
8931 19964
8931 71947
8931 110925
8931 167736
19964 8745
19964 107073
19964 65097
8745 133509
8745 167736
133509 16789
16789 65138
65138 107073
65138 8757
65138 65097
107073 8757
8757 71947
8757 8701
8757 44350
71947 106668
106668 56401
106668 8795
106668 65097
56401 54013
56401 8795
54013 267265
54013 81261
54013 49732
267265 125298
267265 90373
125298 81261
81261 62176
62176 117385
117385 7579
7579 8701
8701 8795
8795 44350
44350 110925
44350 167736
110925 65097
167736 65097
65097 124021
124021 49732
49732 100259
100259 89594
89594 90373
90373 44199
44199 32501
32501 38172
38172 65110
65110 14615
14615 178864
178864 178865
178865 65567
65567 268032
268032 51742
51742 386822
51742 147879
51742 178267
386822 130875
130875 106322
130875 147879
130875 178267
106322 147879
147879 178267
178267 2922
178267 2919
2922 362250
2922 2919
362250 2919
2919 104322
2919 103397
104322 103397
103397 101478
103397 76984
101478 45497
45497 102067
45497 76984
102067 76984
76984 1968
1968 54922
54922 2662
2662 253942
2662 93248
2662 36300
253942 40429
253942 17017
253942 4259
253942 7937
40429 10431
10431 83096
83096 41130
83096 7937
41130 93248
41130 17017
41130 137395
93248 36300
93248 18224
93248 17017
93248 4259
93248 7937
36300 17017
36300 66537
36300 4259
18224 17017
18224 7937
17017 66537
17017 4259
66537 4259
4259 220575
4259 188993
4259 48180
220575 3547
3547 32850
32850 37888
37888 10961
37888 49932
10961 138288
138288 46534
46534 49970
49970 188993
49970 49932
188993 49932
49932 222978
222978 67399
67399 211792
211792 137395
137395 7937
7937 211147
211147 48180
