349249 206
206 172564
206 129495
206 199115
206 88171
206 339
206 41341
206 135250
206 4792
206 383
206 285139
206 5232
206 96767
206 21884
206 191436
206 118197
206 83
206 309207
172564 5516
172564 383
172564 1503
172564 138
5516 362963
362963 463
362963 1503
362963 138
463 211339
463 383
463 264718
463 5232
463 22991
463 191436
463 118197
463 309207
211339 354
211339 1852
354 129495
354 138
354 21884
354 1852
354 118197
129495 280
129495 383
280 199115
280 434
280 10638
199115 402
199115 383
199115 1852
402 88171
402 339
402 434
402 679
402 83
88171 339
88171 434
88171 1852
339 434
339 1132
339 1503
339 1852
339 5188
434 1132
434 41341
434 67
434 83
1132 1773
1132 138
1773 41341
1773 1805
41341 1805
41341 1503
1805 17506
1805 338525
17506 338525
17506 531
338525 531
338525 1503
531 25328
531 4810
531 4109
531 4792
25328 4810
4810 4109
4109 135250
4109 4792
135250 4792
4792 383
4792 1503
4792 138
383 61526
383 106992
383 5232
383 96767
383 129075
383 235530
383 21884
383 83
383 5188
383 309207
61526 26352
61526 28174
61526 1503
26352 279744
26352 264718
26352 375282
26352 28174
26352 243440
26352 40556
26352 275536
26352 74197
26352 285139
26352 316069
26352 99151
279744 103613
103613 264718
264718 147178
264718 138
264718 1852
147178 377435
377435 345582
345582 56711
56711 375282
375282 196630
375282 74197
375282 34241
196630 323885
323885 28174
323885 14682
323885 34241
28174 243440
28174 74197
28174 40331
28174 316069
28174 39181
243440 28097
28097 373440
28097 14682
28097 106992
28097 40556
28097 40331
28097 101616
28097 316069
28097 34241
28097 99151
373440 14682
14682 106992
106992 52329
52329 40556
40556 37505
37505 94551
94551 20911
20911 275536
20911 99151
275536 117929
275536 74197
74197 285139
74197 39181
285139 164015
285139 34241
164015 40331
40331 101616
40331 34241
101616 316069
101616 34241
316069 34241
34241 99151
99151 128487
128487 39181
39181 1503
1503 405433
1503 22991
1503 96767
1503 23978
1503 679
1503 212531
1503 18106
1503 42102
1503 266598
1503 21884
1503 191436
1503 83
1503 108920
1503 309207
405433 5232
5232 22991
5232 1852
5232 108920
22991 96767
22991 1852
96767 23978
23978 679
679 212531
679 18106
679 83
679 5188
212531 18106
212531 3419
212531 138
18106 10638
10638 10534
10534 50159
10534 21884
50159 252488
252488 246502
246502 182097
182097 52080
52080 129075
129075 3000
129075 1852
3000 42102
42102 3419
3419 266598
3419 231482
266598 54607
266598 3984
54607 235530
235530 231482
231482 138
138 21884
138 83
21884 1852
1852 191436
1852 118197
1852 108920
1852 309207
191436 67
191436 83
67 118197
67 83
118197 83
83 397115
83 122663
397115 5188
5188 122663
122663 108920
108920 309207
309207 3984
