386813 5822
5822 198736
5822 30318
5822 5813
5822 2166
198736 45819
198736 1503
198736 3549
198736 5813
198736 206
198736 83
45819 42482
45819 3549
42482 1286
42482 3549
42482 2166
1286 30318
1286 396
1286 1503
1286 6661
1286 2166
1286 86858
1286 527
1286 9161
1286 206
1286 83
30318 396
30318 1503
30318 206
30318 83
396 151247
396 957
396 94116
396 800
396 9900
396 11945
396 262111
396 9940
396 86858
396 105848
396 9161
396 26
396 83
396 5411
151247 957
957 79413
957 1503
957 323
957 5813
957 9161
957 206
79413 1901
1901 11275
1901 88209
11275 88209
88209 94116
94116 800
94116 26
800 118911
800 26
800 735
800 206
800 83
118911 152834
118911 689
152834 1503
152834 7921
1503 107472
1503 689
1503 80057
1503 192336
1503 7921
1503 6912
1503 193367
1503 245927
1503 6661
1503 11945
1503 262111
1503 5226
1503 54531
1503 135535
1503 46445
1503 86858
1503 527
1503 9161
1503 83
1503 317661
1503 141595
1503 39099
1503 49542
107472 107474
107472 16318
107474 16318
16318 159753
16318 323
159753 323
323 154212
323 689
323 24919
323 192336
323 7921
323 6912
323 3549
323 26
323 232609
323 206
154212 689
689 80057
689 85299
689 7921
689 24701
689 245927
689 3549
689 11945
689 2166
689 105848
689 9161
80057 44434
44434 24919
24919 192336
192336 39433
192336 3549
39433 85299
85299 284804
85299 3549
85299 5813
284804 7921
284804 3549
7921 6912
7921 193367
7921 3549
6912 193367
6912 3549
6912 2166
193367 24701
193367 3549
24701 245927
24701 3549
245927 3549
245927 5226
3549 46819
3549 5813
3549 11945
3549 262111
3549 5226
3549 83612
3549 135535
3549 46445
3549 2166
3549 86858
46819 5813
46819 26
46819 7998
5813 55601
5813 26
55601 6661
55601 83
6661 271590
6661 317661
6661 5521
271590 168330
271590 5521
168330 196389
196389 161530
161530 293944
293944 12573
12573 9900
12573 83
9900 35730
9900 822
35730 11945
11945 262111
11945 206
11945 83
262111 5226
262111 206
262111 83
5226 9940
5226 9161
9940 83612
83612 54531
54531 135535
135535 46445
46445 2166
2166 86858
2166 9161
2166 83
86858 105848
86858 527
86858 206
105848 527
105848 206
527 42949
527 26
527 206
42949 1803
1803 7069
1803 1824
7069 29098
7069 206
29098 97497
29098 206
97497 39590
97497 9161
39590 9161
39590 206
9161 26
9161 206
26 6103
26 206
6103 1824
6103 822
1824 994
994 39815
994 206
994 83
994 5411
39815 2212
39815 206
2212 232609
232609 232610
232610 822
822 4568
4568 4483
4483 735
735 5258
5258 193940
193940 193941
193941 206
206 156735
206 69166
206 83
206 5411
156735 7998
7998 69166
69166 83
83 317661
317661 5411
5411 194513
5411 141595
5411 6658
5411 49542
194513 163482
163482 141595
141595 5521
141595 6658
5521 387994
5521 39099
5521 49542
39099 6658
6658 49542
