453125 28586
28586 225738
28586 33090
28586 28714
28586 160744
28586 146476
28586 86444
225738 166851
166851 78843
78843 29327
78843 13255
78843 107964
78843 6
29327 371918
29327 147390
371918 43628
371918 6
371918 2055
371918 2662
43628 147390
147390 24179
147390 6
147390 2055
24179 27269
24179 6
24179 407
27269 41111
41111 33090
41111 28714
41111 146476
33090 28714
33090 23471
33090 118592
28714 160744
28714 99519
28714 13255
28714 146476
28714 86444
28714 23471
28714 118592
160744 99519
160744 13255
99519 13255
13255 146476
13255 86444
13255 23471
146476 107964
146476 23471
107964 86444
86444 23471
86444 118592
23471 11507
11507 118592
118592 6
6 30800
6 6948
6 6273
30800 250510
30800 2055
250510 12012
250510 3482
12012 94946
12012 3482
12012 15507
12012 15494
94946 3482
94946 15494
3482 15507
3482 15494
3482 2055
3482 2662
15507 15494
15507 2662
15494 378655
378655 2055
2055 239004
2055 375223
2055 16452
2055 337356
2055 123304
2055 83326
2055 82714
239004 27180
239004 7569
239004 16452
27180 83559
83559 141469
83559 16452
83559 6948
83559 35481
141469 7569
141469 35481
7569 430439
7569 16452
430439 8947
8947 62956
8947 35481
62956 69530
62956 6948
62956 4446
69530 30853
69530 35481
69530 4446
30853 69331
30853 141986
141986 375223
375223 16452
16452 442488
16452 106013
16452 337356
16452 30747
16452 123304
16452 36238
16452 83326
16452 169386
16452 65631
16452 102386
16452 128419
442488 6948
6948 27886
6948 71137
6948 106013
6948 98575
6948 337356
6948 28166
6948 30747
6948 123304
6948 65631
6948 333637
6948 310708
6948 102386
6948 128419
27886 71137
71137 15581
15581 106013
106013 98575
106013 35481
98575 35481
35481 141383
35481 337356
35481 65631
35481 310708
141383 4446
4446 177912
4446 352
177912 352
352 117978
352 261336
352 46973
117978 13072
13072 261336
13072 407
13072 6273
13072 98453
261336 2662
261336 407
2662 337356
2662 407
2662 82714
337356 28166
28166 30747
28166 7551
30747 123304
30747 7551
123304 36238
36238 83326
83326 169386
169386 119909
119909 65631
65631 16779
16779 35257
16779 7551
35257 107721
35257 7551
107721 204635
204635 333637
333637 339642
333637 34719
339642 310708
310708 8390
8390 46973
46973 407
407 89512
407 6273
407 98453
89512 247571
89512 6273
247571 247572
247571 247573
6273 82714
6273 98453
98453 227934
227934 310121
310121 343459
310121 34719
34719 408992
34719 57138
408992 57138
57138 119750
119750 7551
7551 102386
102386 44448
44448 128419
