420139 420138
420138 198040
198040 285931
285931 1503
1503 276395
1503 308213
1503 124419
1503 84997
1503 443074
1503 205
1503 397314
1503 1988
1503 127766
1503 138334
1503 124566
1503 1062
1503 146530
1503 108111
1503 364648
1503 19697
1503 2138
1503 86197
1503 55757
1503 262580
1503 15597
1503 91272
1503 124074
1503 134724
1503 22455
1503 179690
1503 339860
276395 2696
276395 1062
2696 308213
2696 2055
2696 383
308213 205
308213 2055
124419 12262
124419 205
124419 2055
124419 1062
124419 383
12262 40675
12262 12275
12262 2055
12262 1062
40675 84997
84997 84989
84997 12275
84989 448088
84989 383
448088 12275
12275 82014
12275 3984
12275 1062
82014 3984
3984 443074
443074 205
443074 1988
443074 15
443074 2055
443074 1062
443074 43
443074 383
205 397314
205 179963
205 189350
205 146530
205 108111
205 364648
205 124074
205 134724
205 383
205 342822
205 339860
397314 1988
397314 15
397314 216
397314 1062
1988 179963
1988 11991
1988 15
1988 189350
1988 216
1988 1062
1988 146530
1988 18966
1988 2188
1988 108111
1988 18040
1988 103562
1988 364648
1988 89813
1988 118493
1988 407
1988 2138
1988 91272
1988 43
1988 22455
1988 13240
1988 46801
1988 59907
1988 59956
1988 35352
1988 383
1988 342822
1988 339860
1988 30263
1988 17803
1988 8209
179963 11991
11991 127766
11991 1062
11991 18040
11991 364648
11991 118493
127766 15
15 189350
15 387451
15 124566
15 1062
15 18040
15 364648
15 89064
15 22455
15 35352
15 30263
15 17803
189350 216
189350 2055
189350 1062
189350 383
216 387451
216 2055
216 150489
216 103562
216 65041
387451 138334
138334 2055
138334 43
2055 386006
2055 124566
2055 448083
2055 1062
2055 146530
2055 108111
2055 15597
2055 134724
386006 27179
27179 303411
27179 4888
303411 4888
4888 124566
4888 32471
4888 334840
124566 32471
124566 383
32471 334840
334840 128466
128466 448083
448083 1062
1062 146530
1062 18966
1062 108111
1062 18040
1062 103562
1062 364648
1062 15597
1062 134724
1062 43
1062 61901
1062 383
1062 342822
1062 339860
146530 150489
146530 43
146530 383
150489 61384
61384 18966
18966 22794
18966 407
22794 2188
22794 13082
22794 407
2188 108111
2188 13082
2188 18040
2188 407
2188 23429
2188 2138
2188 22455
2188 30263
108111 13082
108111 407
108111 383
108111 30263
13082 18040
13082 22455
13082 30263
13082 203801
18040 103562
18040 407
103562 44243
103562 43
103562 13240
44243 364648
364648 89813
364648 43
364648 383
364648 30263
89813 118493
118493 407
407 23429
407 2138
407 89041
407 91272
407 22455
407 13240
407 46801
407 59907
407 59956
407 8209
23429 19697
19697 2138
19697 15597
19697 8209
2138 86197
2138 89041
2138 8209
86197 89041
89041 89064
89064 230823
89064 215777
89064 383
230823 215777
215777 55757
55757 262580
262580 221086
221086 15597
15597 987
15597 383
987 91272
91272 48476
91272 124074
91272 383
48476 124074
124074 134724
124074 383
134724 43
134724 383
43 83450
83450 65041
65041 22455
22455 13240
22455 383
13240 46801
13240 30263
46801 59907
46801 35352
59907 59956
59907 101837
59907 101840
59907 286740
59907 35352
59956 101837
59956 101840
59956 35352
59956 383
101837 101840
101837 35352
101840 286740
101840 35352
101840 383
286740 169739
286740 35352
169739 35352
35352 146652
146652 61901
61901 35325
35325 297424
297424 111093
111093 116667
116667 34719
34719 179690
179690 383
383 342822
383 339860
339860 30263
30263 203801
203801 17803
17803 8209
