2861 51756
51756 319146
51756 3369
51756 327
319146 235
235 45140
235 55237
45140 55252
55252 55237
55237 979
979 110783
979 331
979 160658
979 17037
979 217203
979 154681
979 258392
979 65869
979 225959
979 37797
979 45391
110783 24060
24060 148531
24060 103841
148531 103841
148531 91921
103841 91921
103841 91919
91921 91919
91921 91923
91921 154450
91919 91923
91923 154450
154450 1720
1720 66656
66656 32030
32030 4132
4132 51460
4132 37797
51460 39588
39588 22577
39588 213
22577 4655
4655 179005
4655 327
4655 213
179005 1180
179005 19
179005 327
179005 213
1180 40949
1180 7613
1180 19
40949 6796
6796 34750
6796 24662
6796 13900
6796 213
34750 24662
34750 97789
34750 19
34750 327
24662 97789
24662 213
97789 19407
19407 13900
13900 7613
7613 80090
7613 331
7613 213
80090 59117
59117 31172
59117 331
59117 3369
59117 327
31172 331
331 42932
331 327
331 7191
331 154681
331 2157
331 258392
331 45391
331 213
42932 16464
42932 7533
42932 15451
42932 213
16464 244812
16464 430584
244812 28469
244812 7533
244812 19
28469 57670
57670 7533
7533 116901
7533 57112
7533 430584
7533 154681
116901 31443
31443 284906
31443 34809
31443 110660
31443 57112
31443 154681
284906 34809
34809 110660
110660 57112
110660 19
57112 430584
430584 15451
15451 160556
15451 19
15451 327
15451 2157
15451 213
160556 126209
160556 71005
126209 71005
71005 104879
71005 3369
104879 1431
1431 443194
1431 337807
1431 327
1431 689
337807 41505
337807 327
41505 96937
96937 3369
3369 149288
3369 149287
3369 327
3369 213
149288 149287
149287 19
19 160658
19 327
19 408
19 225959
19 213
160658 203173
160658 7932
160658 9798
203173 76910
203173 7932
76910 10234
76910 7932
10234 17037
17037 42301
17037 9798
42301 408685
408685 7932
7932 217203
7932 258392
7932 65869
7932 219048
217203 327
217203 689
327 7191
327 154681
327 258392
327 408
327 45391
7191 154681
154681 2157
154681 213
2157 11132
2157 213
11132 354471
11132 258392
258392 9798
258392 689
9798 65869
9798 689
9798 408
9798 213
65869 689
689 90669
689 408
689 219048
689 225959
90669 408
408 219048
408 213
219048 225959
225959 17519
225959 213
17519 37797
37797 29710
29710 45391
45391 8065
45391 213
8065 182674
8065 342158
342158 213
213 53694
213 79448
53694 53627
53627 79448
79448 216458
