424642 6014
6014 113594
6014 1503
113594 2194
113594 1503
113594 205
113594 4214
2194 379594
2194 29425
2194 29567
2194 131422
2194 502
2194 870
2194 8515
379594 29425
379594 1503
379594 370
29425 234752
234752 1503
1503 189769
1503 153510
1503 370
1503 16679
1503 160622
1503 43470
1503 4681
1503 261259
1503 131422
1503 205
1503 394037
1503 12748
1503 195531
1503 195099
1503 90386
1503 9275
1503 529
1503 136980
1503 57757
1503 73094
1503 8515
189769 7911
189769 12748
7911 60115
7911 132462
60115 58849
58849 132462
132462 17021
17021 153510
17021 205
153510 153507
153510 205
153507 15937
15937 99934
99934 22684
99934 370
22684 370
22684 2162
370 16679
370 44233
370 131422
370 205
370 101307
370 394037
370 4214
370 195531
370 90386
370 529
370 136980
370 57757
16679 26235
16679 205
26235 192506
192506 55935
192506 245
55935 267699
267699 156400
267699 245
156400 281896
156400 245
281896 245
245 114003
114003 7486
7486 44233
7486 205
7486 356
7486 502
44233 49121
44233 356
49121 160622
49121 13248
49121 356
160622 121606
121606 43470
43470 29567
29567 4681
29567 356
4681 261259
261259 507
261259 205
261259 13248
261259 502
507 131422
507 7592
507 529
131422 205
131422 13248
131422 356
205 281830
205 284771
205 394037
205 195531
205 90386
205 529
205 136980
205 57757
205 8515
281830 7592
7592 171296
7592 383612
171296 30230
171296 4895
30230 296261
30230 72871
30230 335328
296261 401616
401616 72871
72871 4895
4895 162127
162127 61101
61101 335328
335328 54023
54023 219484
219484 19153
19153 383612
19153 377254
383612 49182
49182 377254
377254 57688
57688 13248
13248 101307
13248 2162
13248 57757
13248 17153
13248 502
101307 158721
101307 356
158721 280
158721 356
280 422983
422983 356
356 73822
356 195531
356 195099
356 73094
73822 7691
7691 284771
284771 28852
284771 12748
28852 166806
166806 22970
22970 394037
394037 4214
4214 186913
4214 29610
4214 90386
4214 9275
4214 529
4214 136980
186913 10647
10647 344993
10647 248378
344993 12748
12748 248378
12748 195531
12748 39886
12748 90386
12748 9275
12748 17165
12748 17613
12748 47385
248378 29610
29610 195531
195531 39886
39886 195533
39886 90386
195533 195099
195099 2162
2162 90386
2162 17165
90386 9275
90386 502
9275 529
529 136980
136980 68138
68138 17165
17165 57757
57757 84
84 73094
84 8515
84 17613
73094 17153
73094 502
17153 502
502 870
870 8515
8515 17613
17613 25905
25905 47385
