262032 7533
7533 356041
7533 287488
7533 395745
7533 33448
7533 303053
7533 187852
356041 68621
68621 28922
28922 2673
2673 225583
2673 91548
225583 225582
91548 20220
20220 374028
374028 44151
44151 92606
44151 1276
92606 17575
92606 1276
17575 315021
17575 296174
17575 85118
17575 53743
296174 2680
296174 335
296174 1274
2680 48272
2680 287488
2680 26
2680 139512
2680 37650
2680 1274
48272 126645
48272 335
48272 1276
126645 85118
126645 93819
85118 93819
85118 53746
85118 53766
85118 53743
85118 1274
93819 53746
93819 104778
53746 104778
104778 53766
53766 286577
53766 53743
286577 119789
119789 53743
53743 25646
53743 1274
25646 202259
202259 135160
135160 29259
135160 335
29259 287488
29259 335
29259 100695
29259 130484
29259 42375
29259 1274
287488 335
287488 1274
335 154859
335 26
335 68029
335 369303
154859 20044
20044 10110
10110 25765
10110 116683
25765 67502
25765 18132
67502 166799
166799 55502
55502 26
26 289257
26 51038
26 31429
26 402
26 600
26 2363
26 1274
289257 8565
8565 51038
51038 104873
104873 149116
149116 207447
149116 232086
149116 162233
207447 232086
207447 162233
232086 162233
162233 18157
18157 139512
139512 13347
13347 37650
37650 4827
4827 155135
155135 2634
155135 965
2634 339442
2634 68029
2634 94512
339442 1276
339442 1274
1276 137740
1276 965
1276 54313
1276 68029
1276 22400
1276 40817
1276 94512
1276 100695
1276 120661
137740 88840
88840 965
965 92051
965 47993
92051 18132
18132 99935
99935 54313
99935 94512
54313 68029
54313 40817
54313 94512
68029 22510
68029 1274
22510 22400
22510 40817
22400 40817
40817 82825
82825 94512
94512 156834
156834 31429
31429 402
402 47993
47993 600
600 2363
2363 100695
100695 130484
130484 33141
33141 42375
42375 119084
119084 16623
16623 369303
369303 1274
1274 395745
395745 6971
6971 158251
6971 74135
158251 33448
33448 74135
74135 109349
74135 109352
74135 165378
109349 109352
109349 165378
109349 194483
109352 303053
109352 165378
303053 165378
303053 194483
165378 194483
194483 116683
116683 187852
187852 6942
6942 120661
120661 191046
