11805 14107
11805 2634
11805 8
11805 78
11805 463
14107 8399
14107 689
8399 103150
8399 2417
8399 689
103150 76008
103150 2417
103150 7437
76008 30509
76008 63520
76008 189334
76008 80702
76008 2670
30509 178288
30509 138
178288 63520
63520 37105
63520 189334
63520 2670
63520 138
37105 189334
189334 80702
80702 2417
80702 2670
80702 138
2417 322721
2417 2670
2417 136855
2417 8
2417 112165
2417 138
2417 73861
2417 169470
2417 50626
322721 2670
322721 138
2670 112862
2670 112165
2670 138
2670 93287
2670 6714
112862 82607
112862 75794
112862 28714
112862 29267
112862 2373
112862 28658
112862 41111
112862 138
75794 287642
75794 2373
287642 28714
28714 243783
28714 3189
28714 41111
28714 50685
28714 33133
243783 3189
243783 41111
3189 84244
3189 29267
3189 28658
3189 8
84244 29267
29267 2373
29267 41125
29267 28658
2373 41125
2373 28658
2373 13251
2373 511
2373 78
2373 66041
41125 28658
41125 511
41125 78
41125 463
28658 286300
286300 41111
41111 50685
50685 137730
50685 36742
137730 33133
33133 20733
20733 169041
169041 7436
7436 228191
7436 122991
7436 7437
228191 305428
228191 138
305428 324885
324885 112235
112235 322863
112235 112234
112235 4730
322863 112234
112234 4730
4730 315981
4730 315982
315981 315982
315981 212114
315982 212114
212114 56162
56162 2634
56162 1267
56162 8
56162 463
2634 436275
2634 194900
2634 30928
2634 55535
2634 63673
2634 73861
194900 1426
194900 1267
194900 138
1426 18570
1426 20680
1426 8157
1426 1317
18570 26954
18570 28755
18570 20680
26954 28755
26954 20680
28755 20680
20680 4679
20680 1267
4679 1267
1267 9714
1267 37019
1267 136855
1267 122991
1267 63673
1267 3963
9714 37019
9714 1317
37019 136855
136855 8
122991 8
122991 138
8 112165
8 30928
8 63673
8 511
8 444405
8 73861
8 31233
8 358107
8 6714
112165 30928
112165 138
112165 463
30928 138
30928 78
30928 463
138 55535
138 66041
138 358107
138 6714
55535 63673
55535 78
63673 13251
63673 511
63673 78
63673 24414
63673 463
13251 511
13251 78
511 246035
511 78
511 3609
246035 78
78 411808
78 444405
78 358107
78 3609
411808 24414
24414 444405
444405 86008
444405 463
86008 73861
73861 7437
7437 66041
66041 31233
31233 463
463 358107
463 3609
358107 93304
93304 160039
93304 93337
160039 93337
93337 93287
93287 93267
93267 6714
93267 6648
6714 6648
6648 208680
208680 22591
22591 36742
36742 13303
13303 16102
13303 94496
16102 94496
94496 8157
94496 689
8157 60853
60853 3609
3609 169470
169470 689
689 50626
50626 1317
1317 3963
