250620 3235
3235 101446
3235 295513
3235 235
3235 349797
101446 3164
3164 43070
3164 235
43070 43063
43063 3007
3007 295513
3007 220
295513 235
235 349797
349797 2055
2055 228419
2055 1247
2055 11396
2055 4
2055 816
2055 309395
2055 45322
2055 47159
2055 351684
2055 222110
228419 2634
228419 13328
228419 211
228419 220
2634 302035
2634 10468
2634 11850
2634 32725
2634 67517
2634 45322
2634 59910
2634 255796
2634 175805
302035 4642
302035 211
4642 46920
4642 11850
46920 94393
46920 1247
46920 4103
94393 69821
69821 16607
16607 127986
16607 1247
127986 10113
10113 13328
10113 81
13328 73233
73233 1816
1816 129252
129252 10468
10468 11850
10468 832
10468 5289
10468 365
10468 468
10468 211
10468 220
11850 28557
11850 32725
11850 832
11850 365
11850 468
11850 220
11850 6951
28557 32725
32725 40612
32725 832
32725 365
32725 220
40612 832
40612 105520
40612 5289
40612 365
40612 220
832 343121
832 81
832 52296
832 13581
832 5289
832 59910
832 175805
832 468
832 351684
832 220
343121 1247
343121 365
1247 9188
1247 47159
1247 351684
1247 222110
9188 81
81 52296
81 18882
81 39645
81 67517
81 13581
81 4
81 175805
81 468
81 211
52296 18882
52296 39645
18882 203024
18882 11396
203024 377284
377284 11396
11396 28951
11396 28962
11396 67517
28951 39645
28951 365
28951 468
39645 28962
39645 12844
39645 220
28962 67517
28962 12709
28962 220
67517 44272
44272 12844
44272 220
12844 13581
13581 4103
13581 4
13581 365
4103 79387
79387 4
4 114587
4 58763
4 752
4 816
4 211
114587 17386
17386 58763
58763 752
58763 211
752 16238
752 211
752 220
16238 816
16238 211
816 309395
816 211
816 220
816 6951
309395 37528
309395 211
309395 6951
37528 105520
37528 59896
37528 365
37528 220
105520 59896
105520 45322
105520 59910
105520 47159
105520 365
59896 45322
59896 59910
59896 47159
59896 365
45322 133845
133845 5289
5289 128113
5289 82826
5289 175805
5289 468
128113 31231
128113 59910
31231 70636
31231 59910
31231 47159
70636 59910
59910 47159
59910 365
47159 255796
47159 468
255796 82826
255796 365
82826 365
82826 220
365 175805
365 468
175805 468
175805 220
468 351684
468 220
351684 211
351684 220
211 235858
211 5692
211 220
235858 220
5692 12709
12709 108724
108724 220
220 294475
294475 42922
294475 6951
42922 334860
42922 38817
42922 222110
334860 38817
334860 16440
334860 6951
38817 118025
38817 122649
38817 153024
38817 6951
38817 16461
118025 122649
122649 16440
16440 258591
16440 270643
16440 109812
16440 307117
16440 200304
16440 283168
258591 270643
270643 28447
28447 109812
28447 4888
109812 4888
4888 153024
4888 6951
153024 307117
153024 6951
307117 30859
307117 16461
30859 200304
200304 6951
200304 16461
6951 222110
6951 283168
222110 16461
16461 283168
