392780 62741
392780 31949
392780 19956
62741 369794
62741 314792
62741 31949
369794 314792
369794 57507
369794 31949
369794 65552
369794 14093
369794 40277
369794 59007
369794 50361
314792 57507
314792 31949
314792 65552
314792 14093
314792 40277
57507 31949
57507 65552
57507 14093
57507 59007
57507 19572
31949 57480
31949 28147
31949 165944
31949 65552
31949 138606
31949 28080
31949 14093
31949 364966
31949 40283
31949 59007
31949 349638
31949 19572
31949 39142
57480 28147
57480 65552
57480 40283
57480 40277
28147 77548
28147 121801
28147 66279
77548 62561
77548 121801
77548 66279
62561 121801
62561 66279
62561 135111
121801 66279
66279 166613
66279 50361
166613 165944
165944 206201
165944 53368
165944 19956
206201 135111
135111 343861
343861 65552
65552 383238
65552 40283
65552 40277
65552 14625
65552 159552
65552 19572
383238 30231
30231 53368
30231 679
30231 138606
30231 39142
53368 1286
53368 2670
53368 1503
53368 206
1286 168666
1286 15451
1286 679
1286 2670
1286 1503
1286 1274
1286 206
1286 20077
168666 2025
168666 2670
168666 1503
168666 1274
168666 206
168666 8
168666 1959
168666 1896
2025 6572
2025 220
2025 206
2025 8
6572 183390
6572 220
6572 2670
6572 206
6572 221
6572 26961
183390 15451
183390 43
183390 2670
183390 1274
183390 206
183390 1896
15451 418870
15451 43
15451 2670
15451 3108
15451 1503
15451 399547
15451 206
15451 2689
15451 144753
418870 43
418870 220
418870 2670
418870 1503
418870 1274
418870 206
418870 8
43 46276
43 2670
43 3108
43 138606
43 26961
43 194106
43 44250
43 1896
43 17363
43 18754
46276 69568
46276 206
46276 2689
46276 1959
46276 1896
69568 24302
69568 220
69568 1896
24302 161160
24302 130891
24302 124289
161160 130891
130891 124289
124289 254254
254254 7960
7960 74580
74580 679
679 379446
679 1503
679 1959
679 44250
379446 220
220 421152
220 3108
220 1274
220 138606
220 26961
220 194106
220 44250
421152 2670
421152 1274
421152 206
2670 3108
2670 1503
2670 1274
2670 206
2670 111283
2670 2689
2670 221
2670 10573
2670 26961
2670 194106
2670 44250
2670 139461
3108 1503
3108 1274
3108 206
3108 8
3108 1959
3108 1896
1503 399547
1503 1274
1503 111283
1503 2689
1503 144753
1503 221
1503 194106
1503 44250
1503 64946
1503 1896
399547 1274
399547 206
399547 2689
1274 338083
1274 206
1274 111283
1274 2689
1274 144753
1274 221
1274 8
1274 26961
1274 44250
1274 64946
1274 18754
338083 206
338083 221
206 111283
206 2689
206 138606
206 125317
206 1959
206 26961
206 44250
206 64946
206 1896
206 181050
206 17363
206 18754
111283 2689
2689 144753
2689 44250
2689 18754
144753 221
221 368913
221 26961
368913 8
8 314581
8 10573
8 26961
8 194106
8 44250
8 18754
314581 28098
28098 138606
138606 61879
138606 28080
138606 14565
138606 14093
138606 50361
61879 53306
61879 77568
61879 28080
53306 77568
53306 28080
77568 28080
28080 64722
28080 14565
28080 125317
64722 14565
14565 125317
14565 14625
125317 14093
125317 40283
125317 19572
14093 364966
14093 40283
14093 301962
14093 159552
364966 40283
40283 40277
40283 59007
40283 301962
40277 59007
40277 301962
59007 301962
301962 14625
14625 159552
159552 19956
19956 349638
349638 19572
19572 39142
39142 83728
83728 50361
50361 302561
302561 64728
64728 120485
120485 1959
1959 10573
1959 26961
10573 26961
26961 2619
26961 768
2619 194106
194106 44250
194106 1896
44250 64946
44250 1896
64946 1896
1896 181050
181050 17363
17363 17361
17361 23398
23398 43018
43018 18754
18754 139461
18754 768
139461 768
768 166472
166472 20077
