379139 885
885 319391
885 13092
885 220
885 42916
885 1984
319391 18311
18311 50890
18311 70249
50890 54577
50890 15295
50890 220
54577 107434
107434 28546
28546 12755
12755 115942
12755 154496
12755 12814
12755 10016
12755 20626
12755 4646
12755 79979
12755 81214
115942 213
154496 11711
11711 37272
11711 20626
11711 79979
11711 13092
11711 9903
11711 220
11711 42908
11711 25408
37272 6577
6577 44859
44859 88319
88319 155280
155280 17665
17665 148073
17665 519
148073 12930
12930 57364
12930 12814
12930 26720
12930 39642
12930 11407
12930 9903
12930 213
57364 173091
57364 12927
57364 26720
57364 65891
57364 10016
57364 67504
57364 14856
57364 11407
173091 12927
173091 2177
12927 39648
12927 12944
12927 12814
12927 26720
12927 65891
12927 10016
12927 67504
12927 14856
12927 28982
12927 11332
12927 11407
12927 9903
12927 220
12927 42908
12927 519
39648 44294
39648 12814
39648 10016
39648 67504
39648 28867
39648 28982
39648 39642
39648 28984
39648 12895
39648 9903
44294 12944
44294 12814
44294 65891
44294 39642
44294 11332
44294 11407
44294 12895
44294 9903
44294 220
12944 52293
12944 12814
12944 39642
12944 11332
12944 9903
52293 12814
52293 10016
52293 28867
52293 12895
52293 9903
12814 26720
12814 28867
12814 28982
12814 39642
12814 11332
12814 11407
12814 12895
12814 9903
26720 65891
26720 10016
26720 14856
26720 28982
26720 11407
26720 9903
26720 213
65891 18098
65891 10016
65891 67504
65891 28867
65891 28982
65891 9903
18098 99551
18098 15295
18098 10016
18098 220
18098 51403
18098 42908
18098 32646
18098 42916
18098 519
99551 15295
99551 4712
99551 220
99551 4412
15295 70249
15295 14476
15295 220
15295 51403
15295 42908
15295 32646
15295 42916
15295 4412
15295 1984
15295 519
70249 50053
70249 14476
70249 213
50053 14476
14476 50466
14476 10016
14476 67504
14476 42916
14476 4412
50466 67427
50466 220
50466 213
67427 45600
45600 112944
112944 100547
100547 12716
100547 4712
100547 220
12716 146600
12716 12729
12716 24285
146600 12729
146600 220
12729 24285
12729 24328
24285 24328
24328 158056
158056 14495
158056 519
158056 213
14495 4712
4712 10016
4712 67504
4712 13092
4712 51403
4712 42908
4712 42916
4712 4412
4712 1984
4712 213
10016 67504
10016 28867
10016 14856
10016 28982
10016 11332
10016 11407
10016 9903
10016 42908
10016 213
67504 13785
67504 28867
67504 14856
67504 11332
67504 9903
67504 220
67504 4412
67504 81214
67504 519
67504 213
13785 53954
13785 220
13785 1984
53954 2177
2177 290522
2177 220
2177 42908
2177 1984
2177 519
290522 21971
21971 20626
20626 4646
20626 66218
20626 79979
20626 9903
4646 66218
4646 79979
4646 9903
66218 79979
79979 22247
79979 213
22247 40385
40385 28867
40385 9903
28867 14856
28867 28982
28867 39642
28867 11332
28867 11407
28867 12895
14856 28982
14856 11407
14856 9903
28982 136420
28982 11407
28982 12895
136420 39642
136420 11332
136420 12895
39642 11332
39642 11407
39642 12895
39642 9903
11332 28984
11332 11407
11332 9903
11332 213
28984 11407
28984 9903
11407 12895
11407 9903
12895 13092
12895 9903
13092 9903
13092 220
13092 42916
13092 4412
13092 1984
13092 519
9903 195833
195833 220
220 9868
220 51403
220 42908
220 32646
220 42916
220 110733
220 4412
220 1984
220 519
220 25408
9868 51403
51403 42908
51403 32646
51403 42916
51403 4412
51403 519
42908 32646
42908 42916
42908 4412
42908 519
32646 42916
32646 519
42916 110733
42916 4412
42916 24390
42916 519
110733 4412
4412 24390
4412 519
24390 1984
1984 519
81214 519
81214 213
519 91866
519 25408
519 91347
91866 6350
6350 25408
25408 24663
25408 213
24663 43507
24663 213
43507 213
213 91347
91347 43930
91347 14025
43930 14025
14025 178609
178609 21018
21018 49732
49732 53284
53284 20914
