175084 249
249 249721
249721 86931
86931 42
42 107986
42 133657
42 18538
42 36451
42 53738
42 43149
42 49145
42 741
42 818
107986 150377
150377 133657
150377 53785
133657 51126
51126 177354
177354 26619
26619 23241
26619 12307
26619 23898
23241 12307
23241 12436
12307 12307
12307 40132
12307 12436
40132 12436
40132 23898
40132 8
12436 449358
12436 23898
12436 8
449358 23898
23898 25455
23898 8
25455 1270
1270 18538
1270 979
18538 10414
18538 220
10414 104448
10414 220
104448 56521
56521 95114
95114 238095
95114 8
238095 5722
238095 8
238095 519
238095 15
238095 220
5722 36451
5722 8
36451 8
8 44177
8 203848
8 76405
8 53738
8 519
8 7815
8 146909
8 43149
8 36916
8 11936
8 49145
8 741
8 30336
8 818
44177 5982
44177 220
5982 203848
203848 222
203848 15
203848 220
203848 352
222 275879
222 220
275879 26755
275879 220
26755 48593
26755 39885
26755 76405
26755 36916
26755 220
48593 13809
13809 42170
13809 76405
13809 519
42170 39885
42170 220
39885 230906
39885 76405
39885 26371
230906 979
76405 26371
76405 519
76405 220
76405 352
26371 158992
158992 9791
158992 220
9791 341765
9791 383820
383820 53785
383820 9797
53785 192638
53785 142926
53785 177226
53785 25642
53785 143017
53785 119795
53785 53738
53785 226174
192638 149039
192638 53843
192638 79477
149039 147086
149039 93846
149039 142926
149039 25642
149039 53828
149039 53738
149039 93808
147086 93846
147086 177226
147086 407662
147086 25642
93846 142926
93846 407662
93846 25642
142926 177226
142926 25642
142926 53828
177226 104789
177226 93808
104789 407662
104789 25642
104789 53828
104789 53738
25642 143017
25642 53828
25642 119795
25642 93808
143017 53828
53828 119795
53828 53738
119795 53738
119795 979
53738 268751
53738 93808
53738 79477
53738 85070
93808 226174
93808 79477
226174 53843
226174 79477
53843 118588
53843 85070
118588 79477
79477 85070
79477 519
85070 519
85070 9797
85070 15
519 7815
519 49145
519 4407
519 220
7815 159805
159805 979
979 218186
979 432584
218186 9797
9797 146909
146909 46181
46181 32727
32727 19908
19908 436515
436515 15
15 432584
15 43149
15 36916
15 11936
15 56146
432584 43149
43149 47010
43149 36916
43149 11936
43149 49145
43149 4407
43149 220
47010 36916
47010 37789
47010 11936
47010 49145
47010 4407
47010 220
36916 37789
36916 11936
36916 4407
36916 220
37789 11936
37789 4407
11936 49145
11936 4407
11936 220
49145 4407
4407 220
220 78236
220 741
220 14176
220 30336
78236 31177
31177 16562
31177 352
31177 818
16562 56146
16562 741
16562 818
56146 39980
39980 741
741 14176
741 352
741 818
14176 30336
30336 352
30336 818
352 326086
352 818
352 76487
352 105956
326086 818
818 76487
76487 105956
