445108 34268
445108 34719
34268 339676
34268 271681
34268 39511
339676 19956
339676 35481
19956 380339
19956 4
19956 135622
19956 6930
380339 86393
380339 30230
380339 14577
86393 400793
86393 14564
86393 271681
400793 14564
400793 30230
400793 34719
14564 364119
14564 135622
14564 64831
364119 50361
364119 30230
50361 330889
50361 305911
50361 341606
50361 35216
50361 135622
50361 265960
330889 6968
330889 6969
6968 324050
6968 361809
6968 305911
6968 276840
6968 265960
6968 237014
6968 64831
6968 225168
6968 239874
6968 215225
361809 313638
305911 57882
305911 35481
305911 16440
57882 35481
57882 6969
57882 36823
57882 16440
35481 250978
35481 341606
35481 335710
35481 396678
341606 6969
6969 276840
6969 265960
6969 237014
6969 64831
6969 215225
276840 335710
276840 16440
335710 35216
35216 4830
35216 138
35216 16440
35216 225168
35216 50253
4830 17608
4830 306
17608 1337
17608 4
17608 6
1337 6527
1337 4
1337 306
1337 6
6527 4929
6527 306
6527 6
6527 138
4929 378186
378186 857
857 91951
857 79254
857 114445
857 38131
91951 79254
79254 9877
79254 5500
9877 6840
6840 81670
6840 73884
6840 9475
81670 48578
81670 18694
48578 18694
48578 5500
18694 2517
18694 9475
2517 43437
43437 5989
5989 44386
44386 4
4 230093
4 1106
4 306
4 6
4 1236
4 15541
4 138
4 30500
230093 1106
1106 199355
1106 306
1106 6
1106 138
199355 306
199355 6
306 235282
306 6
306 157841
306 138
235282 6
6 39425
6 15541
6 157841
6 136042
6 56205
6 6930
6 82360
39425 2044
2044 43205
43205 1236
1236 15541
15541 2091
2091 157841
2091 821
157841 817
817 114445
817 821
817 93355
114445 20458
114445 138
20458 251281
20458 2553
20458 73884
20458 56205
251281 2553
2553 49895
2553 5500
2553 138
49895 5500
49895 138
5500 136042
136042 138
138 394397
138 73884
138 14577
138 265960
138 237014
138 239874
138 27180
138 94964
73884 9475
9475 56205
56205 6343
6343 38131
38131 37163
38131 64831
37163 36823
37163 6930
36823 821
821 93355
821 676
93355 676
676 192131
192131 30230
30230 396678
30230 135622
396678 34719
34719 271681
34719 29494
271681 39511
39511 135622
135622 14577
14577 265960
265960 16440
265960 27180
237014 64831
237014 16440
237014 6930
64831 29494
64831 16440
29494 16440
16440 225168
16440 27180
16440 215225
16440 6930
225168 50253
50253 31045
31045 239874
239874 27180
27180 215225
27180 6930
215225 6930
6930 30500
30500 83331
30500 94964
30500 82360
83331 94964
83331 82360
94964 82360
