65188 83432
83432 187179
83432 2662
83432 301
187179 354
187179 677
187179 1834
354 141925
354 1881
354 89530
354 254651
354 1852
354 1279
354 42137
354 138580
354 220
354 308
141925 1881
141925 327
1881 246491
1881 89530
1881 750
1881 1852
1881 23649
1881 1279
1881 5193
1881 138580
246491 7533
7533 284314
7533 125354
7533 288405
7533 138580
7533 6969
284314 16452
16452 125354
16452 138580
125354 2662
125354 327
125354 301
2662 200446
2662 56357
2662 63141
2662 301
2662 5008
2662 156144
200446 677
677 210582
677 115839
677 82945
677 220
210582 94265
94265 56357
56357 63141
56357 9972
56357 301
63141 5888
63141 9972
63141 1852
63141 5193
5888 9972
9972 10862
9972 750
9972 153431
9972 1782
10862 4727
4727 6003
4727 220
6003 89530
6003 327
6003 37153
6003 3158
6003 220
6003 308
89530 11554
89530 327
89530 1852
89530 2194
89530 5193
89530 220
89530 308
11554 46276
11554 140499
11554 2194
46276 140499
46276 2194
140499 327
140499 2194
327 254651
327 37986
327 18540
327 6880
327 37153
327 2194
327 37640
327 42137
327 245933
254651 25451
254651 1852
254651 301
254651 3158
25451 37986
37986 1525
37986 750
37986 301
37986 220
1525 14772
14772 750
14772 2365
750 302093
750 1852
750 2194
750 42137
750 5008
750 1782
750 27658
750 3440
750 20692
302093 1852
1852 401262
1852 23649
1852 1279
1852 5193
1852 153431
1852 49125
1852 104053
1852 138580
1852 6374
1852 308
401262 23649
23649 1279
23649 1834
23649 220
23649 308
1279 284160
1279 220
284160 18540
284160 2194
284160 220
18540 6880
18540 2194
18540 301
6880 37153
6880 220
37153 2194
2194 37640
2194 301
37640 42137
37640 301
37640 308
42137 301
42137 220
42137 308
301 5639
301 5008
301 115839
301 5516
301 3440
301 50553
301 2365
5639 5008
5008 115839
5008 3440
115839 52305
52305 1834
1834 156144
1834 50218
156144 209871
156144 220
209871 5193
5193 153431
153431 49125
49125 104053
49125 220
104053 8835
8835 178035
8835 136621
8835 19571
8835 82945
8835 220
178035 96149
96149 288405
288405 33651
33651 136621
33651 19571
136621 19571
19571 82945
82945 50218
50218 138580
50218 220
138580 173735
138580 35481
173735 111318
111318 279238
279238 125186
279238 35481
35481 400184
400184 6969
6969 352494
352494 3158
3158 348226
3158 212932
348226 220
212932 5516
5516 424557
424557 240212
240212 207981
207981 1782
1782 27658
27658 3440
3440 50553
50553 28711
50553 11519
28711 11519
28711 138508
11519 68894
11519 157216
11519 145110
68894 157216
68894 145110
68894 138508
157216 145110
145110 138508
145110 2365
145110 220
138508 2365
2365 20692
20692 6374
6374 245933
245933 220
220 260433
220 308
260433 308
