4189 4191
4189 979
4189 352
4191 4139
4139 207238
207238 543
207238 1416
207238 88
207238 383
543 43
543 1416
543 383
543 1274
543 205
43 34406
43 19
43 298431
43 204101
43 174322
43 503
43 14070
34406 19
34406 1416
34406 88
34406 383
34406 1274
34406 205
34406 352
19 34860
19 88
19 298431
19 1941
19 77763
19 1274
19 20786
19 22575
34860 180620
180620 83544
83544 50245
50245 257620
257620 286968
286968 7590
286968 7569
7590 203021
7590 262095
7590 237135
7590 383
7590 1274
7590 205
7590 14070
203021 262148
262148 262095
262095 7569
262095 1274
7569 237135
237135 1416
1416 413168
1416 298431
1416 59144
1416 54143
1416 90589
413168 2350
2350 374895
2350 979
2350 352
2350 110218
374895 979
374895 352
979 160407
979 77763
979 77777
979 12462
979 191214
160407 407532
407532 88
407532 352
407532 503
88 338331
88 202158
88 298431
88 12462
88 20786
88 252059
338331 13878
13878 202158
202158 335
202158 383
202158 1274
202158 205
335 72673
335 298431
335 1941
335 12462
335 383
335 104857
335 22575
335 14070
335 189475
72673 61657
72673 19913
61657 372632
372632 28068
372632 352
28068 408192
28068 29916
28068 23510
408192 29916
29916 23510
23510 298431
298431 1941
298431 383
298431 1274
298431 205
298431 352
298431 503
1941 77763
1941 383
1941 1274
1941 104857
1941 352
1941 503
77763 77777
77763 3609
77763 352
77777 3609
3609 59144
59144 20697
20697 111879
111879 12462
111879 12268
111879 1274
12462 12268
12268 204101
12268 383
204101 46682
204101 383
204101 20139
204101 1274
204101 205
46682 201887
46682 154999
46682 131996
201887 383
383 154999
383 1274
383 205
383 104857
383 20786
383 252059
383 503
383 54143
383 14070
383 167072
383 113014
154999 20139
20139 131996
131996 1274
131996 205
1274 174322
1274 104857
1274 22575
1274 191214
1274 352
1274 252059
1274 503
1274 14070
174322 205
174322 352
174322 503
205 104857
205 252059
205 503
205 14070
104857 26752
104857 503
26752 20786
20786 22575
20786 352
22575 1618
1618 191214
191214 127796
127796 40000
40000 352
352 252059
352 503
352 19875
352 15004
252059 503
503 110218
503 19875
110218 218417
218417 154556
154556 88188
88188 95394
95394 8205
8205 7366
7366 19875
19875 15004
15004 94786
94786 54143
54143 4894
54143 19913
4894 20905
4894 31771
4894 90589
4894 34977
20905 31771
20905 233586
20905 113014
31771 19913
31771 34977
233586 130840
233586 19913
233586 34977
130840 90589
90589 34282
34282 376325
376325 19913
19913 321568
19913 167072
19913 113014
321568 14070
14070 167072
14070 118451
167072 34977
34977 370507
34977 113014
370507 102115
102115 118451
102115 146632
102115 113014
118451 146632
146632 113014
113014 189475
