262776 68702
68702 101802
101802 138
101802 383
138 136155
138 184099
138 55988
138 20236
138 5100
138 26
138 428874
138 548
138 15768
138 71834
138 369106
138 19989
138 33759
138 8884
138 56381
138 72039
138 182857
138 1274
138 36544
138 30869
138 6958
136155 112960
136155 26753
112960 260842
260842 163595
163595 69779
69779 135148
135148 154758
135148 118298
154758 78289
154758 26753
154758 154752
78289 72258
78289 68101
78289 69687
78289 26753
68101 69687
68101 78014
68101 89
69687 78014
78014 68083
68083 69680
68083 26
69680 160689
69680 26753
69680 206
69680 1274
160689 26753
26753 184099
26753 383
184099 118298
184099 4304
184099 383
184099 1274
118298 68093
68093 154752
154752 89
89 55988
89 1651
89 5100
89 1274
89 36544
55988 3141
55988 6
3141 1014
1014 135181
1014 98483
1014 6958
135181 1651
1651 193901
193901 1317
1317 162584
1317 26
162584 4304
162584 6
4304 8379
4304 2161
4304 26
4304 6
4304 206
8379 2161
8379 6
8379 206
2161 200956
200956 326
326 20236
20236 140034
20236 6
140034 47089
47089 126631
47089 123028
126631 123028
123028 106079
106079 22745
22745 20726
20726 5100
5100 91918
5100 26
5100 206
91918 206
26 76193
26 98989
26 6
26 548
26 206
26 383
26 1274
26 38813
76193 98989
98989 4016
4016 6616
6616 6
6 428874
6 15768
6 36544
6 17441
428874 548
428874 206
428874 383
428874 1274
548 114230
548 206
548 71834
548 1274
114230 2481
2481 15768
15768 206
15768 383
206 71834
206 383
206 33759
206 8884
206 123591
206 56381
206 182857
206 1274
206 36544
206 6958
206 106621
71834 383
71834 1274
383 369106
383 16440
383 19989
383 123591
383 8602
383 72039
383 182857
383 1274
383 36544
383 39398
383 6958
369106 16440
16440 291656
16440 98483
16440 30869
16440 41972
16440 6958
291656 28516
28516 209280
28516 4819
28516 98483
209280 19989
19989 258206
19989 33759
19989 8884
19989 8602
19989 266640
19989 302507
19989 74863
19989 273690
19989 18391
19989 72039
258206 33759
258206 8602
33759 8884
33759 123591
33759 8602
33759 56381
8884 123591
8884 8602
8884 1274
123591 8602
123591 123578
8602 266640
8602 72039
8602 182857
266640 56381
56381 302507
56381 273690
56381 72039
56381 1274
302507 74863
74863 273690
273690 123578
123578 18391
18391 72039
18391 6958
72039 182857
182857 1274
1274 36544
1274 41972
1274 6958
36544 17441
17441 25452
25452 871
871 38813
38813 4819
4819 98483
4819 41972
4819 6958
98483 30869
30869 41972
30869 39398
30869 6958
41972 39398
41972 6958
39398 272783
39398 6958
272783 6958
6958 106621
106621 30843
30843 28540
28540 40777
40777 247856
