426260 1
1 261362
1 96827
1 75370
1 19913
1 6929
261362 168211
168211 96827
96827 9600
9600 19220
9600 1062
19220 219820
219820 14201
14201 180703
180703 10896
10896 194058
10896 11337
194058 39433
39433 31333
31333 41703
31333 254154
31333 64036
31333 11925
41703 254154
254154 64036
64036 11925
11925 70124
11925 383
70124 84081
70124 29180
70124 383
84081 12931
12931 111439
12931 11337
12931 1276
12931 1062
12931 383
111439 11337
111439 383
11337 29180
11337 1062
11337 383
29180 341496
341496 1276
341496 1062
1276 375744
1276 1062
1276 37528
375744 1062
1062 283215
1062 97180
1062 383
1062 219209
1062 16456
1062 58566
1062 153316
1062 233796
1062 33721
1062 80610
283215 241415
283215 75370
241415 321621
241415 75370
321621 75370
321621 67774
321621 149210
75370 145712
75370 172200
75370 95927
75370 317730
75370 97180
145712 88579
145712 95905
145712 88572
145712 89011
145712 68278
88579 438270
88579 95905
88579 88572
88579 397467
88579 36571
88579 447883
88579 172200
88579 117153
88579 317730
88579 89011
88579 329609
88579 79648
438270 95905
95905 327472
95905 67774
95905 263107
95905 321387
95905 317730
95905 89011
95905 329609
95905 79648
327472 88572
327472 79648
88572 397467
88572 198061
88572 57543
88572 172200
88572 67774
88572 263107
88572 321387
88572 317730
88572 89011
88572 68278
88572 383
397467 36571
397467 67774
397467 89011
397467 68278
397467 79648
36571 447883
36571 79648
36571 97180
447883 136920
447883 68278
136920 198061
198061 335115
198061 89011
198061 79648
198061 383
335115 57543
57543 172200
57543 322545
57543 321387
172200 2781
2781 151542
151542 67774
67774 263107
67774 321387
67774 206096
67774 97180
67774 260918
263107 149210
263107 89011
149210 322545
149210 321387
149210 95927
149210 317730
149210 89011
149210 68278
322545 117153
321387 30799
321387 68278
30799 383712
30799 68278
30799 97180
383712 95927
383712 68278
95927 317730
95927 97180
317730 89011
317730 79648
89011 329609
89011 79648
329609 68278
68278 284466
68278 206096
68278 97180
284466 79648
79648 206096
206096 97180
97180 260918
97180 383
260918 383
383 68780
383 6958
383 147819
383 233796
383 33721
383 80610
68780 302398
68780 16456
302398 6958
302398 6929
6958 7550
6958 415116
6958 219209
6958 161875
6958 16456
6958 58566
7550 415116
7550 219209
7550 161875
7550 16456
7550 147819
7550 14574
7550 14587
7550 58566
7550 71701
7550 64655
415116 37528
37528 103091
37528 153316
103091 19913
103091 6929
19913 219209
19913 35374
19913 153316
19913 104046
19913 29225
19913 233796
19913 33721
219209 16441
219209 16456
219209 58582
16441 161875
161875 16456
161875 14587
16456 147819
16456 58582
16456 58566
147819 58582
58582 98658
58582 62147
58582 14587
58582 64655
98658 14574
98658 14587
14574 62147
14574 14587
62147 14587
62147 64655
14587 58566
58566 71701
58566 6929
71701 64655
71701 6929
64655 47828
47828 35374
47828 233796
47828 193629
35374 37489
37489 153316
37489 233796
37489 80610
153316 6929
6929 104046
104046 29225
29225 233796
233796 33721
33721 326013
326013 80610
80610 193629
