443836 1
1 426583
1 168593
1 310
168593 2994
2994 62548
2994 11850
2994 173117
2994 164786
2994 17188
62548 171790
62548 1503
62548 220
171790 212510
171790 42911
171790 220
212510 42911
212510 1503
212510 220
42911 69586
69586 94094
69586 95381
69586 1276
94094 1503
94094 383
95381 348487
95381 2060
95381 383
348487 2060
348487 8942
348487 4821
348487 1503
348487 383
348487 1996
348487 310
2060 247364
247364 8942
247364 383
8942 200289
8942 173117
8942 1503
8942 383
8942 158997
200289 166774
200289 383
200289 7428
200289 6958
200289 28516
200289 310
166774 11850
166774 1276
11850 200595
11850 4642
11850 173117
11850 11884
11850 7428
11850 1276
11850 220
11850 433654
200595 22829
200595 220
22829 37310
37310 225733
225733 225734
225734 45144
225734 310
45144 254363
254363 180780
180780 101745
101745 4642
101745 7428
101745 1276
101745 1996
101745 310
4642 173117
4642 7428
4642 289601
173117 11884
173117 4821
173117 4259
173117 1503
173117 383
173117 7428
173117 1276
173117 220
11884 54277
11884 1276
54277 29165
54277 196444
54277 164786
54277 44406
29165 196444
29165 164786
29165 44406
29165 80518
29165 195086
196444 164786
196444 44406
164786 44406
164786 1276
164786 1996
44406 36005
44406 80518
44406 4821
44406 1276
36005 80518
36005 383
80518 195086
80518 220
195086 4821
4821 105761
4821 7533
4821 4259
4821 1503
4821 1276
4821 210613
105761 222557
105761 64908
105761 7533
105761 4259
105761 383
222557 48164
48164 64908
64908 443286
64908 383
64908 310
443286 7533
7533 83754
7533 289601
7533 56610
7533 14577
7533 40549
7533 21027
7533 301905
7533 48183
7533 294477
7533 85044
83754 4259
83754 1503
83754 383
4259 453167
4259 14577
4259 6958
453167 1503
1503 310663
1503 158997
1503 7428
1503 210613
1503 14577
1503 72924
310663 383
383 158997
383 149057
383 7428
383 210613
383 14577
383 6958
383 72924
158997 149057
158997 142901
149057 53846
149057 69476
149057 53742
53846 69476
53846 53742
53846 142901
69476 53742
53742 142901
142901 229256
229256 10875
10875 20179
20179 92309
92309 7428
7428 289601
7428 1276
7428 1996
289601 1276
289601 6958
1276 17188
1276 433654
1276 210613
17188 220
220 433654
433654 1996
1996 210613
1996 56610
1996 250937
56610 90582
90582 28163
28163 14577
14577 40549
14577 249805
14577 72924
40549 21027
21027 301905
21027 48183
301905 111681
111681 249805
111681 36062
111681 252333
111681 328815
111681 35062
249805 329820
249805 36062
249805 35062
329820 160221
160221 328587
160221 36062
328587 36062
328587 35062
328587 48183
36062 252333
36062 328815
36062 48183
252333 61118
61118 189665
61118 48183
189665 328815
328815 35062
328815 48183
35062 361047
35062 48183
361047 48183
48183 294477
294477 85044
85044 6958
6958 156427
156427 28516
156427 310
28516 250937
250937 16358
16358 72924
72924 310
310 382316
