103706 23692
23692 147978
147978 34081
147978 12466
147978 12498
34081 12466
34081 12498
12466 322059
12466 12498
322059 12498
12498 69609
69609 143527
69609 59000
69609 6166
143527 59000
143527 95855
59000 95855
95855 108931
108931 51357
108931 32237
108931 3369
108931 1896
51357 32237
32237 51359
51359 1503
51359 81
51359 331
51359 1896
1503 148042
1503 352
1503 2350
1503 278768
1503 6871
1503 36155
1503 5972
1503 1160
1503 30089
1503 184218
1503 316926
1503 18067
1503 28237
1503 378545
1503 331
1503 118772
1503 1896
1503 2071
1503 19699
1503 123069
1503 375158
148042 44476
44476 352
352 411451
352 2353
352 2350
352 278768
352 6871
352 36155
352 3798
352 30089
352 274421
352 316927
352 316926
352 18067
352 1896
352 40746
352 408
352 4204
352 7053
352 19699
411451 2353
411451 2350
2353 423097
2353 2350
2353 278768
2353 198301
2353 150740
2353 3369
2353 174208
2353 141689
2353 7956
2353 90848
2353 4204
423097 2350
2350 278768
2350 150740
2350 3369
2350 174208
2350 141689
2350 7956
2350 90848
278768 11668
278768 6166
278768 408
11668 6871
11668 408
6871 36155
6871 331
36155 18660
36155 408
18660 5972
18660 1896
5972 81
5972 331
81 1160
81 62790
81 3798
81 378545
81 6940
81 408
81 7053
1160 62790
1160 3847
1160 2071
62790 252380
62790 3798
62790 408
252380 3798
3798 30089
3798 408
30089 6166
30089 408
6166 184218
6166 274421
6166 316927
184218 7698
7698 274421
316927 316926
316927 198301
198301 14506
198301 331
198301 408
14506 126717
126717 150740
150740 18067
150740 408
18067 28237
18067 408
28237 378545
378545 6940
6940 164949
6940 31337
164949 31337
164949 4886
31337 355345
31337 40323
355345 40319
40319 34301
40319 4886
40319 40298
34301 69716
34301 4886
34301 40323
34301 40298
69716 63129
63129 100996
100996 112853
112853 4886
4886 77755
4886 40323
4886 40298
4886 342880
77755 40323
77755 40298
40323 310773
40323 40298
40323 342880
310773 78809
310773 40298
78809 362320
362320 40298
40298 342880
342880 331
331 262625
331 172262
331 236840
262625 3369
3369 425210
3369 1896
425210 105691
105691 73711
73711 595
595 5163
595 13501
5163 172262
172262 13501
13501 113078
113078 66910
66910 174208
174208 118772
118772 141689
141689 7956
7956 105329
105329 1896
1896 236840
236840 71004
71004 90848
71004 21915
71004 2071
90848 14952
14952 21915
21915 26061
21915 2071
26061 3847
26061 2071
3847 121921
3847 408
121921 2071
2071 40746
40746 408
408 4204
408 19699
408 123069
408 375158
4204 7053
7053 19699
19699 123069
