119892 28503
28503 36219
36219 211577
36219 206
36219 1274
211577 36115
211577 206
36115 177481
36115 206
36115 1274
177481 167243
167243 61221
167243 20130
167243 22735
167243 23680
167243 44134
167243 22781
167243 206
61221 20130
61221 61203
61221 250426
61221 20259
20130 61203
20130 42675
20130 23680
20130 20259
20130 22781
61203 76855
61203 23680
61203 20259
61203 22781
61203 1274
76855 22735
76855 22781
76855 11790
22735 42675
22735 23680
22735 22781
22735 11790
42675 42688
42688 23680
23680 250426
23680 178577
23680 91128
23680 167232
23680 85570
23680 44134
23680 123027
23680 98731
23680 22781
23680 68616
23680 68579
250426 142462
250426 123027
250426 22781
142462 20259
20259 178577
20259 22781
178577 68578
178577 44134
178577 22781
178577 206
68578 100865
68578 104508
68578 98731
100865 91128
91128 91113
91128 22781
91113 104508
91113 141108
91113 22781
91113 46751
104508 167232
104508 22781
167232 108254
167232 123027
167232 22781
108254 85570
85570 44134
85570 22781
44134 141108
44134 123027
44134 1274
141108 123027
141108 22781
141108 206
123027 98731
123027 22781
98731 22781
22781 400500
22781 46751
22781 68465
22781 68616
400500 21714
21714 46751
46751 44147
46751 68407
46751 68465
46751 11790
44147 68407
44147 68465
68407 68465
68465 11790
11790 68616
11790 206
68616 89327
68616 68607
68616 37323
89327 68607
37323 68579
68579 38610
38610 348625
348625 175879
175879 330988
330988 1357
1357 15260
1357 46347
15260 25
15260 206
15260 211
25 1522
25 1106
1522 1106
1106 124605
1106 206
124605 206
124605 211
124605 1274
206 215662
206 408
206 84010
206 46347
206 13620
206 5427
206 1274
206 218707
206 2671
215662 10445
215662 3549
215662 1274
10445 356611
10445 3549
356611 7437
7437 205862
7437 175228
7437 8297
7437 179955
175228 191879
191879 408
191879 3549
408 38790
408 3549
408 73079
408 122145
408 8297
408 83099
408 211
408 84287
408 179955
38790 133567
38790 3549
133567 26723
26723 1371
1371 46486
1371 3549
46486 186024
186024 3549
3549 73079
3549 133005
3549 26159
3549 122145
3549 8297
3549 5427
3549 179955
73079 15794
15794 133005
133005 26159
26159 2160
2160 122145
2160 13416
122145 8297
8297 83099
8297 211
8297 326
83099 10697
10697 34599
34599 200203
34599 84010
200203 84010
84010 67821
67821 13416
13416 15387
15387 46347
46347 18662
46347 1274
18662 21113
18662 211
21113 3326
3326 338014
338014 13620
13620 5427
5427 134527
134527 211
211 84287
211 326
211 1274
84287 326
326 179955
179955 1274
1274 218707
1274 2671
218707 2671
