305946 305945
305945 2880
2880 358636
358636 15
358636 3235
15 58291
15 37384
15 214027
15 1941
15 231575
15 5193
15 63951
15 10872
15 1357
15 1186
15 166137
15 4821
15 194577
58291 9460
58291 301
58291 131243
9460 9896
9896 8323
9896 1503
9896 1357
9896 407
8323 6101
6101 6138
6101 1503
6138 25981
6138 12728
6138 216
6138 9770
25981 6019
6019 92693
6019 37384
6019 70282
6019 47421
6019 214027
6019 57590
6019 5245
6019 88
6019 301
92693 37384
92693 13878
92693 349
92693 5245
92693 1881
92693 88
92693 463
37384 13878
37384 349
37384 5245
37384 1881
37384 88
37384 301
37384 463
13878 310168
13878 131243
310168 349
349 70282
349 12728
349 93907
349 1881
349 27214
349 199551
349 86283
349 63951
349 157206
349 169752
70282 80138
70282 4821
80138 73623
80138 27214
80138 301
73623 12728
73623 47421
73623 1357
73623 34753
12728 203020
12728 57590
12728 1881
12728 27214
12728 310
12728 7937
203020 47421
203020 4821
47421 214027
47421 216
47421 1357
47421 4821
214027 216
216 93907
216 5245
216 228627
216 5193
216 173457
216 463
216 4821
93907 5916
93907 5245
93907 301
5916 9770
5916 1357
5916 1186
9770 57590
9770 1357
9770 34753
57590 110137
57590 1357
57590 1186
57590 34753
110137 50572
50572 68677
50572 46544
68677 46544
46544 324359
46544 1941
46544 301
324359 1941
1941 138801
1941 1881
1941 800
1941 301
138801 5245
138801 88
5245 231575
5245 1881
5245 5193
5245 88
5245 169752
231575 1881
231575 88
1881 22267
1881 5193
1881 27214
1881 88
1881 86283
1881 251772
1881 169752
22267 22268
22267 407
22268 56636
56636 29372
56636 8381
56636 1503
56636 7937
56636 407
29372 8381
29372 1503
8381 61780
8381 407
61780 19174
19174 228627
19174 1503
228627 5193
228627 88
228627 1503
228627 301
228627 463
5193 294445
5193 88
5193 1503
5193 184980
5193 169752
5193 166137
5193 463
5193 35604
294445 105178
294445 27214
294445 1503
27214 199551
27214 88
27214 407
199551 199550
199551 199552
199551 41928
199551 88
199550 199552
199550 310
199552 330500
330500 41928
41928 105539
41928 61616
105539 61616
61616 310
310 430823
430823 88
88 405433
88 184980
88 18193
88 463
88 194577
405433 1503
1503 184980
1503 86283
1503 81053
1503 18193
1503 10872
1503 301
1503 166137
1503 4821
1503 194577
1503 7937
1503 146317
184980 86283
184980 7937
86283 95746
86283 301
86283 463
95746 195382
195382 173457
195382 301
173457 3235
173457 301
3235 422354
422354 800
422354 4821
800 63951
157206 11096
157206 407
11096 81053
11096 301
81053 18193
81053 301
18193 211487
211487 10872
10872 89292
89292 301
301 251772
301 166137
251772 1357
251772 1186
1357 169752
1357 150158
1357 1186
169752 44258
169752 463
44258 150158
44258 173379
150158 173379
150158 1186
173379 1186
1186 34755
34755 34753
34753 131243
131243 166137
166137 463
463 35604
35604 4821
4821 194577
194577 7937
7937 146317
7937 51215
146317 51215
51215 407
