395221 174178
395221 11895
11895 246359
11895 284133
11895 147660
246359 103551
246359 217896
246359 220
246359 1247
246359 15451
246359 519
246359 3604
103551 217896
103551 677
103551 220
103551 519
103551 352
217896 677
677 31404
677 20631
677 15995
677 42587
677 11044
677 220
677 284133
677 4704
677 50922
677 35214
677 35216
677 519
677 27766
677 3604
677 3393
677 204983
677 18917
677 203746
677 352
677 7921
31404 20631
31404 15995
20631 15995
15995 42587
15995 352
42587 11044
42587 352
11044 153002
11044 39433
11044 203746
11044 352
153002 39433
39433 230785
230785 220
230785 352
220 284133
220 35216
220 220643
220 147660
220 519
220 27766
220 3604
220 126601
220 523
220 426438
284133 4704
4704 50922
4704 519
50922 35214
50922 519
35214 2397
35214 519
2397 20733
20733 256008
20733 196580
256008 44736
44736 454027
44736 196580
454027 41092
41092 196580
196580 188906
188906 143023
143023 143026
143026 200938
200938 25646
200938 1247
200938 15451
25646 118099
25646 119770
118099 119770
118099 1247
118099 15451
119770 62922
62922 1247
62922 519
1247 345067
1247 15451
1247 14602
345067 35216
345067 16460
35216 91086
35216 519
35216 3604
35216 16460
91086 118703
91086 519
91086 193761
91086 16460
118703 154986
154986 30975
154986 16783
30975 33446
33446 28507
33446 193761
28507 2586
28507 16460
2586 47115
47115 110910
110910 2988
2988 220643
2988 15451
220643 15451
15451 139493
15451 426438
15451 184803
15451 117585
139493 138285
138285 77410
77410 10959
10959 6496
6496 147660
147660 519
519 27766
519 3604
27766 3604
27766 431
3604 126601
126601 523
523 63722
63722 171847
63722 3393
3393 204983
3393 18917
3393 352
3393 7921
204983 10647
204983 352
204983 7921
10647 221922
10647 203746
10647 7921
221922 18917
221922 7921
18917 203746
18917 352
203746 352
203746 7921
352 239033
352 7921
352 204052
239033 7921
7921 204052
204052 431
431 426438
426438 14602
14602 184803
14602 16783
184803 16783
16783 261526
16783 126189
16783 342054
16783 117585
261526 41440
41440 118253
41440 126189
118253 266653
118253 126189
118253 31292
266653 193761
193761 65503
65503 16460
16460 107909
107909 126189
126189 31292
31292 342054
342054 34800
34800 110700
34800 117585
34800 259240
34800 35582
110700 117585
117585 259240
117585 14623
117585 35569
117585 35582
117585 145366
259240 14623
259240 35582
14623 141502
14623 35569
14623 44087
141502 35569
141502 44087
35569 44087
44087 35582
35582 145366
35582 64828
145366 64828
