234921 12266
234921 8
12266 47599
12266 215397
12266 140465
215397 61849
215397 8
215397 317
61849 6405
6405 288678
6405 8
288678 327
288678 8
327 243262
327 8
327 16160
327 291461
327 9206
327 264104
327 77336
243262 8
243262 317
8 267645
8 1309
8 6253
8 4821
8 54631
8 93225
8 30578
8 77333
267645 1764
267645 2689
267645 317
267645 4821
1764 176539
1764 6253
1764 13670
176539 11004
176539 2689
11004 2689
2689 132871
2689 396
132871 410681
132871 317
410681 241232
241232 241233
241232 317
241233 317
317 9660
317 356222
317 83854
317 151755
317 49489
317 344841
317 16160
317 77336
9660 1309
1309 10801
10801 991
991 27097
991 6253
27097 1692
27097 4821
1692 2124
2124 6253
6253 13670
13670 1663
1663 356222
356222 4821
4821 54631
4821 57124
4821 202191
54631 83854
54631 76591
54631 29876
83854 49622
83854 29876
49622 151755
49622 49525
49622 16118
49622 29876
151755 49525
49525 49489
49525 29876
49489 77026
49489 29876
77026 34391
34391 55188
55188 44111
44111 76591
16118 29876
16118 32353
29876 32353
32353 7228
7228 344841
7228 57124
344841 93230
344841 13503
344841 396
93230 93225
93230 396
93225 13503
93225 396
13503 58218
58218 64726
58218 396
64726 140465
140465 168004
168004 174261
174261 125325
125325 39187
39187 92126
39187 4878
92126 57122
57122 361047
57122 62212
57122 44036
361047 34719
34719 347926
34719 62212
347926 39524
39524 62212
62212 44036
44036 116785
44036 135763
44036 315024
44036 58048
44036 396
116785 135763
135763 315024
315024 8721
315024 396
8721 19556
19556 4878
4878 99027
99027 127006
99027 396
127006 127000
127006 109174
127000 109174
109174 9008
9008 57124
57124 58048
58048 145597
145597 8925
145597 396
8925 167427
8925 74997
8925 10812
8925 124020
8925 128997
8925 125163
8925 202191
167427 65075
65075 74997
65075 10812
74997 10812
10812 124020
124020 128997
128997 125163
125163 202191
202191 396
396 162997
396 77333
396 16160
396 9206
396 264104
162997 30578
30578 77333
30578 264104
77333 16160
16160 291461
16160 9206
16160 264104
16160 77336
291461 31929
31929 9206
9206 264104
9206 77336
264104 77336
77336 6710
