102399 14075
14075 60645
14075 176095
14075 173773
14075 206
60645 176095
60645 7550
176095 36415
36415 229268
36415 206
36415 213
36415 1062
36415 1988
229268 95028
229268 272091
229268 71041
229268 30725
95028 272091
95028 71041
272091 71041
71041 72726
72726 243480
243480 413078
413078 114037
114037 35597
114037 57135
114037 8732
114037 1062
35597 169125
35597 57135
35597 308100
35597 35510
169125 57135
57135 308100
308100 206
308100 1062
35510 8732
35510 15
35510 1062
8732 288374
8732 7550
8732 30725
288374 29230
288374 15
29230 173773
29230 7550
29230 206
29230 213
29230 1062
173773 7550
173773 206
173773 8
7550 30725
30725 74226
30725 206
30725 213
30725 1062
30725 1988
74226 78
74226 206
74226 213
74226 15
74226 1062
74226 8
74226 1988
78 155734
78 206
78 378726
78 59784
78 172315
78 1062
78 1988
78 77368
78 11876
155734 206
155734 15
155734 1988
206 378726
206 59784
206 213
206 1062
206 143165
206 1988
206 77368
206 30578
206 121569
206 46528
206 66525
206 113500
378726 19881
378726 8
19881 214139
214139 55205
214139 8
55205 75797
55205 61287
75797 61287
61287 252774
61287 164436
164436 88464
88464 95706
95706 356
95706 15
356 27169
356 59784
356 172315
356 365398
356 1988
27169 27167
27167 27168
27167 330
27168 59784
59784 330
59784 213
59784 15
59784 8
59784 1988
330 172315
172315 213
172315 15
172315 1062
172315 8
172315 1988
213 365398
213 143165
213 134097
213 77368
213 30578
213 1574
213 121569
213 46528
213 178589
213 113500
365398 15
15 148975
15 1062
15 143165
15 134097
15 1988
15 77368
15 1574
15 147336
148975 26086
148975 21863
26086 84828
84828 1062
84828 1988
1062 143165
1062 8
1062 1988
1062 77368
1062 30578
1062 359940
1062 31618
1062 119119
1062 121569
143165 8
8 239116
8 134097
8 1988
8 30578
8 121569
8 88584
8 147336
239116 192044
192044 204032
204032 262335
204032 411687
262335 411687
411687 134097
134097 1618
1618 21863
21863 32590
32590 1988
1988 77368
1988 11876
77368 30578
77368 1574
30578 316763
30578 1574
316763 1574
1574 359940
1574 979
359940 75872
75872 222808
222808 48643
48643 31618
31618 7713
7713 119119
119119 11876
11876 46967
46967 217976
217976 121569
121569 20309
20309 44125
44125 82463
82463 76386
76386 979
76386 147336
76386 46907
76386 22779
979 88584
88584 38644
88584 66525
88584 22779
38644 46528
38644 73343
38644 22779
46528 178589
46528 73343
46528 94784
46528 113500
46528 22779
46528 22785
178589 73343
178589 66525
178589 22779
73343 147336
73343 66525
73343 94784
73343 46907
73343 113500
147336 66525
147336 22779
66525 94784
66525 113500
66525 22779
94784 46907
46907 113500
46907 22779
113500 22779
22779 3757
22779 22785
3757 9430
9430 22785
22785 46735
22785 38571
46735 38571
