168642 131298
131298 463
131298 1503
131298 2347
131298 1881
463 93688
463 88
463 250943
463 186280
463 18875
463 7752
93688 21731
93688 1503
93688 88
93688 1881
93688 2055
93688 4336
93688 2417
21731 408703
21731 1503
21731 316
21731 2417
21731 118658
408703 15550
408703 2055
15550 140441
15550 2417
140441 1503
1503 12490
1503 12318
1503 114403
1503 18523
1503 115425
1503 214262
1503 342703
1503 71
1503 166180
1503 18875
1503 7752
1503 187394
1503 2417
1503 91896
1503 19076
1503 118658
1503 31101
1503 41869
12490 114484
114484 75478
114484 12318
75478 12318
12318 114403
114403 131496
131496 50
50 4322
50 316
50 74884
50 142
50 3335
4322 159809
4322 88
4322 4336
4322 18875
4322 10458
4322 126464
159809 88
88 139004
88 18523
88 2347
88 214262
88 179510
88 112273
88 250943
88 1881
88 296630
88 4336
88 18875
88 10458
88 57654
88 13889
88 4635
139004 316
316 30101
316 3335
316 2055
316 10458
316 2723
30101 1063
1063 74884
1063 142
74884 1692
1692 142
142 18523
18523 3335
18523 71
18523 2055
18523 2417
3335 504
3335 71
504 115425
504 91606
115425 2347
2347 410829
2347 6395
2347 608
2347 65923
2347 4635
410829 122493
410829 89011
410829 95917
410829 67774
122493 421075
122493 67774
421075 79653
421075 67774
79653 89011
79653 95917
89011 166108
89011 95917
166108 95917
166108 67774
95917 215577
215577 214262
215577 3847
214262 67774
67774 179510
67774 112273
67774 342703
179510 177805
179510 2055
177805 146614
146614 260638
260638 112273
112273 226045
226045 342703
342703 3847
342703 2055
3847 296166
3847 71
3847 2417
296166 71
71 166180
71 186280
71 2055
71 2417
71 7271
166180 6395
166180 2055
166180 2417
6395 250943
6395 1881
6395 2055
250943 1881
250943 4336
1881 186280
1881 296630
1881 4336
1881 4635
186280 2055
2055 296630
2055 2417
296630 4336
4336 40595
4336 18875
4336 10458
4336 608
40595 18875
18875 10458
18875 7752
10458 7752
10458 126464
7752 57654
57654 126464
57654 13889
126464 3278
3278 60533
60533 61686
61686 4527
4527 16641
16641 31436
31436 2041
2041 187394
2041 41869
2041 4635
187394 2417
2417 608
608 4404
4404 14807
14807 13889
13889 83277
83277 206559
206559 91896
91896 19076
19076 65923
65923 18365
18365 46092
46092 159454
159454 118658
118658 157854
118658 70635
157854 31101
31101 70635
70635 19655
19655 32417
32417 7271
7271 311901
311901 41869
41869 91606
91606 4635
4635 22521
22521 2723
2723 417066
