111518 13236
13236 27143
13236 28664
27143 28664
28664 146482
146482 28655
28655 277724
277724 199724
199724 46948
46948 92
92 400834
92 131679
92 7844
131679 131680
131680 438942
438942 33814
33814 171617
33814 37564
33814 59887
171617 2011
2011 169123
2011 7289
2011 27
7289 5406
5406 79617
79617 202
202 87575
87575 27
27 246416
27 42774
27 50802
246416 335696
335696 80954
80954 62076
80954 147381
80954 204655
80954 76834
80954 3069
62076 196171
62076 204655
62076 76834
62076 3057
62076 3069
62076 14887
196171 147381
196171 3057
196171 972
147381 204655
147381 3057
204655 76834
76834 3057
76834 3069
76834 972
3057 3069
3069 14887
14887 79185
14887 126691
14887 37656
14887 62608
79185 11444
11444 220438
220438 972
972 2753
972 83394
2753 81186
81186 83394
83394 80880
80880 126691
126691 106673
106673 289435
289435 925
925 42774
925 7844
42774 50802
42774 1308
50802 37656
37656 32229
32229 62608
32229 27297
62608 27297
27297 11962
11962 57958
57958 332538
57958 39244
57958 119209
57958 256460
57958 67720
57958 110746
332538 39244
39244 109288
39244 7551
39244 256460
109288 7551
7551 119209
7551 256460
7551 110746
7551 119689
7551 64997
7551 116169
7551 397517
7551 37537
7551 21061
7551 19162
7551 31681
7551 26361
119209 256460
119209 31681
256460 67720
67720 344240
344240 95080
344240 50361
344240 7592
95080 110746
95080 7592
110746 119689
119689 37564
119689 50361
119689 7592
37564 59887
37564 64997
37564 30225
37564 26361
37564 50361
59887 64997
59887 50361
64997 30225
64997 50361
64997 7592
30225 116169
30225 50361
30225 7592
116169 31949
31949 397517
31949 31681
31949 41996
397517 37537
37537 58167
37537 50361
37537 7592
58167 21061
58167 31681
21061 233780
21061 19162
21061 116685
21061 31681
233780 19162
19162 116685
19162 31681
116685 31681
31681 41996
31681 7592
41996 26361
41996 7592
26361 370637
370637 50361
50361 422071
422071 7592
7592 125957
125957 7844
7844 1308
1308 20737
20737 31100
31100 12988
12988 125736
12988 5051
125736 40711
40711 81286
81286 5051
5051 12157
12157 19167
19167 19174
19174 194837
