56751 35132
56751 206
35132 184569
35132 60164
35132 16344
35132 206
35132 14549
35132 39161
184569 185350
184569 161896
185350 161896
185350 206049
161896 116785
116785 60164
116785 16344
116785 39161
60164 99130
60164 16344
99130 65238
65238 16344
65238 80825
65238 14549
65238 39161
16344 80247
16344 101181
16344 63801
16344 8903
16344 14549
80247 206049
80247 14549
206049 101201
101201 102386
101201 79073
101201 39161
102386 95235
102386 14600
102386 39161
95235 2397
2397 36964
2397 84114
2397 11511
36964 22453
22453 84114
22453 48898
22453 9104
22453 67161
22453 40973
22453 22457
22453 354
22453 356
84114 11511
11511 206
48898 37398
37398 58246
58246 137988
137988 128309
128309 17315
17315 7050
17315 26491
7050 26621
7050 206
26621 18634
26621 206
18634 67493
67493 189046
67493 9104
189046 39677
189046 9104
39677 223771
39677 9104
223771 29030
29030 9104
9104 30071
9104 11182
30071 67161
67161 82733
67161 354
82733 40973
40973 69632
40973 93103
40973 22457
40973 356
40973 206
69632 93103
69632 356
93103 22457
93103 356
22457 37666
37666 107468
107468 8498
8498 442936
442936 354
354 201960
354 357146
354 5377
354 249060
354 16771
201960 356
356 357146
356 148586
356 5377
357146 206
148586 9914
9914 226988
9914 2045
9914 175804
9914 25662
226988 206
206 5377
206 18526
206 249060
206 21584
206 173096
206 4
206 54488
206 175804
206 11182
206 19680
5377 335
5377 5
335 18526
335 249060
335 21584
335 173096
18526 249060
18526 21584
249060 2045
2045 48879
48879 21584
21584 173096
21584 4
173096 5
5 16771
5 4
16771 4
4 26491
4 168158
4 11182
4 6175
4 19680
26491 34647
34647 288637
288637 12704
288637 39161
12704 168158
168158 237876
237876 68740
68740 54488
54488 14600
14600 47974
14600 307495
14600 73668
14600 80825
14600 175804
47974 22781
22781 307495
73668 56021
73668 14549
56021 128423
128423 79073
79073 80825
79073 39161
80825 101181
80825 39161
101181 61906
61906 63801
61906 276936
63801 8903
63801 59945
8903 276936
8903 59945
276936 59945
59945 147094
59945 339507
147094 14549
14549 339507
14549 446010
446010 39161
39161 175804
175804 25662
25662 19256
19256 11182
11182 6175
11182 18117
6175 19680
19680 18117
