242800 2055
2055 383613
2055 263236
2055 2700
2055 1298
2055 377667
2055 56357
2055 80049
2055 63935
2055 12665
2055 103901
2055 10152
2055 96767
383613 1276
1276 131390
1276 64853
1276 2010
1276 9955
1276 11677
1276 55239
1276 153755
1276 15724
1276 32717
1276 6
1276 219545
131390 5741
131390 301
131390 206
131390 6
5741 213391
5741 301
5741 14786
5741 20596
5741 8388
213391 2353
2353 212535
2353 56357
2353 3369
2353 150738
2353 135814
212535 30185
212535 1298
30185 317342
30185 263236
30185 147274
263236 3199
263236 1298
263236 301
263236 3369
263236 206
3199 438266
3199 12665
438266 64853
64853 232861
64853 1298
64853 9955
64853 555
232861 6093
232861 206
6093 45352
6093 15724
45352 2700
45352 301
45352 10152
2700 43181
2700 377667
2700 179751
2700 2010
2700 206
2700 55
2700 6
43181 198694
43181 24621
198694 301
24621 5188
5188 397569
5188 1298
5188 143667
5188 4363
397569 1298
397569 206
1298 377667
1298 301
1298 56357
1298 179751
1298 181410
1298 143667
1298 86314
1298 9955
1298 206
1298 555
1298 6
377667 301
377667 206
377667 6
377667 4363
301 86294
301 56357
301 95972
301 80049
301 74848
301 179751
301 143667
301 103901
301 10213
301 86314
301 9955
301 11677
301 206
301 129434
301 147274
301 6
301 16725
301 166756
301 10152
301 4363
301 81941
301 55436
301 14786
301 20596
301 96767
301 79763
301 135814
301 9906
301 209618
86294 56357
56357 38277
56357 206
56357 10152
38277 95972
38277 99975
38277 10152
99975 61408
99975 10152
61408 49856
61408 6
61408 10152
61408 9906
49856 80049
49856 6
80049 206
74848 1618
1618 218964
1618 179751
218964 10152
179751 2010
179751 6
2010 144292
2010 206
144292 34
144292 6
34 63935
34 6
63935 12665
63935 3369
63935 206
63935 6
12665 394139
12665 41382
12665 3369
394139 41382
394139 3369
394139 6
41382 456586
41382 3369
41382 147274
456586 3369
3369 181410
3369 143667
3369 86314
3369 147274
181410 143667
181410 9955
181410 555
143667 103901
143667 10152
103901 10213
103901 9955
103901 6
10213 86314
86314 9955
9955 11677
9955 206
9955 15724
9955 555
9955 6
11677 206
206 129434
206 15724
206 55
206 118996
206 4363
206 14786
206 8388
206 96767
206 9906
129434 55239
55239 401265
401265 153755
153755 13114
153755 6
153755 10152
13114 15724
15724 13794
13794 10530
10530 147274
147274 555
555 55
55 23670
23670 118996
118996 21537
21537 268644
21537 129154
268644 129154
129154 12382
12382 32717
32717 6
32717 10152
6 143639
6 16725
6 8388
6 96767
143639 16725
16725 166756
166756 10152
10152 4363
4363 81941
81941 57004
81941 13554
81941 9906
81941 17140
57004 150738
150738 55436
55436 9881
9881 14786
9881 79763
14786 139172
139172 20596
20596 12954
12954 8388
8388 96767
96767 13554
96767 9906
96767 17140
13554 79763
13554 6764
13554 135814
13554 9906
79763 6764
79763 9906
6764 135814
6764 9906
135814 9906
9906 220837
9906 209618
209618 17140
17140 219545
