372005 12311
372005 2347
12311 134988
12311 172393
12311 105856
134988 172393
134988 12241
134988 23733
134988 19908
134988 317
134988 847
134988 335
172393 12241
172393 23733
172393 12604
12241 27063
12241 66404
27063 75435
75435 105856
75435 66404
75435 60461
75435 23733
105856 66404
105856 23733
66404 281765
66404 38383
281765 75490
75490 60461
75490 38383
75490 60468
75490 21665
60461 23733
60461 38383
60461 66406
60461 60468
23733 233147
23733 21665
233147 19908
19908 146904
19908 21665
146904 24079
24079 38383
24079 194872
24079 66406
38383 194872
194872 12604
12604 66406
66406 60468
60468 21665
21665 2347
2347 345180
2347 317
2347 2166
345180 317
317 225175
317 220
317 49667
317 221
317 162900
317 179452
317 141909
225175 220
220 193583
220 354
220 378100
220 847
220 49667
220 22701
220 162900
220 179452
220 97234
220 677
220 355418
220 1988
193583 354
354 378100
354 22701
354 221
378100 377761
378100 335
377761 116564
116564 265438
265438 244338
244338 385133
385133 116099
116099 312380
116099 179473
116099 188999
116099 15373
312380 320097
320097 179473
179473 327039
327039 188999
188999 182187
182187 3478
182187 1988
3478 75921
75921 15373
15373 145672
145672 124981
124981 2166
124981 7292
2166 32671
2166 44154
2166 159269
2166 335
32671 847
32671 677
847 134576
134576 2918
134576 2875
2918 293630
293630 49667
293630 2875
293630 92611
49667 110866
49667 152632
110866 2875
110866 2868
2875 152632
2875 283656
2875 2868
2875 318443
2875 92611
2875 160461
152632 283656
283656 2868
283656 55918
2868 318443
2868 2922
2868 278312
2868 197254
2868 2897
2868 162492
2868 58523
318443 2922
318443 92611
318443 187618
318443 55918
2922 270666
2922 92611
2922 2893
2922 197254
270666 92611
92611 187618
92611 103747
92611 278312
92611 2897
187618 103747
187618 278312
187618 2893
103747 278312
103747 2893
103747 101929
278312 2893
2893 55918
2893 2897
2893 101929
55918 197254
197254 2897
2897 160461
2897 162492
160461 162492
162492 215615
215615 91
91 11526
11526 3189
3189 22701
22701 221
22701 677
22701 1988
221 194014
221 1988
194014 30797
30797 44154
30797 22779
44154 159269
159269 22779
22779 32046
32046 70995
70995 7292
70995 677
7292 101929
7292 677
101929 58523
58523 162900
162900 99584
99584 76563
76563 179452
179452 677
179452 335
97234 677
677 355418
677 1988
677 384782
355418 1988
1988 384782
384782 335
335 141909
