309786 27004
27004 197640
197640 301
197640 335
197640 383
197640 1274
301 151507
301 335
301 72330
301 33151
301 5011
301 383
301 108889
301 114057
301 178143
301 818
301 12251
301 12253
301 155048
301 1274
301 201431
301 272033
301 355735
301 9844
301 292598
301 2668
301 66635
301 194265
301 2662
301 187558
151507 151508
151508 335
335 78483
335 72330
335 33151
335 383
335 108889
335 111252
335 178143
335 12253
335 313067
335 355735
335 292598
335 2668
335 191898
335 16753
335 187558
78483 72330
78483 383
72330 33151
72330 383
33151 136224
33151 5011
33151 383
33151 327
136224 12802
12802 621
621 35092
621 23547
23547 12760
12760 185425
185425 158317
185425 352
185425 818
158317 381906
381906 349
381906 220
349 50118
349 47851
349 151460
349 162839
349 308
349 90006
349 74776
349 292598
349 220
50118 7809
50118 352
50118 308
50118 220
7809 89627
89627 155259
155259 217123
217123 352
217123 818
217123 2662
352 186039
352 47851
352 151460
352 183959
352 818
352 308
352 1274
352 41802
352 90006
352 16435
352 90457
352 66635
352 12137
352 24800
352 187558
186039 5011
5011 433033
5011 383
5011 178143
5011 12253
5011 355735
5011 278599
433033 383
383 108889
383 111252
383 114057
383 178143
383 818
383 12253
383 1274
383 201431
383 2288
383 292598
383 2668
383 278599
383 176569
383 187558
108889 6374
108889 1274
6374 111252
6374 7406
6374 178143
111252 1806
111252 7067
1806 56401
1806 7067
1806 9844
56401 123736
123736 114057
114057 7406
7406 178143
7406 4259
178143 331
178143 1274
178143 220
178143 2662
178143 2244
331 47851
331 327
331 90092
331 272033
331 2288
331 292598
331 431
47851 151460
47851 327
47851 220
151460 327
151460 220
327 66261
327 171824
327 7067
327 183959
327 818
327 12253
327 1274
327 292598
327 191898
327 90457
327 431
327 52429
327 66635
327 800
327 24800
327 187558
66261 171824
66261 431
171824 7067
7067 183959
7067 14887
7067 90457
183959 818
183959 308
818 162839
818 308
818 1274
818 24800
818 187558
162839 308
162839 220
308 12251
308 1274
308 123214
308 191898
308 220
308 431
308 24800
12251 90092
12251 12253
12251 1274
12251 431
12251 2244
12251 4259
90092 12253
12253 155048
12253 1274
12253 2662
12253 800
155048 1274
1274 201431
1274 41802
1274 272033
1274 355735
1274 292598
1274 2668
1274 220
1274 431
1274 66635
1274 176569
201431 14887
14887 39671
39671 41802
39671 21386
39671 39648
41802 69102
41802 21386
69102 21386
21386 37477
21386 39648
21386 12919
37477 90006
37477 39648
37477 220
39648 12919
12919 3407
3407 123214
123214 54731
123214 220
54731 74776
74776 16435
74776 220
16435 313067
313067 272033
272033 2288
2288 355735
355735 9844
355735 2668
355735 2244
9844 292598
292598 2668
292598 220
292598 431
292598 2662
292598 4259
2668 191898
2668 431
2668 66635
191898 45648
191898 220
220 90457
220 24800
90457 431
431 52429
431 4259
52429 66635
66635 16753
16753 194265
194265 2662
2662 278599
278599 2244
2244 176569
2244 12137
176569 800
800 43823
800 12137
43823 12137
12137 22215
22215 37979
37979 1779
1779 36720
36720 24800
24800 187558
187558 4259
