75261 2662
75261 100082
75261 8005
75261 960
2662 218349
2662 416132
2662 205736
2662 125116
2662 40753
2662 8005
2662 141974
2662 38531
2662 960
2662 11345
2662 107379
2662 12278
218349 3549
218349 138
416132 11044
416132 3549
416132 317
11044 198004
11044 141806
11044 20080
11044 67352
11044 3549
11044 8005
11044 960
11044 11345
198004 141806
198004 3549
198004 8005
198004 960
141806 20080
141806 3549
141806 9363
141806 979
141806 8005
141806 317
141806 960
20080 90158
20080 17528
20080 11405
20080 3549
20080 9363
20080 42433
20080 40753
20080 85284
20080 7340
20080 8005
20080 317
20080 960
90158 17528
90158 11405
90158 7340
90158 138
17528 42050
17528 11405
17528 3549
17528 9363
17528 42433
17528 42407
17528 40753
17528 85284
17528 7340
42050 205736
205736 11405
205736 3549
205736 138
205736 960
11405 67352
11405 3549
11405 9363
67352 3549
67352 330
67352 317
67352 960
3549 57839
3549 9363
3549 125116
3549 42433
3549 42407
3549 42470
3549 40753
3549 85284
3549 7340
3549 8005
3549 330
3549 960
57839 9363
57839 960
9363 125116
9363 42433
9363 42407
9363 40753
9363 85284
9363 7340
9363 8005
9363 317
125116 365
125116 979
125116 960
365 165302
365 220197
165302 92681
165302 138
92681 96425
92681 330
92681 349
92681 317
96425 197237
96425 317
197237 979
979 42433
979 42407
979 85284
979 7340
979 198759
979 220197
979 960
979 11345
979 75440
979 12278
42433 42407
42407 42470
42470 40753
42470 85284
40753 85284
40753 7340
40753 459
40753 138
85284 7340
85284 8005
85284 960
7340 378698
7340 8005
7340 317
7340 960
378698 75929
75929 86279
75929 100082
86279 100082
100082 198759
100082 317
100082 960
198759 8005
8005 141974
8005 960
141974 220197
220197 166933
220197 317
166933 177078
177078 140297
140297 116991
140297 23274
140297 330
116991 157888
116991 23274
157888 179051
157888 23274
179051 23274
23274 659
23274 459
23274 3212
659 4000
659 188
4000 20591
4000 188
20591 188
188 187696
188 459
187696 330
330 434096
330 220231
330 349
330 204139
330 108500
434096 1834
434096 317
1834 192756
192756 11956
192756 138
11956 230721
230721 11560
11560 11122
11560 459
11560 138
11122 4409
11122 32242
11122 459
4409 32242
4409 18577
32242 18577
32242 459
32242 349
18577 459
18577 317
459 119564
459 429
459 3212
459 12278
119564 429
119564 138
429 3212
429 349
3212 220231
220231 349
349 370258
370258 7551
7551 38531
7551 16527
7551 90601
7551 57092
7551 102550
7551 99167
7551 393373
7551 125102
7551 146642
7551 24139
38531 16527
38531 138
16527 90601
16527 109837
90601 57092
57092 102550
57092 99167
102550 34205
34205 99167
99167 393373
125102 146642
146642 24139
24139 109837
24139 759
109837 759
759 270361
270361 138
138 204139
138 11345
138 75440
138 107379
138 12278
204139 317
317 108500
108500 960
960 11345
75440 24074
24074 107379
24074 38301
107379 12454
107379 12278
12454 45780
45780 38301
45780 12375
45780 12278
38301 60466
38301 12278
60466 12375
60466 12278
12375 109874
12375 12278
109874 12278
12278 122227
