427282 7533
7533 31326
7533 44446
7533 175123
7533 64644
7533 65066
7533 7569
7533 306084
7533 248036
7533 321140
7533 58162
7533 58102
7533 389091
7533 130003
7533 19158
7533 166908
7533 343736
7533 4821
31326 58554
31326 7592
58554 157747
157747 44446
157747 7592
44446 97637
44446 7592
44446 49736
44446 34846
44446 139416
97637 38210
38210 175123
38210 69540
38210 306084
175123 105953
175123 7592
105953 225772
105953 69540
225772 69540
69540 285037
69540 7592
285037 7592
7592 38819
7592 109345
7592 34846
7592 58102
7592 389091
7592 57861
7592 139416
7592 4821
38819 9024
9024 138587
138587 49736
49736 31607
49736 47631
49736 50069
31607 47631
47631 128043
128043 49710
49710 64644
49710 114547
49710 8923
49710 190780
64644 114547
114547 8807
8807 135846
8807 8899
135846 8923
8923 50069
8923 8899
50069 65066
50069 8899
65066 190780
190780 8899
8899 119614
119614 109345
109345 490
490 34846
490 323
34846 61024
34846 7569
34846 31031
34846 4821
61024 7569
7569 306084
306084 31031
31031 248036
248036 26352
26352 167711
26352 58102
26352 57861
26352 166908
26352 21011
167711 56631
56631 321140
56631 347063
321140 347063
347063 112815
112815 312831
112815 109085
112815 139416
312831 92076
92076 313442
313442 58162
313442 58102
58162 58102
58102 389091
389091 130003
130003 428815
130003 392990
428815 57861
57861 355487
57861 392990
392990 109085
109085 139416
139416 19158
19158 166908
19158 21011
166908 134867
166908 21011
134867 21011
21011 343736
343736 4821
4821 123116
123116 2515
2515 52901
2515 84151
52901 209571
209571 1292
1292 39948
1292 13768
1292 197261
39948 13074
13074 45834
13074 13768
13074 323
45834 84151
45834 83631
45834 87281
84151 83631
83631 87281
87281 20375
20375 13768
13768 14143
13768 21433
14143 202818
14143 197261
14143 323
202818 73076
73076 197261
197261 323
323 210381
323 290142
323 35941
323 212605
210381 290142
35941 194350
35941 21433
21433 18471
18471 18519
18519 96391
96391 91199
96391 14078
91199 212605
91199 155314
212605 155314
155314 14078
14078 147478
14078 242398
14078 130597
147478 242398
242398 130597
130597 11799
11799 18429
