393876 1274
1274 204531
1274 58071
1274 77189
1274 5194
1274 46371
1274 1503
1274 158056
1274 99765
1274 149696
1274 168835
1274 409
1274 352
1274 1941
1274 214989
204531 6
58071 194132
58071 1503
58071 71313
58071 14664
194132 28476
194132 99765
194132 14664
28476 202867
28476 279726
28476 369794
28476 14594
202867 296672
202867 181915
296672 257673
296672 181915
257673 181915
181915 279726
279726 8942
279726 1503
8942 187446
8942 1503
8942 158056
8942 939
8942 149696
187446 285457
187446 77189
187446 5194
187446 46371
187446 77227
187446 1503
285457 77189
285457 5194
285457 46371
77189 28987
77189 5194
77189 46371
28987 5194
28987 46371
28987 125411
5194 46371
5194 77227
5194 125411
5194 1503
5194 979
46371 77227
46371 79970
46371 1503
77227 125411
77227 79970
77227 979
125411 79970
79970 9271
9271 290649
290649 178842
290649 9798
178842 142455
178842 1503
178842 972
178842 9798
142455 1503
142455 979
142455 9798
1503 158056
1503 14594
1503 899
1503 24988
1503 939
1503 156236
1503 54293
1503 74056
1503 236042
1503 149696
1503 168835
1503 260982
1503 5067
1503 409
1503 175705
1503 352
1503 58822
1503 9798
1503 214989
1503 13553
158056 857
158056 979
158056 352
158056 6
857 20965
857 979
857 972
857 5067
857 409
857 352
857 1941
857 6108
20965 16532
20965 6
16532 58188
58188 260171
58188 14664
260171 285080
285080 300135
300135 31949
31949 284905
31949 369794
284905 299441
299441 418683
299441 310931
418683 310931
310931 124136
124136 369794
124136 111674
369794 111674
111674 224762
224762 99765
99765 64159
99765 34914
99765 979
64159 34914
64159 14664
34914 71313
34914 14664
71313 390574
390574 14664
14664 14594
14594 979
979 232802
979 899
979 934
979 156236
979 74056
979 972
232802 40770
232802 352
40770 899
899 23349
23349 50525
50525 49527
49527 77011
77011 77017
77011 934
77011 875
77017 959
934 24988
934 959
934 875
24988 939
939 58383
939 49381
939 959
939 58428
939 1941
58383 49381
49381 959
49381 156236
49381 58428
959 198674
959 156236
959 58428
198674 156236
156236 58433
58433 58428
58428 106
58428 1941
106 54293
106 74056
106 1941
74056 8016
74056 6
8016 236042
236042 11035
236042 875
236042 6
11035 149696
11035 7370
11035 32064
149696 27487
149696 7370
149696 875
149696 6
27487 168835
27487 7370
27487 875
168835 352
7370 32064
7370 875
32064 875
32064 352
875 159779
159779 8161
8161 116050
116050 260982
260982 972
972 20368
972 409
972 352
972 9798
20368 5067
20368 1941
20368 6
5067 211607
5067 352
211607 409
409 175705
409 352
409 1941
409 6
175705 352
352 264047
352 1941
352 214989
264047 1941
1941 6108
1941 6
6108 6
6 58822
58822 9798
9798 214989
9798 13553
214989 13553
