138419 18722
18722 158272
18722 52
158272 1062
158272 52
1062 422722
1062 85795
1062 53823
1062 53629
1062 109256
1062 18044
1062 8925
1062 37035
1062 29497
1062 164894
1062 13128
1062 93248
1062 14997
1062 316785
1062 16876
1062 121442
1062 63058
1062 198694
1062 107135
422722 259108
259108 93823
259108 53823
259108 53841
259108 104785
259108 53698
259108 104781
93823 112723
93823 53820
93823 228561
93823 125045
93823 93833
93823 143211
93823 53841
93823 104785
93823 53733
93823 143004
93823 53698
93823 69464
93823 142827
93823 190595
93823 25639
93823 143024
93823 53708
93823 53828
93823 188897
93823 104781
93823 53636
112723 53794
112723 53820
112723 53841
112723 104785
112723 53733
112723 25639
112723 104781
112723 53636
112723 138
53794 53820
53794 53823
53794 104785
53794 53698
53794 104781
53794 53661
53794 53636
53794 18044
53820 228561
53820 125045
53820 93833
53820 53841
53820 104785
53820 53733
53820 143004
53820 69464
53820 142827
53820 190595
53820 25639
53820 143024
53820 53708
53820 53828
53820 225807
53820 131629
53820 104781
53820 53661
53820 53636
228561 85795
228561 125045
228561 53828
85795 125045
85795 143024
85795 53708
85795 11850
125045 93833
125045 53823
125045 53841
125045 104785
125045 53733
125045 143004
125045 142827
125045 190595
125045 25639
125045 143024
125045 188897
125045 225807
125045 131629
125045 104781
93833 53823
93833 143211
93833 53841
93833 104785
93833 53733
93833 53698
93833 142827
93833 25639
93833 104781
93833 53661
93833 53636
53823 143211
53823 25639
53823 53636
143211 53841
143211 104785
143211 143004
143211 69464
53841 104785
53841 53733
53841 143004
53841 53698
53841 69464
53841 25639
53841 143024
53841 53708
53841 53828
53841 104781
53841 53636
104785 53733
104785 143004
104785 53698
104785 69464
104785 142827
104785 25639
104785 143024
104785 53708
104785 53828
104785 188897
104785 104781
53733 143004
53733 53698
53733 69464
53733 142827
53733 143024
53733 53708
53733 53828
53733 188897
53733 104781
53733 53661
143004 53698
143004 69464
143004 53828
53698 69464
53698 53708
53698 53828
53698 104781
69464 142827
69464 25639
69464 53828
69464 104781
142827 190595
142827 25639
142827 143024
142827 53828
142827 104781
190595 25639
190595 143024
190595 53828
190595 225807
190595 104781
25639 143024
25639 131629
143024 53708
143024 53828
143024 104781
143024 53636
53708 53828
53708 131629
53708 104781
53708 53636
53828 188897
53828 104781
53828 53661
53828 53636
188897 225807
188897 104781
225807 131629
131629 104781
131629 53636
131629 138
104781 53661
104781 53636
53661 53629
53661 53636
53629 53636
53636 109256
109256 18044
18044 378207
378207 11850
11850 295148
11850 20487
11850 316785
295148 8925
295148 8767
295148 138
8925 303944
303944 8767
303944 138
8767 358653
358653 31534
31534 194480
31534 31277
31534 69514
194480 254772
254772 31277
31277 152151
31277 5199
152151 69514
69514 37035
37035 242242
37035 138
242242 7585
7585 308277
308277 138
138 272353
138 29497
138 13128
138 93248
138 168317
138 25742
138 12278
138 60442
138 5697
138 316785
138 121442
138 63058
138 107135
272353 29497
29497 52
52 164894
52 5375
52 121442
164894 20398
20398 13128
20398 10679
20398 8294
13128 93248
13128 81957
13128 22045
93248 81957
81957 10679
10679 22045
10679 18154
10679 8294
22045 42745
22045 47708
22045 23453
42745 47708
42745 23453
47708 23453
23453 127462
127462 19810
19810 14997
19810 18480
19810 25742
14997 139821
14997 18480
14997 168317
139821 18480
18480 168317
168317 25742
25742 47320
25742 8294
47320 98744
98744 33376
33376 11932
11932 20487
20487 38406
38406 23759
23759 12278
12278 60442
60442 38385
60442 11867
11867 6307
6307 5697
5697 18154
18154 8294
8294 122832
122832 13894
13894 316785
13894 63058
316785 16876
16876 5375
5375 121442
121442 63058
63058 198694
63058 5199
198694 5199
5199 107135
