390058 403
403 14150
403 3804
403 196236
403 2138
403 73730
403 5439
403 6
403 80606
403 73885
403 8473
403 1503
14150 140091
14150 138
140091 3804
3804 196236
196236 2138
196236 1503
2138 33916
2138 9363
2138 17495
2138 5439
2138 62872
2138 26296
2138 1503
2138 88
33916 9363
33916 33917
9363 195622
9363 67931
9363 17495
9363 42434
9363 5439
9363 33917
9363 396
9363 581
67931 46822
67931 17495
67931 6
67931 581
67931 1503
46822 17495
46822 73730
17495 83641
17495 191623
17495 73730
17495 42434
17495 396
17495 6
17495 581
17495 138
17495 88
83641 191623
83641 581
191623 73730
191623 1503
73730 42434
73730 6
73730 581
73730 88
42434 6583
42434 138
6583 286700
6583 6
286700 295
286700 6
286700 205
286700 138
295 9510
295 434
9510 4118
9510 6
4118 37571
37571 22467
37571 396
37571 205
37571 45120
37571 1503
22467 242180
22467 45135
242180 179316
179316 112409
179316 1503
112409 31
31 434
31 6
31 8590
434 174911
434 396
434 6
174911 5439
174911 205
174911 138
5439 62872
5439 396
5439 8473
5439 1503
62872 35627
62872 1503
35627 33917
35627 6147
35627 35659
33917 6147
6147 35659
35659 396
35659 1503
396 144440
396 32093
396 98791
396 91822
396 187454
396 581
396 45135
396 73196
396 19239
396 217412
396 102246
396 118970
144440 6
144440 138
144440 1503
6 111193
6 45135
6 172410
6 55971
6 88
6 118970
6 148715
111193 16440
111193 138
111193 1503
16440 32093
16440 41448
16440 205
16440 1503
32093 30725
32093 36109
32093 205
32093 138
32093 1503
30725 36109
30725 98791
30725 14677
36109 98791
36109 138
98791 62940
98791 205
98791 138
62940 41448
41448 205
205 154263
205 91822
205 171925
205 187454
205 14677
205 80606
205 581
205 19239
205 217412
205 1503
205 8956
205 299244
205 76940
205 55971
205 118970
205 148715
154263 91822
154263 1503
91822 171925
171925 37828
171925 1503
171925 88
37828 43926
37828 187454
43926 71327
43926 14677
71327 187454
187454 14677
187454 138
187454 1503
14677 80606
14677 1503
80606 73885
80606 88
73885 8473
8473 2456
8473 88
2456 581
581 45135
581 73196
581 19239
45135 73196
45135 1503
73196 19239
73196 138
73196 1503
19239 217412
19239 138
19239 1503
217412 102246
217412 138
217412 1503
102246 6848
6848 45120
45120 26296
26296 21820
21820 138
138 172410
138 9077
138 316965
138 139950
138 299244
138 118970
138 148715
172410 1503
1503 9077
1503 8598
1503 299244
1503 118970
9077 57315
9077 8745
9077 8956
9077 8598
9077 8953
57315 57293
57293 8745
57293 8956
57293 8598
8745 246322
8745 8956
8745 316965
8745 8590
8745 139950
8745 299244
8745 8953
246322 8956
246322 8598
246322 8953
8956 316965
8956 8590
8956 139950
8956 299244
8956 261648
8956 8953
8956 65695
316965 8590
316965 8598
316965 8953
8590 8716
8590 8953
8716 139950
139950 8598
139950 8953
8598 299244
8598 261648
8598 65695
261648 8953
8953 8839
8839 65695
8839 88
65695 86960
86960 8935
86960 11850
86960 4665
86960 88
8935 11850
8935 88
11850 76940
11850 4665
11850 88
76940 4665
4665 55971
4665 88
55971 88
88 118970
118970 148715
148715 107712
148715 140615
107712 140615
