121327 6081
121327 396
121327 1062
121327 138
121327 205
121327 1503
6081 154629
6081 17885
6081 396
6081 1503
6081 331
154629 17885
154629 1503
154629 317
17885 209224
17885 396
17885 1062
17885 138
17885 205
17885 1503
209224 396
209224 1062
209224 1503
396 6224
396 520
396 443448
396 212129
396 12408
396 450193
396 12406
396 1286
396 703
6224 520
6224 1062
6224 138
6224 205
6224 1503
6224 1564
520 443448
443448 42456
443448 138
443448 205
443448 1503
42456 154203
42456 331
42456 3298
154203 1062
154203 205
154203 1503
1062 151047
1062 212129
1062 12408
1062 23670
1062 1503
1062 12406
1062 148387
1062 1286
1062 104360
1062 94780
1062 78150
1062 178660
151047 20657
20657 34746
20657 138
20657 205
20657 1895
20657 93
20657 317
34746 8459
34746 1895
34746 3369
8459 151632
151632 151642
151632 151637
151632 38458
151632 93
151642 151637
151637 151636
151637 93
151636 26839
151636 26826
26839 26826
26826 15328
26826 93
15328 184319
15328 83578
184319 10513
184319 3298
10513 27762
10513 703
27762 47067
47067 138
138 249555
138 212129
138 12408
138 101036
138 1286
138 83578
138 66276
138 3369
249555 205
249555 317
205 212129
205 12408
205 450193
205 1503
205 1286
205 250082
205 331
212129 12408
212129 172381
212129 1503
212129 12265
212129 12390
212129 1286
12408 172381
12408 23670
12408 12406
12408 21996
12408 12265
12408 12390
12408 331
172381 23670
23670 450193
23670 12265
450193 1503
450193 12265
1503 12406
1503 1286
1503 83578
1503 331
12406 101037
101037 101036
101036 21996
101036 12265
101036 12390
21996 454351
454351 12265
12265 244627
12265 148387
244627 12390
12390 148387
148387 1286
1286 104360
104360 47407
104360 331
104360 3369
47407 22555
22555 91136
91136 83578
83578 1564
83578 280
83578 93
1564 94780
94780 280
94780 71126
280 20455
280 51830
20455 89772
89772 51830
89772 3202
51830 75614
51830 3298
51830 3202
75614 703
703 250082
703 3298
703 317
250082 78150
78150 262846
262846 331
262846 317
331 206790
206790 3298
3298 178660
3298 385382
178660 174419
178660 145337
174419 67236
174419 93
67236 145337
67236 11923
67236 103578
67236 24906
67236 83483
67236 38458
145337 11923
145337 83483
11923 103578
11923 24906
11923 340853
11923 66276
11923 38458
103578 24906
103578 38458
24906 340853
24906 66276
24906 83483
24906 38458
340853 66276
340853 38458
66276 83483
83483 38458
38458 71126
38458 174289
71126 3202
3202 385382
385382 22051
22051 174289
174289 1895
174289 93
1895 205542
1895 93
205542 234835
205542 93
93 45419
45419 14551
14551 274208
274208 57510
57510 96069
96069 86375
96069 103168
96069 39523
96069 33651
96069 317
86375 103168
103168 343318
343318 39523
39523 426027
426027 33651
33651 246564
246564 317
246564 3369
317 400736
317 3369
400736 3369
