131789 17103
17103 42
17103 335
42 19394
42 11007
42 12843
42 2992
42 9688
42 632
42 543
42 297
42 28314
19394 9731
19394 220
19394 335
9731 32214
9731 6078
32214 98229
98229 70418
98229 220
70418 11007
11007 36833
36833 5832
5832 20063
20063 8396
8396 12843
8396 7937
8396 218548
8396 20398
8396 689
8396 13026
8396 7781
12843 6078
12843 7937
12843 960
12843 5716
12843 689
12843 68
12843 13026
12843 543
12843 297
6078 315248
6078 960
6078 689
6078 3374
6078 19201
315248 47269
315248 960
47269 12030
12030 46097
46097 230511
46097 5716
230511 7937
7937 190012
7937 960
7937 218548
7937 20398
7937 689
7937 98701
7937 19201
7937 2992
7937 37826
190012 960
960 86253
960 689
960 98701
960 37826
86253 5716
86253 689
5716 218548
5716 20398
218548 20398
218548 689
218548 3374
20398 223139
20398 689
20398 7781
223139 186
223139 335
186 175502
186 230444
186 297
175502 27217
175502 13760
175502 1880
27217 13760
27217 335
13760 111388
13760 146089
111388 220
111388 331
111388 7644
111388 335
220 76661
220 2992
220 632
220 17238
220 230444
220 4366
220 297
220 1880
220 193045
76661 76660
76661 54913
76660 54913
54913 7468
7468 146089
7468 9688
7468 297
7468 1880
146089 689
689 98701
689 3374
689 19201
689 2992
689 61167
689 13026
689 193045
98701 3374
3374 19201
3374 37826
19201 2992
2992 209713
2992 4433
2992 156008
2992 297
209713 4433
4433 242756
4433 230444
242756 11548
242756 331
11548 332506
11548 9688
11548 156008
11548 95381
332506 9887
9887 9688
9887 543
9887 93826
9887 222347
9688 68
9688 9221
9688 335
9688 69467
68 9511
68 156008
68 53673
9511 632
9511 9221
632 4160
4160 61167
61167 13026
13026 294
294 17238
294 297
17238 48971
17238 4366
17238 1880
17238 335
48971 167518
48971 335
167518 52449
167518 335
52449 9221
52449 297
9221 230444
230444 543
230444 335
543 156008
543 95381
543 53800
156008 13739
156008 331
13739 365366
13739 297
365366 4366
4366 297
4366 331
297 331
297 335
331 336637
331 193045
331 37826
331 222347
336637 1880
336637 335
1880 193045
193045 7644
7644 151651
151651 7781
7781 93826
93826 95381
93826 335
93826 125045
93826 53851
93826 53749
95381 37826
37826 335
335 258299
335 69467
335 198965
335 28314
258299 69467
258299 53673
69467 222347
69467 259111
69467 198965
69467 198188
222347 259111
222347 53673
259111 198965
259111 53673
198965 53673
198965 53800
53673 28314
28314 53771
28314 53851
28314 53800
28314 104774
28314 53749
53771 198188
53771 53851
53771 53800
53771 104774
198188 125045
198188 53851
198188 53800
198188 104774
198188 93835
198188 53749
125045 53851
125045 53800
125045 131629
125045 104774
125045 183648
125045 143203
53851 53800
53851 131629
53851 104774
53851 93835
53800 131629
53800 104774
53800 93835
53800 53749
53800 143203
131629 104774
104774 93835
104774 53749
104774 183648
104774 225777
93835 53749
53749 183648
183648 143203
143203 225777
