396773 519
396773 1988
519 409411
519 138
519 185237
519 220254
519 331105
519 87676
519 1988
519 50052
519 93167
409411 2780
409411 2244
409411 2662
2780 6013
2780 23280
2780 347247
6013 1586
1586 160353
1586 459
1586 987
1586 2244
160353 577
160353 459
160353 216
160353 138
577 32245
577 23280
32245 234749
32245 459
234749 138
459 7611
459 7202
459 23280
459 12937
7611 987
7611 138
987 224818
224818 111083
111083 172154
172154 28473
172154 138
28473 57379
28473 1988
57379 24145
57379 26352
57379 14572
24145 97844
97844 86386
97844 216
86386 57469
86386 40323
57469 33274
33274 208729
33274 40323
208729 91228
91228 57255
91228 14059
57255 16515
16515 14059
16515 35851
14059 35856
14059 35851
35856 263874
263874 21027
21027 33643
33643 35851
35851 56631
56631 21038
56631 14572
21038 26352
26352 289809
26352 14572
26352 40323
26352 353722
26352 331105
289809 14572
289809 40323
14572 341855
14572 138
14572 331105
341855 40323
40323 353722
40323 3208
353722 24642
353722 138
24642 291992
24642 138
291992 36062
36062 214258
36062 145125
36062 36066
214258 145125
214258 36066
214258 145126
145125 190261
145125 36066
145125 89078
145125 145126
190261 36066
190261 145126
36066 89078
36066 145126
89078 145126
145126 16211
145126 2244
16211 257298
257298 30578
257298 1988
30578 249480
30578 138
249480 11180
249480 4259
249480 216
249480 138
249480 2244
249480 2662
249480 3419
249480 1988
11180 4349
4349 7202
7202 17347
7202 138
7202 2166
7202 1988
17347 16706
17347 4259
17347 2244
17347 3419
16706 221130
16706 237921
237921 4259
237921 2244
4259 42808
4259 12937
4259 369674
4259 185237
4259 201427
4259 2166
4259 126915
42808 74539
42808 138
42808 2244
42808 1988
74539 371463
74539 122200
371463 66679
66679 133851
133851 122200
122200 34851
34851 14489
14489 3208
3208 36843
36843 216
36843 138
216 266644
216 23280
216 220254
216 1988
23280 9482
23280 138
9482 23372
23372 138
23372 1988
138 347247
138 369674
138 220254
138 331105
138 271261
138 1988
138 50052
138 18849
347247 12937
347247 2662
12937 369674
12937 2662
369674 5011
369674 2662
5011 185237
5011 220254
5011 331105
5011 50052
185237 201427
185237 1988
201427 2244
201427 2662
201427 3419
2244 220254
2244 271261
2244 1988
220254 2662
220254 3419
220254 1988
2662 331105
2662 271261
331105 2166
2166 3522
3522 3419
3419 271261
3419 126915
3419 93167
271261 126915
126915 87676
87676 1988
1988 50052
1988 93167
50052 138176
138176 93167
93167 93203
93203 18849
