333425 27449
27449 62494
62494 52802
62494 138
52802 86474
86474 186578
86474 5017
86474 759
186578 22179
22179 5017
5017 75585
5017 15
5017 205
5017 383
5017 2055
5017 759
5017 138
75585 90381
75585 1759
75585 383
75585 759
75585 138
90381 1759
90381 2353
1759 29075
1759 410488
29075 16474
29075 99842
29075 759
16474 99842
16474 759
16474 2353
99842 114260
114260 15
114260 383
114260 11954
114260 138
15 451784
15 178447
15 445474
15 266952
15 2014
15 45230
15 69405
15 28223
451784 205
205 178447
205 383
205 445474
205 420008
205 67476
205 105273
205 28223
205 349594
205 38225
205 162277
205 366522
205 16440
178447 383
383 449141
383 445474
383 135066
383 21395
383 12879
383 105273
383 28223
383 349594
383 162277
383 16440
449141 2055
2055 334176
2055 445474
2055 166166
2055 69405
2055 105273
2055 138
2055 410488
2055 28223
2055 380551
2055 153313
2055 349594
2055 296518
2055 181339
445474 3369
445474 138
266952 759
759 24106
24106 2353
2353 420008
2353 3369
2353 28223
420008 3369
3369 281049
3369 499
3369 349
3369 67056
3369 138
281049 499
499 135066
499 138
135066 143993
135066 349
135066 138
143993 2014
2014 166166
166166 349
349 45230
349 45203
349 10964
349 287634
349 28462
45230 69405
45230 138
69405 45203
45203 21395
21395 12879
12879 67476
67476 107809
107809 11954
11954 55224
55224 301453
301453 35071
301453 38250
301453 138
35071 36447
35071 113873
36447 38250
38250 113873
38250 138
113873 346678
346678 14549
14549 57279
14549 62222
14549 127143
57279 62222
62222 127143
127143 19783
19783 236808
236808 10964
10964 318351
318351 67056
67056 287634
287634 105273
105273 138
138 410488
138 28223
138 380551
138 153313
138 8927
138 349594
138 296518
138 6951
410488 1009
1009 28223
28223 108047
108047 380551
380551 11888
11888 42022
42022 153313
42022 349594
153313 8927
153313 9015
8927 347632
8927 349594
8927 9020
347632 19967
19967 112973
19967 349594
19967 9020
112973 8761
112973 9015
112973 9020
8761 109130
109130 190708
190708 9015
9015 273446
9015 349594
349594 9020
9020 347261
347261 38225
38225 93763
38225 162277
93763 54277
54277 93619
93619 170751
170751 162277
162277 42927
162277 6951
42927 296518
296518 6951
6951 366522
6951 200292
6951 30989
200292 16440
16440 30989
30989 314541
30989 28462
314541 28462
28462 181339
