428701 1253
1253 284292
284292 9363
9363 338549
9363 317
338549 187385
338549 317
187385 19559
19559 235086
19559 317
235086 165672
165672 389320
165672 317
165672 15
389320 317
317 421723
317 31000
317 400847
317 61388
317 13744
317 59794
317 5664
317 219214
317 142585
317 93184
317 69626
317 132844
317 52200
317 73313
317 42916
31000 157208
31000 98498
157208 59377
59377 348269
348269 106493
106493 95004
95004 29864
29864 98498
29864 15
98498 40787
40787 73884
40787 213
40787 2417
40787 205
40787 1971
73884 5006
73884 213
73884 2417
73884 205
73884 15
73884 1971
73884 2780
5006 135194
5006 2417
5006 213611
5006 132844
135194 213
135194 5226
135194 2417
135194 205
135194 15
213 400847
213 2417
213 130989
213 39713
213 198503
213 60503
213 102821
213 3136
213 1971
213 2780
213 236661
213 69626
213 136661
213 9863
400847 2594
400847 5226
400847 15
2594 50175
50175 15204
15204 64412
64412 5226
64412 2417
64412 205
64412 15
5226 219885
5226 130989
5226 462
5226 39713
5226 60503
5226 15
5226 87305
5226 208520
5226 142585
5226 42916
219885 2417
219885 15
2417 130989
2417 205
2417 60503
2417 102821
2417 219336
2417 3136
2417 1971
2417 142585
2417 132844
2417 329015
130989 462
130989 205
462 373962
462 1971
462 42916
373962 205
373962 15
205 39713
205 60503
205 45253
205 236661
205 9863
205 329015
39713 20120
39713 15
39713 1971
39713 1042
20120 198503
198503 1664
1664 60503
60503 102821
60503 61388
60503 21270
102821 61391
102821 61366
102821 13744
61391 61388
61391 61387
61391 21270
61388 61387
61388 21270
61388 13744
61387 61366
61387 13744
61366 21270
61366 15
21270 13744
21270 329015
13744 6382
13744 15
13744 1248
6382 45253
45253 15
15 192781
15 87305
15 59794
15 142585
15 42916
15 136661
192781 105025
105025 87305
87305 86599
86599 1248
1248 41624
1248 713
41624 713
713 59794
59794 489
489 219336
489 3136
489 132844
219336 5664
5664 5682
5682 3136
3136 8583
8583 219214
219214 1971
1971 429437
1971 136661
429437 12265
12265 430177
430177 2780
2780 236661
2780 9863
236661 1042
1042 255115
255115 768
768 208520
208520 14469
14469 115917
14469 11840
14469 42916
115917 18009
18009 85785
85785 213611
213611 11840
11840 26217
11840 142585
26217 142585
142585 93184
142585 69626
142585 42901
142585 18099
93184 69626
93184 132844
93184 52200
69626 132844
69626 42901
69626 42916
69626 18099
132844 52200
132844 73313
52200 42901
52200 73313
52200 42916
42901 73313
42901 42916
42901 18099
73313 42916
42916 18099
18099 136661
136661 9863
9863 329015
329015 228173
228173 343723
228173 174817
343723 174817
174817 228172
