449672 43
43 42810
43 41379
43 77193
43 1971
43 2086
43 119460
43 1298
43 6209
43 59
43 2670
43 64953
43 41704
43 25850
42810 22471
42810 335
42810 2670
42810 11333
42810 677
22471 51586
22471 2634
51586 116035
51586 335
51586 1971
51586 2670
116035 6104
116035 59
6104 5908
6104 64953
6104 94117
6104 51366
6104 6922
5908 38069
5908 335
5908 4
5908 1971
5908 2670
38069 41379
38069 2670
41379 335
41379 2487
41379 59
41379 2670
335 103406
335 99610
335 4541
335 1971
335 285745
335 2086
335 118096
335 27847
335 10549
335 75682
335 1298
335 70693
335 39079
335 1554
335 2670
335 12938
335 41704
103406 23321
103406 2670
23321 155274
155274 80551
80551 9532
9532 161520
161520 138852
161520 4
138852 157862
157862 185035
157862 2487
185035 4
4 99610
4 4541
4 27847
4 7410
4 10549
4 6209
4 2670
4 11581
4 28965
4 677
99610 2487
2487 4541
4541 77193
4541 59
4541 11333
4541 408
4541 352
4541 677
77193 1971
77193 2670
1971 285745
1971 2086
1971 59
1971 2670
1971 64953
1971 95757
1971 189048
285745 2086
285745 59
285745 2670
2086 118096
2086 59
2086 2670
118096 104768
118096 104774
118096 59
104768 53827
53827 104774
104774 114424
114424 965
965 15711
965 37672
965 15213
965 66211
965 126691
965 20049
965 129143
965 59
965 27874
965 194352
965 56317
965 408
965 363907
965 41704
965 677
15711 27847
15711 7410
15711 59
15711 352
15711 677
27847 7410
27847 1554
27847 2670
7410 10549
10549 2634
10549 352
2634 119460
2634 25850
119460 287581
287581 114514
114514 264499
264499 168360
168360 75682
75682 11961
75682 59
75682 2670
11961 1298
1298 6209
1298 2670
1298 12938
6209 37672
6209 13082
6209 2670
6209 352
6209 387
37672 15213
37672 66211
37672 677
15213 66211
15213 408
15213 677
66211 13082
13082 126691
126691 12655
126691 352
12655 20049
20049 515
20049 408
20049 352
515 129143
515 408
515 352
515 677
129143 50945
129143 2670
129143 408
129143 352
129143 677
50945 73073
50945 677
73073 59
73073 677
59 70693
59 2670
59 28965
59 4734
59 408
59 352
59 41704
59 25850
70693 117329
117329 39079
117329 2289
39079 2289
2289 247266
2289 27874
247266 3079
3079 1554
3079 27874
1554 55796
1554 27874
55796 27874
27874 2670
27874 26256
2670 64953
2670 25850
64953 94117
64953 352
64953 677
94117 51366
51366 95757
95757 11581
95757 26256
11581 28965
28965 12938
28965 11333
28965 18893
12938 185821
12938 11333
185821 11333
185821 677
11333 196034
11333 41352
196034 4734
4734 189048
4734 408
189048 18893
189048 352
18893 41352
41352 6922
6922 26256
26256 18098
18098 194352
18098 677
194352 11053
194352 677
11053 56317
56317 408
56317 677
408 302197
408 352
408 387
302197 363907
302197 677
363907 352
352 41704
352 241430
352 677
41704 387
387 25850
25850 7252
25850 677
7252 241430
241430 677
