3935 3939
3935 205
3939 134235
3939 188480
3939 127433
134235 188480
134235 4526
188480 127433
127433 225864
225864 22333
22333 3655
3655 3597
3597 22015
3597 205
22015 1858
1858 363950
1858 25742
1858 300100
1858 120049
363950 2676
2676 63360
2676 25742
63360 6493
6493 79367
79367 293
79367 201
79367 93
293 44163
293 2
44163 1066
1066 201
1066 134
1066 2
201 27458
201 143612
27458 143612
27458 3549
143612 195394
143612 195395
143612 891
195394 195395
195394 36482
195394 205
195394 891
195395 36482
36482 205
205 268806
205 266389
205 251221
205 572
205 33485
266389 891
891 371590
891 300100
891 251221
891 27838
891 1871
891 253182
371590 134
371590 1959
134 38064
134 2
38064 2
38064 1959
2 9441
2 27838
9441 14858
14858 10650
10650 2641
2641 25742
2641 27838
2641 714
25742 300100
25742 3419
25742 2568
25742 93
251221 1959
1959 27838
27838 1311
1311 714
714 97858
714 1871
97858 1871
97858 93
1871 360814
360814 3549
360814 4526
3549 299972
3549 4526
3549 323444
3549 3419
3549 99602
299972 4526
4526 323444
4526 3419
323444 3419
3419 99602
99602 572
572 81884
81884 2568
2568 126250
2568 13701
126250 17122
17122 120049
120049 37817
37817 133129
133129 26446
133129 10107
26446 13701
26446 38457
26446 26457
13701 10107
13701 38457
10107 38457
10107 26457
38457 26457
26457 253182
253182 93
93 415679
415679 34312
415679 7533
34312 411781
34312 59007
34312 40285
34312 207135
34312 183737
34312 40282
34312 106758
34312 370132
34312 34268
411781 166095
411781 7533
166095 172362
166095 40285
172362 59007
172362 6948
172362 7533
172362 34268
59007 97496
59007 40285
59007 35318
97496 82269
40285 386117
40285 35318
40285 106758
40285 34268
386117 395187
386117 6948
395187 14025
395187 7533
395187 106758
14025 65226
14025 33485
14025 183737
65226 63773
65226 34268
63773 82269
82269 33485
82269 6948
82269 7533
33485 207135
33485 6948
33485 7533
207135 183737
207135 6948
207135 34268
183737 6948
183737 7533
6948 197629
6948 35318
6948 7533
6948 349477
197629 40282
40282 39504
39504 35318
35318 7533
7533 349477
7533 370132
349477 106758
106758 370132
106758 333516
370132 34268
34268 333516
333516 106825
106825 82298
82298 86876
86876 19571
