165857 965
165857 677
965 65154
965 85846
965 71
965 677
65154 33651
65154 6948
65154 34797
65154 14615
65154 205
65154 677
33651 123683
33651 34312
33651 405083
33651 65304
33651 57281
33651 373972
33651 296331
33651 63763
33651 86377
33651 304225
33651 356203
33651 102235
123683 6948
123683 14648
123683 28174
6948 94590
6948 34227
6948 90987
6948 45263
6948 3343
6948 399219
6948 205954
6948 57281
6948 353432
6948 319582
6948 14648
6948 69873
6948 275526
6948 185513
6948 56631
6948 278473
6948 14615
6948 14082
94590 34312
34312 304278
34312 405083
34312 117816
34312 205954
34312 296331
34312 40279
34312 304225
34312 356203
34312 102472
34312 59998
304278 60169
304278 35481
60169 405083
60169 117816
60169 205954
60169 254022
405083 34227
34227 90987
34227 34797
34227 14615
90987 45263
90987 335
90987 40279
90987 28174
90987 102235
90987 14615
45263 41390
41390 250536
250536 335
250536 205
335 212301
335 47454
335 89112
335 113717
335 36501
335 14615
335 71
335 137538
335 5784
212301 2650
2650 447475
2650 76151
447475 47454
47454 76151
47454 205
47454 677
76151 338295
338295 43
43 89112
43 85846
43 113717
43 71
43 5784
89112 85846
89112 205
89112 2244
89112 677
85846 89108
89108 113719
113719 113717
113717 2785
113717 205
113717 2244
2785 73873
73873 133378
73873 21296
133378 21296
21296 203657
21296 677
203657 143812
143812 3343
143812 677
3343 211447
3343 14615
211447 36501
211447 677
36501 7781
36501 677
7781 116729
116729 46403
116729 31955
116729 14648
116729 28174
116729 56631
116729 14615
116729 71
46403 31955
46403 14553
31955 399219
31955 31936
31955 373972
31955 58741
31955 296331
31955 63763
31955 14625
31955 353432
31955 40279
31955 34280
31955 86377
31955 14648
31955 28174
31955 314353
399219 111667
111667 117816
117816 150926
117816 48073
150926 205954
205954 31936
205954 35481
31936 65304
31936 296331
31936 63763
31936 353432
31936 40279
31936 34280
31936 265224
65304 14553
65304 4915
14553 57281
57281 373972
373972 58741
373972 40279
373972 34280
58741 164015
58741 14625
58741 40279
164015 296331
164015 40279
296331 63763
296331 14625
296331 40279
296331 4915
63763 14625
63763 40279
14625 353432
14625 40279
14625 265224
14625 4915
353432 40279
40279 281687
40279 34280
40279 86377
40279 69873
40279 4915
40279 116354
281687 34280
34280 86377
34280 14648
34280 265224
34280 4915
86377 14648
304225 319582
304225 48073
319582 14648
14648 69873
14648 147421
14648 4915
14648 116354
14648 314353
14648 185513
14648 102235
14648 403515
69873 254022
254022 288991
254022 283132
254022 56631
283132 356203
356203 48073
48073 147421
48073 265224
147421 28174
28174 265224
28174 62158
28174 275526
265224 4915
265224 56631
4915 116354
4915 314353
4915 102235
314353 62158
314353 205
62158 275526
275526 102472
275526 59998
102472 59998
59998 185513
185513 34797
185513 35481
34797 102235
102235 56631
56631 278473
278473 35481
35481 403515
403515 14615
14615 14082
14615 677
14082 71
71 137538
71 205
137538 5784
5784 271976
271976 205
205 382910
382910 2244
2244 285439
285439 677
677 41167
