378443 36107
36107 396
36107 31290
36107 213
396 397160
396 285884
396 21089
396 5796
396 68199
396 19159
396 84621
397160 7437
7437 189961
189961 59
59 188827
59 43863
59 84621
188827 1267
1267 310686
1267 1346
310686 11867
11867 324515
324515 22215
324515 213
324515 6
22215 57076
57076 37041
57076 6
37041 30707
37041 16452
30707 416777
30707 118178
416777 31290
416777 16452
31290 118178
31290 16452
118178 36232
118178 16452
36232 350147
36232 16452
36232 361427
350147 16452
16452 361427
16452 285884
16452 133920
16452 220948
16452 211700
16452 258378
16452 90923
361427 64264
361427 6
64264 399557
64264 14615
64264 30222
64264 14611
64264 220948
64264 37510
64264 50318
399557 14615
399557 37510
399557 33476
14615 285884
14615 21089
14615 30222
14615 28080
14615 14611
14615 220948
14615 37510
14615 79110
14615 211700
14615 50318
14615 246556
14615 33476
14615 6
14615 16530
14615 44015
14615 39231
285884 39447
285884 33476
285884 19159
39447 21089
39447 101422
21089 30222
21089 14611
30222 28080
30222 14611
30222 37510
30222 50318
30222 33476
30222 16530
28080 109324
28080 14611
28080 246556
28080 91299
28080 19159
28080 16530
28080 56792
109324 140955
109324 138981
109324 19159
140955 167479
167479 138981
138981 102536
138981 91299
102536 153035
102536 90931
102536 116484
153035 133920
133920 123926
123926 14611
123926 19159
14611 220948
14611 37510
14611 50318
14611 16530
220948 37510
37510 79110
37510 211700
37510 50318
37510 246556
37510 33476
79110 211700
211700 281757
281757 50318
50318 246556
50318 33476
246556 33476
33476 258378
258378 5796
5796 91299
5796 213
91299 54794
91299 39497
91299 213
91299 19159
91299 16530
54794 99188
54794 39497
99188 39497
99188 40318
39497 40318
39497 101422
40318 69713
69713 59880
59880 90931
59880 90923
90931 116484
116484 90923
116484 101422
90923 31238
90923 186383
31238 186383
186383 14600
14600 95505
14600 128543
14600 192075
14600 87591
14600 43863
14600 85212
14600 438619
14600 44015
14600 84621
95505 20144
20144 128543
128543 192075
128543 22851
128543 87330
192075 22851
192075 73347
22851 136805
22851 87330
136805 204672
204672 87591
87591 43863
43863 85212
85212 87330
85212 73347
87330 73347
73347 438619
438619 148863
148863 68199
68199 213
68199 6
213 51344
213 134
213 56792
213 84621
51344 1346
1346 134
1346 6
134 185057
134 6
185057 6
6 125731
6 55940
6 48776
6 84621
125731 55940
55940 101422
101422 192182
101422 16530
192182 134874
134874 19159
19159 16530
19159 44015
19159 56792
16530 44015
16530 84621
44015 39231
39231 53015
39231 48776
53015 56792
56792 43998
43998 398726
43998 84621
398726 48776
48776 84621
84621 94060
