421269 68284
68284 330352
330352 266857
266857 179519
179519 120336
120336 49193
49193 60680
49193 1759
60680 149848
149848 111529
111529 2398
111529 396
2398 171157
2398 9396
171157 9396
9396 152221
9396 9399
152221 46743
152221 1837
46743 88221
88221 214
88221 322
214 198177
214 130680
214 6269
214 13763
214 114518
214 965
198177 70281
198177 396
198177 365
70281 189856
70281 396
189856 396
189856 5188
189856 5796
396 397771
396 97643
396 5188
396 1378
396 5796
396 218190
396 95377
396 503
396 14837
396 220938
396 59691
396 145686
397771 322
322 112756
322 130680
322 77083
322 2105
322 5796
322 218190
322 95377
322 503
322 73565
322 59691
322 8742
322 59238
112756 51394
112756 10213
51394 10213
51394 130680
10213 130680
130680 77083
77083 6269
6269 6823
6269 998
6823 97643
97643 2799
2799 9399
9399 16491
16491 5188
16491 998
5188 1378
5188 59691
1378 1378
1378 1356
1378 1299
1356 1299
1299 1387
1299 998
1387 14047
14047 94412
94412 2105
2105 29223
2105 531
29223 531
29223 365
531 16431
531 39976
531 62791
531 62815
16431 39976
39976 62791
39976 62815
62791 62815
62791 816
62815 9658
9658 33679
33679 5796
33679 1759
5796 448480
5796 218190
448480 22467
22467 218190
218190 95377
95377 13256
95377 13763
95377 365
13256 44742
44742 13763
44742 816
13763 114518
114518 365
365 112530
112530 965
112530 816
965 252954
965 503
965 9101
965 73565
965 49603
252954 503
252954 818
503 241723
503 818
503 9101
241723 818
818 199316
818 9101
199316 9101
9101 14837
14837 1837
1837 274907
1837 145686
1837 32041
274907 37454
37454 220938
220938 816
816 73565
73565 59691
59691 998
998 17475
998 1759
998 145686
998 32041
17475 1759
1759 145686
145686 11603
11603 64231
64231 52797
64231 959
52797 32041
32041 959
959 49603
49603 50526
50526 34231
34231 34224
34231 57167
34224 8742
8742 112484
8742 57167
112484 57167
57167 35346
35346 59238
35346 21020
59238 119687
119687 21020
21020 119109
119109 40276
40276 393194
393194 111086
