445584 40261
40261 192462
192462 96022
96022 65007
96022 14064
65007 71501
65007 1267
71501 14064
71501 4259
14064 99030
14064 600
14064 5188
99030 69314
69314 237172
69314 2670
69314 2689
69314 2417
237172 2836
2836 256795
2836 105110
2836 30793
2836 2417
256795 32848
32848 14237
14237 3902
14237 3702
3902 49844
3902 49835
3902 330
3902 379252
3902 11945
3902 2417
3902 5188
49844 49835
49844 142781
49835 1042
49835 3597
49835 1274
49835 2417
49835 4259
1042 5532
1042 158
5532 4134
5532 1267
5532 1274
4134 374916
4134 167415
4134 330
4134 30793
167415 572
572 21369
572 85694
572 2417
572 17471
572 4259
21369 39660
21369 1267
21369 2417
39660 60553
60553 2062
60553 1267
60553 2417
2062 15821
15821 47981
47981 39628
39628 51287
51287 23790
51287 2670
51287 330
51287 2417
51287 4259
23790 11289
23790 330
11289 600
600 151691
600 54868
600 158
151691 9221
151691 2417
9221 409867
9221 1274
409867 2670
409867 1274
409867 2417
409867 5188
409867 4259
2670 65538
2670 124274
2670 2668
2670 252984
2670 2689
2670 372095
2670 142781
2670 2383
2670 1274
2670 244068
2670 30793
2670 2417
2670 17471
65538 85694
65538 1274
85694 130734
130734 124274
124274 155487
124274 112914
124274 2668
124274 2689
124274 1274
124274 2417
155487 132220
155487 112914
132220 112914
112914 158916
112914 2668
158916 155885
158916 2668
155885 2668
155885 2417
2668 252984
2668 1274
2668 204617
2668 17471
252984 1267
252984 1274
1267 150265
1267 1274
150265 2689
2689 372095
2689 1274
2689 17471
372095 330
372095 1274
330 54868
330 105110
330 1274
54868 158
158 90011
158 205364
90011 132791
132791 3597
3597 14236
3597 71174
3597 3702
14236 71174
71174 3702
3702 142781
142781 379252
142781 2417
379252 11945
11945 32742
11945 2417
32742 105110
105110 105109
105110 26538
105109 28658
28658 28639
28658 2383
28639 2383
28639 13241
28639 26538
28639 46469
2383 13241
2383 26538
13241 11505
13241 125654
13241 63908
13241 46469
11505 125654
125654 26538
26538 63908
63908 46469
63908 28584
46469 57593
57593 28584
28584 14382
14382 1531
1531 205364
205364 1274
1274 244068
1274 204617
1274 2417
1274 17471
244068 59709
59709 196680
196680 30793
196680 5188
196680 4259
30793 18177
30793 5188
30793 4259
18177 204617
18177 18162
204617 2417
204617 18162
204617 4259
2417 16868
2417 17471
2417 59096
16868 5188
5188 17471
17471 18162
17471 4259
18162 4259
4259 51147
4259 17885
51147 17885
17885 59096
59096 65998
65998 10901
