210609 3419
210609 331
210609 407
3419 211213
3419 6166
3419 266884
3419 148653
3419 3393
3419 45955
3419 407
211213 6166
211213 965
211213 3393
6166 266884
6166 148653
6166 3393
148653 965
148653 3393
148653 407
965 246906
246906 3393
3393 64619
3393 407
64619 83843
64619 1837
64619 7
64619 42
64619 396
64619 407
83843 24370
83843 29872
24370 29872
29872 1343
1343 91007
1343 7
1343 93
1343 396
91007 1837
1837 274625
1837 201697
1837 7
201697 7
7 282126
282126 42
282126 93
42 215526
42 88059
42 6948
215526 331
215526 6948
215526 14577
215526 16783
331 72677
331 126716
331 8486
331 6710
331 9248
72677 5726
5726 22839
22839 88059
88059 418
88059 396
418 60628
418 126716
60628 299
60628 396
299 126716
126716 25798
126716 396
25798 66070
66070 80122
66070 396
80122 188834
80122 396
188834 12665
12665 227522
227522 93
93 303900
303900 14549
14549 292973
14549 14659
14549 69749
14549 104703
14549 99118
14549 76098
14549 325525
14549 288943
14549 22636
292973 14659
14659 296454
14659 22636
296454 92076
296454 8721
296454 30230
296454 56631
296454 6948
296454 22636
92076 364170
364170 8721
364170 30230
8721 60324
8721 104703
8721 14577
8721 16783
60324 69749
60324 6948
60324 14577
69749 8744
69749 56631
8744 90911
90911 14657
90911 14598
90911 14577
14657 67718
14657 14577
67718 43994
67718 14598
67718 14577
43994 104703
43994 99118
43994 76098
43994 67990
104703 99118
104703 14598
104703 30230
104703 6948
99118 14571
99118 6948
99118 14577
99118 16783
99118 396
14571 364806
14571 85969
14571 76098
14571 30230
14571 14577
14571 100977
14571 67991
14571 360744
14571 16783
14571 248738
364806 116745
364806 6948
364806 58067
364806 14577
364806 16783
116745 103101
116745 14598
103101 85969
103101 6948
103101 14577
85969 370654
370654 76098
370654 6948
76098 14598
76098 6948
76098 14577
14598 325525
14598 58067
14598 16783
325525 30230
30230 288943
30230 325755
30230 58067
30230 134629
30230 67990
30230 16783
288943 56631
56631 390071
56631 6948
390071 6948
6948 325755
6948 58067
6948 14577
6948 65016
6948 67990
6948 248738
58067 14577
58067 16783
14577 134629
14577 67990
14577 100977
14577 67991
14577 16783
14577 396
134629 65016
134629 16783
65016 67990
67990 132450
67990 67991
67990 16783
132450 100977
132450 16783
132450 22636
100977 67991
100977 16783
67991 16783
67991 396
360744 16783
16783 248738
248738 22636
22636 183674
183674 8486
8486 195118
195118 6710
6710 9248
9248 396
396 69600
69600 184292
184292 222899
222899 201843
201843 288931
201843 16968
16968 45955
45955 79769
45955 407
79769 145464
145464 267709
267709 77165
77165 407
