445180 239913
239913 430093
430093 187136
187136 276741
187136 118445
276741 403
276741 138
403 255455
403 464
403 12251
403 179240
255455 10808
255455 816
255455 220
10808 141360
10808 19870
10808 138
141360 15333
141360 352
141360 503
15333 118765
15333 816
118765 98885
118765 2055
98885 2688
98885 352
98885 220
2688 50607
2688 816
50607 47050
50607 220
47050 100082
47050 352
47050 11888
100082 76492
100082 10534
100082 213
100082 352
100082 11888
76492 10534
10534 156153
156153 19870
156153 220
19870 198471
19870 26165
19870 172497
198471 213
198471 2055
198471 138
213 281801
213 333792
213 450441
213 816
213 12251
213 283513
213 172497
213 5478
213 69645
213 130716
213 170040
213 47609
213 91967
213 258022
213 503
281801 352
352 333792
352 238817
352 816
352 464
352 283513
352 69645
352 57471
352 91967
352 258022
352 503
333792 15
333792 2055
333792 138
333792 816
333792 220
333792 5478
333792 503
15 207265
15 100663
15 198139
15 253085
15 172497
15 130716
15 170040
207265 163746
207265 2055
207265 16452
163746 69518
69518 183320
69518 41893
69518 81065
69518 100663
69518 16452
183320 41893
41893 81065
41893 31290
81065 100663
100663 289736
100663 363658
100663 2055
100663 138
363658 2055
363658 16452
2055 450441
2055 138
2055 816
2055 12251
2055 253085
2055 283513
2055 172497
2055 130716
2055 170040
2055 16452
2055 31290
2055 91967
450441 138
138 238817
138 12251
138 283513
138 172497
138 130716
138 179240
138 170040
138 16452
138 31290
138 47609
138 72884
138 91967
138 258022
138 503
238817 816
238817 220
816 249157
816 220
816 12251
816 179240
249157 464
464 205512
205512 220
220 198139
220 26165
220 90645
220 22444
220 172497
220 35839
220 69645
220 130716
220 258022
220 503
198139 26165
26165 96756
96756 90645
90645 22444
22444 12251
12251 253085
12251 19908
12251 283513
12251 10593
12251 503
253085 19908
253085 22349
19908 433680
19908 440771
19908 452584
19908 283513
440771 105718
105718 452584
452584 22349
22349 283513
283513 157445
157445 31179
31179 172497
172497 5478
5478 35839
5478 130716
5478 503
35839 69645
69645 130716
69645 258022
130716 10593
10593 179240
170040 94874
170040 31290
94874 187117
187117 94150
94150 45759
94150 11888
45759 378716
378716 16452
378716 34718
16452 388316
16452 31290
16452 219731
16452 8945
16452 47609
16452 72884
388316 31290
31290 219731
31290 47609
219731 36224
36224 8945
36224 47609
8945 47609
47609 360194
360194 8964
8964 8918
8918 289657
289657 34806
289657 39172
34806 118445
118445 39172
118445 35048
39172 20943
20943 75949
75949 81038
81038 57471
57471 34718
34718 35048
35048 58741
58741 72884
72884 11888
11888 91967
91967 24277
24277 258022
258022 503
