49876 23807
23807 66978
23807 86
23807 759
23807 138
23807 301
66978 66980
66978 86
66978 759
66978 138
66978 6749
66978 352
66978 2055
66978 2161
66978 4526
66978 301
66980 26309
66980 352
26309 396
26309 759
396 118017
396 43458
396 431273
396 160849
396 397316
396 228241
396 22806
396 4526
396 301
396 186988
118017 6966
118017 6948
118017 38164
6966 6927
6966 6970
6927 6970
6927 6948
6927 6960
6927 6968
6970 153712
153712 6948
6948 188785
6948 265804
6948 160849
6948 209075
188785 91
188785 138
188785 2055
91 243850
91 22806
243850 220
243850 3369
243850 759
243850 138
243850 352
243850 301
243850 1941
220 347992
220 3369
220 41191
220 43458
220 155436
220 431273
220 397316
220 188960
220 381329
220 391321
220 1941
220 15144
220 22190
347992 2347
347992 138
347992 3158
347992 2055
347992 301
347992 1941
2347 226015
2347 249221
2347 3369
2347 132464
2347 258916
226015 138
226015 3158
226015 352
226015 4526
226015 301
249221 3369
249221 352
249221 4526
3369 41191
3369 43458
3369 269992
3369 138
3369 397316
3369 381329
3369 4526
41191 43458
41191 138
43458 86
43458 138
43458 2055
43458 301
86 216586
86 141183
86 1309
86 15144
216586 759
759 148742
759 1309
759 431273
759 41336
759 6812
759 301
759 1941
759 88493
148742 117355
117355 141183
117355 138
117355 301
141183 1309
1309 269992
1309 138
1309 301
269992 58390
269992 352
58390 155436
155436 138
155436 301
155436 1941
138 431273
138 82393
138 30819
138 265962
138 160849
138 2055
138 228241
138 22806
138 301
138 70310
138 1941
138 15144
431273 62030
431273 3158
431273 352
431273 2055
431273 301
62030 92875
62030 41336
92875 41336
92875 114422
114422 78791
78791 7567
78791 6968
7567 82393
7567 30819
7567 16443
82393 30819
82393 6960
82393 301
30819 6960
30819 16443
30819 3158
6960 265804
265804 6968
6968 265962
6968 160849
6968 209075
265962 38164
38164 160849
160849 209075
160849 2055
160849 301
209075 363909
363909 16443
16443 6812
6812 135928
6812 75103
135928 44697
44697 92941
92941 156784
156784 75103
75103 397316
397316 3158
397316 2055
3158 188960
3158 132464
3158 1941
188960 3372
188960 352
3372 381329
3372 301
3372 1941
381329 6749
381329 352
381329 4526
381329 301
6749 132464
6749 4289
6749 10895
6749 10640
6749 352
6749 2161
6749 4526
6749 1941
132464 4289
132464 10895
132464 2161
132464 4526
132464 301
4289 170641
4289 10640
4289 352
170641 8294
170641 352
170641 4526
8294 19281
8294 10640
8294 31399
19281 10895
10895 10640
10895 18507
10640 352
10640 2161
352 391321
352 31399
352 258916
352 1941
352 88493
391321 309391
391321 309392
309391 309392
309391 92277
92277 2055
2055 228241
2055 70310
2055 1941
228241 22806
22806 22792
22806 301
22792 12796
22792 38591
12796 31399
31399 2161
2161 258916
2161 86195
2161 171898
258916 4526
4526 181474
4526 18507
181474 301
301 186988
301 70310
301 1941
301 44912
301 18507
186988 27297
27297 70310
70310 1941
1941 44912
44912 15144
15144 1275
1275 38591
38591 22190
22190 88493
88493 18507
18507 86195
86195 171898
