375868 96622
96622 105273
96622 263186
96622 274
96622 390088
105273 19
105273 383
105273 206
105273 354
19 194171
19 26129
19 1284
19 2308
19 171091
19 133930
19 408
19 115320
19 1959
19 1988
194171 53961
194171 1276
194171 1959
194171 1988
53961 6241
53961 26129
53961 1276
53961 383
53961 519
53961 1988
6241 115095
6241 26129
6241 1276
6241 50932
6241 47406
6241 519
6241 1988
115095 26129
115095 1276
26129 79507
26129 129108
26129 1276
26129 1988
79507 129108
129108 1276
129108 519
129108 1988
1276 401245
1276 133930
1276 115320
1276 50932
1276 47406
1276 519
1276 1988
401245 383
383 51583
383 409271
383 9797
383 171091
383 4794
383 100776
383 133930
383 125348
383 132468
383 206
383 211651
383 33482
383 9906
383 5228
383 1988
383 59096
51583 51600
51583 206
51600 8547
51600 27672
8547 409271
8547 1284
8547 206
8547 27672
409271 1284
409271 206
409271 27672
1284 18973
1284 9797
1284 171091
1284 4794
1284 133930
1284 125348
1284 5485
1284 93229
1284 48468
18973 2308
18973 352
18973 1959
18973 354
2308 271040
2308 354
271040 3549
3549 59112
3549 171091
3549 102265
3549 205644
3549 4794
3549 74759
3549 93229
3549 408
3549 174847
3549 352
3549 50932
3549 519
3549 226583
3549 4526
3549 213275
3549 3419
3549 210974
3549 276284
3549 1988
3549 59096
3549 6897
3549 40080
3549 36639
3549 50988
59112 9797
9797 171091
9797 4794
9797 100776
9797 9906
9797 276284
9797 411831
9797 5228
9797 13480
171091 102265
171091 205644
171091 4794
171091 408
171091 352
171091 4526
171091 3419
171091 979
102265 205644
205644 15627
205644 352
205644 4526
205644 3419
15627 4794
15627 9906
15627 979
15627 13480
4794 100776
4794 71679
4794 206
4794 9161
4794 4526
4794 979
4794 167157
100776 71679
100776 9906
100776 979
100776 1988
71679 19210
71679 6897
19210 74759
19210 352
19210 3419
19210 1988
74759 11212
74759 408
74759 352
74759 4526
74759 3419
11212 133930
133930 416
133930 206
133930 519
133930 1988
416 125348
125348 5485
125348 206
125348 519
5485 93229
5485 132468
5485 206
93229 132468
93229 408
93229 9906
132468 31652
132468 206
132468 9906
132468 519
132468 4526
132468 1988
31652 153042
153042 206
206 9161
206 408
206 1959
206 211651
206 33482
206 9906
206 519
206 5228
206 1988
206 13480
9161 408
9161 352
9161 979
9161 1988
408 174847
408 352
408 9906
408 50932
408 3419
408 210974
408 5228
408 167157
174847 352
174847 979
352 115320
352 50932
352 226583
352 298229
352 213275
352 3419
352 210974
352 354
352 5228
352 1988
352 429798
352 123849
352 36639
115320 27672
115320 354
27672 48468
48468 1959
48468 519
1959 211651
211651 245
245 254384
245 11844
245 146185
245 274
254384 11844
11844 146185
11844 274
11844 979
146185 263186
146185 274
263186 332326
263186 274
332326 359030
332326 274
274 390088
390088 106284
106284 33482
33482 9906
9906 50932
50932 113192
50932 519
50932 1988
113192 13114
113192 519
13114 47406
47406 519
519 226583
519 1988
226583 4526
226583 3419
226583 979
4526 298229
4526 3419
4526 210974
4526 59096
4526 167157
298229 3419
298229 979
213275 3419
3419 210974
3419 30274
3419 276284
3419 411831
3419 5228
3419 429798
3419 36639
210974 354
210974 979
210974 1988
354 30274
354 138332
30274 47416
47416 276284
276284 61978
276284 1988
276284 40080
61978 411831
411831 979
979 5228
979 123849
979 20012
5228 243614
5228 2741
243614 2741
2741 138332
2741 1988
138332 1988
1988 429798
1988 40080
123849 20012
20012 25678
25678 59096
59096 13480
13480 167157
167157 6897
6897 40080
40080 36639
36639 19741
19741 50988
