188573 36733
188573 317
188573 465
36733 16936
16936 4408
16936 3549
16936 7932
16936 10895
4408 6354
4408 465
6354 11870
11870 3176
11870 1988
11870 396
3176 1617
1617 555
1617 396
555 19242
555 432278
19242 10748
19242 1988
19242 10895
10748 24926
10748 9702
10748 217613
10748 3549
10748 173835
10748 10895
24926 9702
24926 317
24926 1988
24926 3549
24926 7932
9702 217613
9702 317
9702 3549
9702 7932
9702 166817
9702 10895
9702 256249
217613 317
217613 1988
217613 3549
317 255900
317 137924
317 465
317 52295
317 173835
317 7932
255900 123582
123582 1790
1790 50817
1790 16934
50817 63053
63053 217646
63053 8898
217646 1773
1773 16934
16934 8898
8898 395125
8898 26064
395125 6929
6929 325363
6929 86747
6929 31724
6929 182155
6929 53234
6929 64158
6929 7551
325363 316535
325363 8956
325363 15
316535 49729
316535 8956
49729 138604
49729 189540
49729 65097
49729 8956
49729 97407
49729 9031
138604 44361
138604 65097
138604 8956
44361 189540
44361 8956
189540 65097
189540 8956
65097 425319
65097 8956
65097 97407
425319 8956
8956 97407
97407 9031
97407 7551
97407 396
9031 86747
31724 59891
31724 7551
59891 31717
31717 59892
31717 1988
31717 28462
31717 396
59892 182155
182155 53234
53234 35443
35443 151121
35443 7551
151121 77572
151121 7551
77572 35281
77572 93470
35281 37563
37563 195866
195866 93604
195866 7551
93604 332045
332045 118508
332045 7551
118508 93470
93470 161308
161308 63967
63967 15
15 131420
15 1988
15 137924
15 453158
15 5232
131420 1988
131420 396
131420 465
1988 282861
1988 28462
1988 137924
1988 11998
1988 453158
1988 5232
1988 432278
1988 465
1988 67481
1988 3549
1988 7932
282861 282859
282861 282860
282861 2934
282861 283
282859 282860
2934 314800
2934 283
2934 296908
314800 2918
314800 283
2918 181554
181554 283
283 296908
296908 28462
28462 64158
64158 7551
7551 213213
213213 396
396 137924
396 52295
396 26720
396 173835
137924 11998
137924 465
11998 453158
11998 5232
453158 5232
453158 465
5232 432278
5232 465
5232 67481
5232 173835
432278 465
465 67481
465 173835
465 6660
67481 52295
52295 26720
26720 18173
26720 3549
18173 150515
18173 173835
150515 296017
296017 3549
3549 173835
3549 166817
3549 256249
3549 155559
173835 73360
173835 10895
73360 39721
39721 19720
19720 26064
26064 6660
6660 216502
6660 42626
216502 42626
42626 234523
234523 7932
7932 166817
7932 256249
166817 10895
10895 256249
