111673 107183
107183 117882
117882 135301
135301 30861
135301 28476
135301 16783
30861 133729
133729 31028
31028 270969
31028 233878
31028 275633
31028 87296
31028 138
31028 26354
31028 16452
31028 106534
270969 73160
270969 16452
270969 6948
73160 233878
73160 16452
233878 33605
233878 30992
233878 16452
33605 233852
233852 271097
233852 138
233852 16783
233852 16452
233852 6948
271097 27179
27179 156998
27179 224938
27179 125456
156998 7946
7946 7882
7882 10781
10781 26734
26734 160562
160562 26399
160562 138
26399 61091
61091 239336
239336 118309
118309 182821
182821 259589
182821 259585
259589 259585
259589 403266
259589 28476
259589 6948
259585 403266
403266 28476
28476 295673
28476 138
28476 26354
28476 16783
28476 16452
28476 8711
28476 106534
28476 77491
295673 69417
295673 27184
295673 16452
295673 6948
69417 270132
69417 107903
69417 6948
270132 107903
107903 27184
27184 275633
27184 224938
275633 30992
30992 57093
30992 16452
30992 106534
57093 8606
57093 8959
57093 49741
57093 138
57093 16452
57093 6948
8606 87296
8606 290104
8606 107342
87296 8959
87296 49741
8959 290104
8959 107342
8959 162214
8959 106534
8959 303134
290104 194925
290104 49741
290104 16452
194925 49741
194925 6948
49741 107342
107342 138
107342 8
138 152887
138 46186
138 338984
138 16452
138 195024
138 303134
138 106270
138 385
138 2706
138 2721
152887 322
322 46186
322 3433
322 37068
322 2721
322 213
46186 12463
46186 8
12463 27085
27085 40661
27085 8
40661 86807
86807 327294
86807 162214
162214 26354
162214 6948
26354 3433
26354 106534
26354 77491
26354 31793
3433 31062
3433 8
3433 385
31062 30843
30843 224938
224938 125456
125456 338984
338984 16783
338984 16452
338984 6948
16783 357846
16783 131114
16783 61736
16783 106534
16783 67551
16783 157460
16783 195024
16783 303134
16783 151919
357846 131114
131114 16452
131114 6948
16452 61736
16452 106534
16452 157460
16452 37068
16452 77491
16452 195024
16452 193691
16452 303134
16452 30725
16452 106270
61736 6948
6948 144206
6948 229591
6948 106534
6948 157460
6948 195024
6948 193691
6948 39369
6948 303134
6948 30725
144206 50308
50308 8711
8711 110470
110470 99084
99084 229591
229591 106534
106534 67551
106534 104484
67551 104484
104484 37090
37090 157460
37090 193691
37090 106270
157460 37068
157460 30725
37068 77491
37068 39369
37068 303134
37068 30725
37068 213
77491 195024
195024 193691
193691 39369
39369 303134
39369 30725
39369 213
303134 30725
30725 106270
30725 213
106270 21002
21002 151919
151919 31793
151919 8
31793 101129
101129 8
8 385
385 2706
2706 146340
2706 2721
2706 28212
2706 3117
146340 2721
2721 28212
2721 213
28212 35670
35670 3117
3117 213
213 210283
