174214 2177
174214 3549
174214 3419
174214 94866
2177 283692
2177 3603
2177 47597
2177 14140
2177 3549
2177 3419
283692 3603
283692 3549
283692 1503
283692 356
3603 47597
3603 73117
3603 3549
3603 1503
3603 979
3603 26398
3603 2055
3603 8
47597 14140
47597 3549
47597 3419
47597 1503
47597 979
47597 356
47597 26398
14140 7052
14140 3549
14140 3419
14140 979
7052 10070
7052 3549
10070 28864
28864 84217
28864 12938
28864 29493
28864 979
28864 205
28864 356
28864 8
84217 39659
84217 12938
84217 2055
39659 25267
39659 12938
39659 29493
39659 979
25267 12938
25267 29011
25267 29493
25267 3549
25267 3419
25267 1503
25267 2055
25267 8
12938 137042
12938 29011
12938 29493
12938 1503
12938 2055
137042 29011
29011 63621
29011 1503
29011 979
29011 205
29011 2055
63621 12839
63621 8
12839 12898
12839 8
12898 29493
29493 27314
29493 1503
29493 42
29493 8
27314 18100
27314 356
27314 26398
18100 73117
73117 42441
73117 3549
42441 41725
42441 3549
42441 3419
42441 205
41725 5815
41725 84918
41725 47656
41725 17526
5815 84918
5815 17526
5815 3549
84918 47656
84918 17526
84918 1503
84918 2055
47656 231365
47656 17526
231365 17526
231365 3549
17526 5315
17526 300
17526 3549
17526 3419
17526 979
5315 300
5315 5873
5315 3549
300 5873
300 3549
5873 858
5873 3549
858 67335
67335 7627
7627 319286
319286 3549
319286 3419
3549 187342
3549 3419
187342 15291
187342 1503
15291 3419
15291 1503
15291 979
3419 84932
84932 1503
84932 8
1503 151754
1503 198420
1503 358104
1503 205
1503 2058
1503 148210
1503 8598
151754 72693
151754 205
151754 2055
72693 61696
72693 979
61696 979
979 198423
979 157782
979 26398
979 148210
979 134830
198423 198420
198423 198421
198423 356
198420 198421
198421 298206
298206 257761
298206 94866
257761 94866
257761 2055
94866 117753
117753 102829
102829 157782
157782 96336
96336 106330
106330 77286
106330 8
77286 42
77286 8
42 105736
42 88364
42 804
42 148210
42 134830
105736 8492
105736 3950
105736 12389
105736 8
8492 88364
8492 3950
8492 8
88364 3950
3950 61496
61496 186729
61496 106793
186729 34699
34699 106793
106793 71320
106793 31213
71320 91325
91325 31213
31213 302455
302455 358104
358104 12389
12389 250586
250586 205
205 438826
205 148210
205 8591
205 8956
205 118062
438826 356
438826 8
356 193617
193617 2058
193617 8
2058 804
2058 2055
2058 8
804 26398
804 8
26398 148210
148210 230387
148210 2055
148210 8
230387 294718
294718 8898
8898 8591
8591 8948
8591 8598
8591 8956
8591 8606
8948 20000
8948 8598
8948 8956
8948 8606
20000 255271
20000 8956
255271 8598
255271 8956
255271 8606
8598 147638
8598 8606
8598 118062
147638 8956
147638 8606
8956 269425
8956 118062
269425 269424
269425 8606
269424 8606
8606 118062
118062 2055
2055 333973
333973 8
8 134830
