71956 151075
151075 8959
8959 195958
8959 98672
8959 138633
8959 47609
195958 98672
195958 16452
195958 301
195958 8
98672 16452
98672 18413
98672 47609
16452 190383
16452 329696
16452 138633
16452 47609
16452 67286
16452 240948
16452 113060
190383 98800
98800 329696
329696 117712
117712 259465
259465 1941
259465 8
1941 275439
1941 11894
1941 301
1941 8
1941 36704
275439 11894
11894 67940
11894 301
67940 11193
67940 979
67940 8
67940 677
11193 18365
11193 149418
11193 11212
11193 27109
18365 149804
18365 149418
149804 149418
149418 11212
149418 979
11212 87532
87532 132696
87532 7783
132696 325898
132696 677
325898 979
979 18413
979 122608
979 10040
979 27109
979 376671
979 4536
979 7212
18413 138633
138633 47609
138633 301
47609 301
301 425792
301 71567
301 14571
301 8
301 167321
301 22734
301 105505
301 3443
301 13732
301 492
301 50137
301 42507
301 7212
425792 45322
45322 186286
186286 76095
76095 53281
53281 22630
53281 14571
22630 71567
22630 67286
22630 14571
71567 57392
57392 67286
57392 14571
67286 240948
67286 14571
240948 14571
14571 122608
122608 35740
35740 61722
61722 142121
142121 8
8 167321
8 22734
8 36704
8 154075
8 48138
8 10040
8 407
8 13732
8 492
167321 13929
13929 88603
88603 163193
163193 13920
163193 105505
13920 141317
141317 265076
265076 172135
172135 22734
22734 74044
22734 48956
22734 154075
74044 48950
48950 48956
48956 96797
96797 3770
3770 3729
3729 3738
3738 20499
3738 6721
20499 6721
6721 26070
6721 677
26070 113060
113060 2127
2127 36704
2127 154075
36704 105505
36704 492
105505 154075
154075 48138
154075 677
48138 158197
48138 10040
158197 10040
10040 407
407 27109
407 677
407 13732
407 492
407 32438
407 50137
407 7783
407 268300
407 141964
407 2164
407 201223
407 10892
407 11201
27109 677
677 155596
677 13732
677 492
677 376671
677 268300
677 9702
677 141964
677 2164
155596 26164
155596 7783
26164 255705
255705 228594
255705 3443
228594 3443
3443 146990
146990 101721
101721 13732
13732 492
492 32438
492 2164
32438 376671
376671 50137
50137 42507
42507 7783
42507 2164
7783 268300
7783 141964
7783 16212
268300 9702
268300 2164
9702 141964
9702 2164
141964 2164
141964 10892
141964 11201
2164 201223
201223 10892
10892 16212
16212 11201
11201 33991
33991 4536
4536 133142
4536 7212
133142 7212
