149734 1250
149734 8
149734 2353
1250 160737
1250 138191
1250 832
1250 8
1250 2244
1250 126095
160737 409
409 138191
409 645
409 221
409 832
409 2676
409 8
409 2005
409 818
138191 14188
138191 818
14188 63818
14188 645
63818 645
63818 818
645 100334
645 8
645 2005
100334 146224
100334 817
146224 2042
146224 8
2042 273695
2042 221
2042 2005
2042 17015
2042 208958
2042 818
273695 273694
273695 2676
273695 8
273694 817
817 120964
817 41172
120964 73305
73305 1415
73305 7698
1415 169429
169429 8459
8459 41172
41172 18635
18635 186976
186976 45646
186976 8
45646 300204
300204 33045
33045 364193
364193 221
221 10381
221 10333
10381 832
10381 205
10381 9906
832 81105
832 8
832 126095
832 362024
81105 4995
4995 7773
7773 7781
7781 229982
229982 227150
229982 30229
229982 205
229982 2244
227150 30229
30229 205
205 157162
205 259225
205 419
205 210905
205 9867
205 10333
205 362024
205 8005
205 818
205 620
205 30067
205 359116
157162 6014
6014 259225
259225 2676
259225 8
2676 419
419 151353
419 8
419 64148
151353 8
8 1761
8 48765
8 126095
8 2005
8 45383
8 10333
8 5411
8 818
8 12761
8 4316
8 60236
1761 1079
1079 64148
1079 5411
64148 17896
64148 9702
17896 210905
210905 48765
210905 2244
210905 5411
48765 2244
48765 9702
2244 126095
2244 12761
2244 60236
2244 210569
126095 9867
9867 2005
9867 45383
9867 54459
2005 45383
2005 9906
45383 54459
54459 10333
10333 5411
5411 362024
362024 41769
41769 16978
16978 17015
17015 35413
17015 8005
17015 818
35413 81961
35413 8005
35413 818
81961 247146
247146 9906
9906 218676
218676 8005
8005 208958
8005 818
8005 51193
8005 2353
8005 9702
208958 818
818 51193
818 44805
51193 12761
51193 9702
12761 4316
4316 85
4316 620
85 620
620 3263
3263 60236
60236 14889
14889 84205
14889 161801
84205 30067
84205 39668
30067 107800
30067 41797
30067 39668
107800 41797
41797 39668
39668 39672
39672 161801
161801 2353
2353 323004
2353 44805
2353 97585
2353 359116
2353 112802
323004 7698
7698 44805
7698 97585
44805 22052
22052 210569
210569 97585
97585 9702
9702 359116
112802 31015
31015 8700
8700 14570
8700 49159
14570 130936
14570 49159
130936 49159
