14914 24602
14914 18607
14914 13390
14914 1286
14914 1503
14914 327
14914 2071
14914 206
14914 2055
24602 18607
18607 319157
18607 13390
18607 5741
18607 2071
319157 13390
319157 1503
319157 206
13390 176437
13390 20390
13390 2071
13390 176855
176437 13584
176437 1286
176437 1503
176437 2071
176437 206
176437 2055
13584 164065
13584 1286
13584 20390
13584 2071
164065 148229
148229 1286
148229 5741
148229 2071
1286 35648
1286 1503
1286 304735
1286 255347
1286 2071
1286 176855
1286 206
1286 2055
35648 385619
35648 206
385619 1503
1503 304735
1503 9798
1503 255070
1503 10906
1503 10914
1503 49654
1503 18052
1503 731
1503 13675
1503 172763
1503 25242
1503 15104
1503 255347
1503 2071
1503 176855
1503 133327
1503 19566
1503 28091
304735 9798
304735 206
9798 255070
9798 8296
9798 731
9798 2244
9798 176855
9798 206
255070 8296
8296 169104
8296 67816
8296 25242
169104 10906
10906 10914
10906 327
10914 8462
8462 49654
8462 206
49654 18052
18052 731
18052 20390
18052 12879
731 484
731 80
731 2244
731 327
731 2071
731 206
484 61581
484 80
61581 80
61581 327
61581 206
80 230383
80 15104
230383 2244
230383 206
2244 20390
2244 133327
20390 68669
20390 206
68669 13675
68669 7006
13675 7006
7006 5696
5696 14280
14280 5741
14280 206
5741 172763
172763 133010
172763 206
172763 2055
133010 31926
31926 67816
31926 13248
67816 59661
67816 13248
59661 12879
12879 12814
12879 327
12879 25812
12814 25242
25242 58601
25242 327
58601 128895
128895 327
327 15104
327 55528
15104 12084
15104 206
12084 822
822 148498
822 255347
255347 2071
2071 176855
2071 206
176855 13248
176855 206
176855 25812
176855 2055
13248 184409
13248 6948
184409 6948
184409 54013
6948 254818
6948 50063
6948 63725
6948 78488
6948 125686
6948 287127
6948 74189
254818 206
254818 2055
206 55528
206 133327
206 48635
206 86686
206 16787
206 19566
206 74189
55528 25812
25812 133327
133327 48635
133327 2055
48635 2055
2055 294140
2055 28091
2055 74189
294140 20000
20000 86686
20000 50063
86686 16787
16787 105787
105787 50063
50063 54013
54013 62214
62214 34219
62214 14659
34219 63725
34219 19561
34219 19566
34219 125686
63725 19561
63725 19566
63725 14659
19561 19566
19566 14548
14548 78488
78488 28091
78488 14613
28091 274199
28091 111090
28091 287127
28091 74189
28091 294479
274199 353079
353079 26550
26550 190816
190816 125686
125686 125679
125679 14613
14613 111090
14613 14659
14613 287127
14613 74189
14613 294479
111090 387821
387821 35256
35256 347552
347552 14659
14659 116390
14659 287127
14659 16529
14659 35036
116390 173550
173550 35041
173550 35036
35041 287127
287127 16529
16529 74189
16529 294479
74189 14578
14578 294479
294479 35036
