16686 120388
16686 29608
120388 29608
29608 15354
15354 5753
5753 15075
15075 115944
115944 5199
5199 29573
29573 83122
29573 51459
83122 122131
83122 51459
83122 47756
122131 51459
122131 11991
51459 401865
401865 11991
11991 50148
50148 419064
419064 85314
85314 132151
132151 21469
21469 148521
148521 11885
11885 249329
249329 4898
249329 31955
249329 35353
4898 116767
4898 8711
4898 62227
4898 16335
4898 34810
4898 31955
4898 62215
4898 37837
4898 35353
4898 169383
4898 337488
4898 33485
116767 14650
116767 14604
116767 14075
116767 8711
116767 6948
116767 31955
14650 360568
14650 14604
14650 112484
14650 14075
14650 14616
14650 58228
14650 8711
14650 34810
14650 31955
14650 99190
14650 57136
360568 14604
14604 89240
14604 202528
14604 14616
14604 16335
14604 35353
14604 33485
14604 306124
89240 112484
89240 14075
89240 6948
112484 14075
112484 8711
14075 390763
14075 14616
14075 58228
14075 8711
14075 327298
14075 104897
14075 16335
14075 273368
14075 57136
390763 401355
390763 6948
401355 341337
341337 31231
31231 202528
31231 14616
31231 327298
31231 52474
31231 273368
31231 6948
202528 14616
202528 16335
202528 33485
14616 58228
14616 8711
14616 30241
14616 6948
14616 33485
58228 8711
58228 30241
58228 6948
58228 35353
8711 327298
8711 33485
327298 30241
327298 52474
327298 16335
327298 34810
327298 6948
327298 33485
30241 316716
30241 52474
316716 52474
52474 306121
52474 273368
52474 60155
52474 337488
52474 33485
306121 306122
306121 62227
306121 31955
306121 62215
306121 306124
306122 62227
62227 104897
62227 16335
62227 283423
62227 31955
62227 62215
62227 35353
104897 16335
104897 31955
16335 273368
16335 31955
16335 35353
16335 306124
16335 84257
273368 283423
273368 6948
273368 35353
283423 34810
283423 31955
283423 62215
283423 37837
34810 212041
34810 31955
34810 99190
34810 35353
212041 284963
284963 284962
284962 6948
6948 363631
6948 337488
6948 33485
6948 306124
6948 179275
6948 293132
363631 31955
31955 304701
31955 62215
31955 37837
31955 99190
31955 35353
31955 57136
31955 337488
31955 33485
31955 179275
304701 62215
62215 400304
62215 35353
62215 179275
400304 37837
37837 99190
37837 35353
99190 35353
35353 57136
35353 33485
57136 60155
60155 169383
169383 337488
337488 33485
33485 306124
33485 116548
306124 84257
306124 116548
84257 116548
116548 179275
179275 293132
293132 93
93 177292
93 93133
93 197543
177292 12062
177292 32006
12062 4844
4844 43635
43635 4493
4493 101901
4493 16831
4493 400637
101901 32006
101901 16831
32006 33194
33194 16831
400637 1361
1361 120986
120986 151152
151152 133771
133771 81716
81716 42911
42911 93133
42911 18694
42911 18089
93133 121963
93133 18089
93133 9707
121963 18694
121963 18089
18694 18089
18089 139482
139482 9707
9707 197543
197543 47756
47756 116109
116109 99218
99218 154024
