313550 37510
37510 105173
37510 30228
37510 64479
37510 59901
37510 59926
37510 88
37510 1276
105173 143714
105173 88
143714 92133
143714 31806
92133 186817
186817 52350
52350 246676
52350 97114
246676 97114
246676 35248
246676 19150
246676 31806
97114 62227
62227 86381
86381 236856
236856 35248
35248 74206
35248 30228
35248 19150
35248 2670
35248 88
35248 1276
74206 7540
74206 88
74206 1276
7540 193485
7540 55326
7540 39356
7540 169907
7540 79715
7540 308377
7540 333221
193485 55326
193485 2670
55326 39356
39356 39362
39356 2670
39362 169907
39362 39350
169907 39350
39350 79715
79715 30228
30228 64479
30228 16531
64479 59901
59901 59926
59901 19150
59901 31806
59901 88
59901 1276
59926 371889
371889 19150
371889 31806
19150 116774
19150 39216
19150 16531
19150 274203
116774 31806
31806 39216
31806 274203
39216 16531
39216 2670
39216 88
16531 274203
16531 14649
16531 2670
274203 14649
14649 308377
308377 41266
308377 1276
41266 425173
425173 141368
141368 43434
43434 79215
43434 6009
79215 116052
116052 26079
116052 1276
26079 195187
26079 67159
195187 185954
185954 41342
41342 2285
2285 218390
218390 42064
42064 81668
42064 108939
81668 108939
81668 2670
108939 67159
108939 1276
67159 18670
67159 12539
67159 2670
12539 88879
12539 2670
12539 88
12539 1276
88879 129835
88879 33664
88879 2670
129835 33664
33664 6009
6009 2486
2486 4757
4757 33686
4757 1016
33686 42664
42664 6849
42664 2670
6849 7445
7445 1016
7445 1276
1016 983
983 12558
12558 12573
12558 88
12573 109454
109454 1151
109454 88
109454 5411
109454 1276
1151 39060
1151 2287
1151 5411
39060 274398
274398 2287
2287 391896
2287 5411
2287 68162
2287 6675
2287 93323
391896 2670
391896 88
391896 1276
2670 377528
2670 76158
2670 87128
2670 1276
377528 76158
76158 369677
369677 91913
91913 142142
142142 143587
143587 88
88 74354
88 87128
88 16699
88 46262
88 22084
88 137745
88 1276
74354 5411
5411 154577
5411 68162
5411 112228
5411 93323
154577 68162
154577 6675
154577 112228
154577 199705
68162 6675
68162 112228
68162 93323
68162 184724
6675 112228
6675 93317
6675 93323
6675 199705
112228 93317
112228 93323
112228 9194
112228 199705
112228 184724
93317 93323
93323 9194
9194 199705
9194 184724
184724 87128
87128 16699
16699 46262
16699 22084
16699 1276
46262 22084
46262 1276
22084 137745
137745 1276
1276 333221
333221 9755
