26998 14973
14973 167834
167834 78362
167834 2153
167834 679
167834 891
78362 13123
78362 679
78362 1062
78362 492
78362 13483
13123 15488
13123 171
13123 126562
13123 13133
13123 689
13123 679
13123 492
13123 13483
13123 12838
15488 62257
15488 492
62257 160706
62257 171
62257 4259
62257 2153
62257 679
62257 1062
160706 38086
160706 171
38086 171
38086 492
38086 75083
171 126562
171 75083
126562 13133
126562 4259
126562 2153
126562 679
126562 1062
126562 492
13133 94753
13133 18515
94753 11149
94753 492
11149 282397
282397 225724
225724 283242
283242 149608
149608 269095
149608 689
269095 4259
4259 342174
4259 32669
4259 689
4259 241709
4259 60838
4259 51354
4259 75083
4259 12838
4259 23182
4259 132431
4259 5439
4259 6501
342174 55756
342174 1062
55756 18515
18515 39422
18515 689
18515 679
18515 36731
18515 18106
39422 32669
39422 11945
39422 679
39422 35829
39422 1062
32669 2153
32669 689
32669 679
32669 1062
32669 15971
32669 5439
11945 69945
11945 2153
11945 689
11945 679
11945 3630
11945 1062
11945 5439
69945 2153
69945 35829
2153 277833
2153 689
2153 241709
2153 679
2153 141063
2153 36731
2153 18106
2153 31650
2153 12838
2153 41259
2153 5439
277833 689
689 241709
689 679
689 35829
689 155033
689 12838
689 15971
689 5439
689 70344
241709 679
241709 1062
679 141063
679 35829
679 36731
679 18106
679 60838
679 132431
679 5439
141063 368123
141063 1062
368123 35829
35829 155033
35829 5439
155033 36731
155033 983
36731 18106
36731 132431
36731 15971
36731 5439
18106 60838
18106 41259
18106 132431
18106 15971
60838 3630
60838 1062
3630 258365
3630 22031
3630 31650
3630 1062
3630 5439
258365 22031
258365 31650
22031 166869
22031 31650
166869 31650
31650 22164
31650 1062
22164 1062
1062 51354
1062 75083
1062 19870
1062 12838
1062 41259
1062 15971
1062 5439
1062 93863
1062 283111
1062 436
51354 51357
51354 5478
51354 5439
51357 5928
5928 194106
194106 5478
194106 891
5478 58681
5478 77801
58681 77801
77801 492
77801 2193
492 75083
75083 78054
75083 19870
75083 13483
75083 891
78054 19870
19870 13483
13483 95122
95122 12838
12838 23182
12838 15971
23182 41259
41259 891
132431 15971
15971 5439
5439 93863
93863 253
93863 983
253 205870
253 7300
253 236
205870 983
983 17791
17791 891
891 136730
136730 2193
2193 70344
70344 7300
7300 6501
6501 40219
40219 45519
40219 236
45519 264353
45519 175087
45519 204215
45519 2870
264353 248398
248398 169674
169674 175087
175087 190423
190423 55238
55238 132054
132054 386159
386159 236
236 268906
236 2870
268906 68749
68749 204215
204215 2870
2870 275865
2870 46882
2870 283111
275865 46882
46882 283111
283111 436
436 1969
1969 843
843 66183
66183 12291
12291 21563
