291 2342
291 6
2342 384434
2342 6
384434 2055
384434 213
2055 77677
2055 456
2055 97156
2055 109590
2055 386383
2055 30502
2055 286435
2055 8942
2055 186754
2055 23074
2055 331339
2055 50802
2055 174034
2055 163614
77677 456
77677 2697
77677 8942
77677 213
456 51840
456 97156
456 9446
456 1988
456 213
456 50802
456 6
51840 2697
51840 1988
2697 97156
2697 356305
2697 133926
97156 93866
97156 213
93866 10162
93866 163614
10162 10238
10162 8942
10162 1793
10162 163614
10238 239031
10238 213
10238 1793
10238 163614
239031 52273
52273 109590
52273 6166
109590 5009
109590 1988
109590 213
5009 9446
9446 175275
9446 22774
9446 68416
9446 1988
9446 213
9446 6
175275 22774
175275 6
22774 68416
68416 22727
22727 90278
90278 68371
90278 6
68371 47825
68371 47821
68371 16531
68371 39511
47825 47821
47825 304581
47821 230790
47821 16531
47821 304581
230790 115661
115661 386383
115661 16531
386383 63253
63253 59354
59354 16531
59354 101063
16531 101063
16531 8942
101063 304581
304581 39511
39511 381299
381299 201072
201072 169689
169689 66250
66250 31256
31256 228903
31256 286435
228903 74944
74944 317955
317955 30502
30502 286435
286435 8942
8942 186754
8942 64686
8942 50802
186754 1881
186754 213
186754 6
1881 159178
1881 1988
1881 5193
1881 2332
1881 174034
1881 159066
1881 135873
1881 271240
159178 1988
1988 224787
1988 5193
1988 50802
1988 2332
1988 174034
1988 159066
1988 135873
1988 6
224787 21983
21983 247778
21983 6166
21983 4059
247778 6166
6166 166280
6166 285988
166280 61528
61528 64686
64686 213
213 39436
213 23074
213 50802
213 163614
39436 23062
23062 10447
10447 129551
10447 26368
10447 66988
129551 374024
129551 26368
129551 210347
129551 66988
129551 23074
374024 26368
26368 210347
26368 23074
210347 66988
66988 23074
23074 20790
20790 130711
20790 1793
130711 60695
130711 1793
60695 342565
60695 343059
60695 141209
60695 151499
60695 26487
342565 280115
280115 331339
280115 280129
331339 280129
280129 343059
141209 1186
1186 151499
1186 162371
151499 26487
151499 1793
26487 162371
26487 1793
162371 1793
1793 180828
180828 5193
180828 27672
5193 50802
5193 174034
5193 159066
5193 135873
50802 2332
50802 6
2332 6369
2332 174034
2332 135873
2332 6
6369 174034
174034 159066
135873 6
6 356305
6 133926
356305 27672
27672 35977
35977 118721
118721 133926
133926 60209
60209 285988
285988 7698
7698 271240
271240 4059
4059 163614
