12047 602
12047 301
12047 349
602 4714
4714 301
4714 211
4714 88
4714 349
301 147261
301 100410
301 78761
301 370
301 42989
301 117439
301 153922
301 4276
301 95567
301 49567
301 225959
301 396
301 247455
301 141877
301 319015
301 4344
301 197316
301 275519
301 260768
301 8811
301 399968
301 17909
147261 211
147261 349
211 31352
211 73722
211 331
31352 100410
31352 2138
31352 331
100410 16088
100410 370
100410 13486
100410 4344
100410 51794
100410 36660
16088 78761
16088 42989
16088 2138
16088 7782
16088 13486
16088 152878
16088 4344
16088 16976
16088 51794
78761 58253
78761 370
58253 370
58253 2138
370 186455
370 42989
370 88
370 117439
370 4276
370 2138
370 133736
370 13486
370 17017
370 111904
370 73722
370 225959
370 396
370 247455
370 81943
370 4344
370 16976
370 399968
186455 42989
186455 7782
186455 396
42989 8498
42989 88
42989 2138
42989 7782
42989 396
42989 4344
8498 151560
8498 205627
8498 141877
151560 251685
251685 88
251685 349
88 117439
88 169517
88 19870
88 153922
88 175525
88 1852
88 85862
88 2138
88 180568
88 111904
88 247455
88 16976
88 197316
88 260768
88 354215
88 59187
88 100628
88 16901
88 25
117439 169517
117439 19870
117439 349
117439 1852
117439 2138
117439 7782
117439 17017
117439 317
117439 4344
117439 891
169517 19870
169517 7782
169517 891
19870 153922
19870 1852
153922 349
349 175525
349 1852
349 111904
349 354215
175525 1852
1852 85862
1852 205627
1852 354215
1852 78777
1852 100628
1852 399968
1852 16901
85862 4276
85862 11716
85862 7782
4276 91380
4276 2138
4276 6166
4276 317
4276 4344
4276 331
91380 152675
91380 2138
91380 6166
152675 25969
25969 11716
25969 17909
11716 2138
2138 289765
2138 7782
2138 100201
2138 95567
2138 13486
2138 111904
2138 73722
2138 225959
2138 152878
2138 81718
2138 360662
2138 4344
2138 16976
2138 331
289765 205627
205627 133736
133736 205625
205625 7782
7782 180568
7782 73722
7782 81943
7782 4344
180568 100201
180568 317
180568 331
100201 95567
100201 317
95567 13486
95567 4344
13486 75233
13486 17017
13486 49567
13486 6166
13486 4344
13486 16976
75233 17017
17017 49567
17017 4344
49567 121617
121617 314855
121617 150417
314855 150417
150417 127831
127831 163243
163243 120244
120244 29237
29237 78366
78366 111904
111904 73722
111904 317
111904 6753
111904 331
73722 225959
73722 6753
73722 4344
225959 396
225959 317
396 247455
396 319015
396 360662
396 4344
396 131339
247455 6166
6166 141877
6166 4344
141877 317
317 319015
317 152878
317 4344
317 131317
317 354215
317 80722
319015 319016
152878 25518
152878 331
25518 81943
81943 6753
81943 4344
6753 81718
81718 4344
360662 4344
4344 16976
4344 891
16976 51794
16976 331
51794 89714
89714 59514
59514 81768
81768 36660
36660 197316
36660 131339
197316 131317
131317 131339
131339 275519
260768 331
331 354215
354215 98541
354215 78777
78777 59187
59187 318111
318111 318112
318112 891
891 100628
891 80722
891 399968
891 105241
100628 29900
29900 80722
80722 8811
8811 87236
87236 35772
35772 399968
399968 19418
105241 17909
17909 19418
19418 16901
16901 25
