429523 36103
429523 349
429523 3419
429523 213
36103 8560
36103 322
8560 9353
9353 9361
9353 43889
9353 42192
9361 43889
9361 42192
43889 42192
42192 6139
6139 304593
6139 17657
6139 68057
304593 53843
304593 7932
304593 1503
304593 63
304593 213
53843 79422
79422 53622
79422 1503
79422 15
79422 322
53622 126213
53622 28333
53622 57059
126213 28312
126213 1503
126213 15
126213 213
28312 28333
28312 118591
28333 118591
28333 316
118591 23869
118591 322
118591 213
23869 17661
23869 998
17661 400
17661 3419
17661 1503
400 17657
400 2138
400 1240
400 80
400 18138
400 1503
17657 4309
17657 2138
17657 1503
17657 40186
4309 77902
4309 1503
77902 138397
77902 2138
77902 7932
77902 1503
138397 151722
151722 59099
59099 139125
59099 82934
82934 2138
82934 3419
2138 44156
2138 18138
2138 3419
2138 7932
2138 1503
44156 865
44156 3419
865 4857
865 1240
4857 1240
1240 106912
1240 1113
106912 1113
1113 19016
19016 349
349 68057
349 3419
349 40186
349 10368
68057 548
68057 3419
68057 431
68057 63
68057 213
548 324225
548 18138
548 431
548 160303
548 40186
324225 80
324225 1503
324225 15
324225 5516
324225 322
324225 213
80 26884
80 431
80 163687
80 316
80 55427
80 36318
26884 1362
26884 3419
1362 4528
1362 5432
1362 163687
4528 5432
5432 22428
22428 18138
18138 3419
18138 1503
18138 431
3419 390255
3419 7932
3419 293465
390255 7932
390255 1503
7932 293465
7932 1503
293465 39417
293465 1503
39417 135555
135555 42293
42293 1503
1503 278304
1503 431
1503 160303
1503 360762
1503 284522
1503 16188
1503 196395
1503 85187
1503 43727
1503 55427
1503 139581
278304 431
278304 322
431 73286
431 322
431 213
431 10368
73286 160303
73286 213
160303 40186
160303 15
160303 322
160303 63
160303 213
40186 360762
40186 55427
40186 63
360762 15
15 446040
15 43727
15 55427
15 93112
15 47272
15 10368
446040 5516
5516 312340
5516 196395
5516 85187
5516 97803
312340 14729
14729 284522
14729 135648
14729 269779
14729 16139
284522 16188
16188 196395
16188 85187
16188 224476
16188 269779
16188 97803
16188 213
196395 85187
196395 224476
85187 224476
85187 16139
85187 316
85187 97803
85187 213
224476 135648
135648 269779
135648 16139
269779 16139
16139 57059
57059 20183
20183 128707
20183 142067
128707 142067
142067 96857
96857 2744
2744 43727
43727 2390
43727 213
2390 163687
163687 316
163687 213
316 55427
316 322
316 18755
316 998
316 213
55427 322
55427 63
55427 213
322 61262
322 36318
322 213
61262 63
61262 213
63 9666
9666 18755
18755 998
18755 213
998 36318
36318 97803
97803 213
213 139581
213 47272
213 10368
139581 52621
52621 93112
93112 47272
47272 69646
47272 10368
69646 10368
10368 70322
