158464 1
1 440633
1 353805
1 411158
1 288455
1 399170
1 54796
1 50
399170 95035
95035 148286
95035 39240
95035 6948
95035 40297
95035 21062
148286 316688
316688 71700
71700 320580
71700 234764
71700 2127
71700 8756
234764 26361
234764 2127
234764 6948
26361 116887
26361 21843
26361 20992
26361 8756
26361 131837
116887 73851
73851 117668
73851 6948
73851 21062
117668 59241
59241 31286
59241 103238
31286 155749
31286 6948
155749 103238
103238 415473
415473 337428
415473 6948
337428 337028
337428 34800
337028 39240
39240 125323
39240 21062
125323 427238
427238 54796
427238 6948
54796 320003
320003 38133
38133 34800
34800 286664
286664 1099
1099 10601
1099 459
10601 459
459 419385
459 5932
419385 5932
5932 6846
6846 79968
79968 44895
79968 21843
44895 2127
2127 34120
34120 23309
23309 1142
1142 2199
2199 59794
2199 24617
59794 713
713 3906
713 50
713 24617
713 4225
3906 50
50 24617
50 4225
50 30208
24617 1968
1968 95168
95168 153404
153404 21843
21843 20992
20992 8756
20992 8721
20992 28082
8756 131837
8756 6948
8756 37532
8756 28080
8756 54362
8756 39171
8756 28082
131837 6948
131837 28082
6948 344378
6948 37532
6948 53305
6948 120925
6948 28082
344378 37532
37532 90108
37532 53305
37532 61891
90108 103537
103537 1881
1881 354699
1881 43
1881 198850
354699 43
43 198850
198850 11134
11134 26134
26134 22212
22212 4225
4225 22215
22215 136980
136980 43519
136980 66985
43519 66985
66985 30208
30208 15010
30208 11066
15010 11066
15010 29985
15010 40093
11066 29985
11066 40093
29985 40093
40093 95395
95395 23980
23980 119401
119401 53305
53305 28080
28080 54362
28080 39171
28080 61891
54362 39171
39171 61891
61891 8721
8721 40275
40275 99147
40275 62194
40275 40297
99147 102416
99147 62194
102416 62194
62194 278522
62194 40297
278522 40297
40297 265777
265777 21062
21062 120925
21062 48778
21062 28082
120925 100972
100972 48778
48778 28082
