11705 9881
11705 1988
11705 408
11705 677
11705 383
9881 10905
9881 11711
9881 408
9881 31423
9881 471
9881 8299
9881 677
9881 352
10905 150863
10905 408
10905 31423
10905 8299
150863 95381
150863 385
95381 231702
95381 383
231702 3226
231702 1988
231702 15
231702 677
231702 383
3226 204722
3226 291
204722 1988
204722 677
204722 352
1988 230378
1988 154700
1988 373784
1988 38469
1988 17283
1988 140172
1988 8299
1988 86107
1988 12649
1988 53911
1988 46831
1988 17496
1988 48963
1988 15
1988 677
1988 303809
1988 383
1988 218811
1988 334269
1988 352
1988 18944
1988 380
1988 49107
373784 11711
11711 38469
11711 408
11711 471
11711 11655
11711 8299
11711 352
38469 408
38469 2662
38469 677
38469 352
408 31423
408 471
408 17283
408 3963
408 2662
408 86107
408 12649
408 53911
408 46831
408 17496
408 44239
408 48963
408 3158
408 352
31423 471
31423 2662
31423 979
31423 677
471 17283
471 303809
17283 7690
17283 677
7690 67501
7690 38923
7690 18944
67501 3003
67501 677
3003 476
3003 12649
3003 352
3003 84684
476 3963
476 482
476 291
3963 385
3963 979
3963 291
3963 380
385 241803
385 15
385 352
385 18944
385 6203
241803 2052
241803 677
2052 12238
12238 140172
12238 12223
140172 12223
140172 383
12223 140195
12223 979
12223 383
140195 12268
140195 383
12268 348508
12268 383
348508 2662
348508 15
348508 383
2662 11655
2662 86107
2662 12649
2662 23188
2662 53911
2662 303809
2662 6203
11655 8299
11655 48963
8299 86107
8299 677
86107 979
86107 677
86107 383
86107 352
979 347001
979 153929
979 12649
979 22809
979 104617
979 215427
979 134830
979 18944
153929 89838
153929 352
89838 165750
165750 29749
29749 105445
105445 3392
3392 12649
12649 21929
12649 677
12649 383
12649 352
21929 209879
21929 23188
21929 38923
209879 214316
214316 324675
214316 117228
324675 117228
117228 150178
150178 33113
33113 78568
33113 76254
76254 137673
137673 23188
23188 53911
23188 677
53911 46831
53911 26139
53911 677
53911 352
46831 17496
17496 44239
44239 48963
44239 677
48963 22809
48963 677
48963 383
48963 352
48963 291
48963 49107
22809 15
22809 24099
15 295708
15 104617
15 134830
15 49107
295708 26139
295708 383
26139 38923
38923 47575
38923 482
38923 49107
47575 482
482 104617
104617 677
677 303809
677 218811
677 352
677 49107
303809 383
303809 352
383 44030
383 19157
383 126430
383 218811
383 18944
383 380
44030 274203
274203 19157
19157 126430
126430 39336
39336 43681
43681 31798
43681 9466
43681 33397
31798 9466
9466 34314
34314 95327
95327 39281
39281 33397
33397 218811
218811 18107
18107 215427
134830 3158
3158 334269
334269 352
352 18944
18944 291
291 6203
291 380
6203 380
380 49107
49107 84684
84684 20261
20261 24099
24099 277928
