331852 1
1 362597
1 440662
1 422212
1 329711
1 417256
1 32912
1 14946
1 979
32912 25787
25787 93555
93555 80201
93555 383
80201 259587
259587 191663
259587 6948
191663 401529
401529 14572
14572 62172
14572 14589
14572 296900
14572 149491
14572 30231
14572 377549
14572 95303
14572 37526
14572 383
14572 317030
62172 44053
44053 14589
14589 296900
14589 383
296900 33651
296900 34719
33651 149491
33651 205659
149491 30231
149491 6948
30231 386946
30231 388717
30231 37526
30231 30244
30231 317030
386946 388717
386946 34719
388717 34719
34719 377549
34719 205659
34719 343331
34719 35365
34719 95303
34719 160527
34719 317030
34719 35301
377549 205659
205659 343331
205659 244030
343331 244030
244030 372111
244030 6948
372111 35365
372111 6948
35365 95303
95303 37526
95303 383
95303 6948
95303 56279
95303 2055
37526 325039
37526 82201
37526 383
37526 56279
325039 296673
325039 82201
296673 305332
296673 82201
305332 6948
82201 4642
82201 6948
4642 4309
4309 23975
23975 198038
198038 83391
198038 5762
83391 44657
44657 857
44657 979
857 219530
857 979
219530 12755
219530 383
12755 336978
12755 105623
336978 14946
336978 979
14946 29760
29760 419
29760 383
419 179572
419 105623
419 383
419 979
179572 39583
39583 70577
39583 383
70577 105623
70577 383
105623 93521
93521 383
383 180245
383 36913
383 5650
383 236776
383 76003
383 187127
383 39351
383 202725
383 168911
383 5676
180245 979
36913 120553
36913 5676
36913 182404
120553 179247
120553 5664
120553 120572
120553 5676
179247 5650
179247 5676
5650 26848
5650 2055
5650 5664
5650 5676
5650 979
26848 5762
5762 236776
5762 979
236776 76003
236776 31917
76003 187127
76003 31917
76003 160527
187127 39351
187127 202725
187127 36235
187127 31917
187127 6948
187127 2055
39351 202725
202725 285048
202725 31917
202725 6948
285048 36235
36235 31917
36235 2055
31917 160527
160527 6948
6948 351493
6948 317030
351493 30244
30244 317030
317030 56279
56279 35301
35301 28102
28102 28176
28176 4449
4449 56494
56494 10593
10593 168911
168911 47666
168911 2055
47666 240882
240882 2055
240882 979
2055 392087
2055 198711
392087 5664
5664 120572
5664 182404
120572 5676
120572 979
5676 182404
182404 9707
9707 198711
9707 207094
198711 979
207094 979
979 136919
136919 136913
136913 315518
315518 181776
