161577 323
161577 677
323 62444
323 47976
323 10717
323 13024
323 140835
323 103138
323 150667
323 192478
323 5478
323 81598
323 561
323 70298
323 39752
323 206
323 50428
323 32552
323 431
323 12663
323 71
323 203720
62444 47976
62444 192478
47976 10717
10717 22187
10717 206
10717 677
22187 12738
12738 33425
12738 1267
33425 16366
33425 1267
33425 677
16366 44139
16366 677
44139 289351
44139 265018
44139 37346
44139 22778
44139 5193
289351 265018
265018 37346
37346 22778
22778 46751
22778 5193
22778 677
46751 189990
189990 9439
9439 88622
9439 71
88622 72577
72577 81401
81401 26298
26298 113540
26298 1206
26298 1267
113540 1206
1206 7624
7624 13024
7624 1267
13024 140835
13024 5478
140835 25451
140835 1267
25451 103138
103138 1426
103138 816
1426 150667
1426 5115
150667 11098
150667 5478
150667 816
11098 10809
11098 561
11098 5115
10809 47221
47221 192478
47221 81598
192478 5478
192478 677
5478 29542
5478 81598
5478 32233
5478 561
5478 70298
5478 39752
5478 64934
5478 64967
5478 51848
5478 66383
5478 161706
5478 431
5478 71
5478 14499
5478 67517
5478 5115
29542 81598
29542 39752
29542 66383
29542 51887
29542 206
29542 431
29542 71
29542 5193
29542 8294
29542 677
29542 2450
81598 32233
81598 561
81598 70298
81598 51848
81598 51887
81598 206
81598 431
81598 2450
81598 5115
32233 561
32233 39752
32233 66383
32233 161706
32233 1267
561 70298
561 39752
561 64967
561 30303
561 51848
561 66383
561 206
561 431
561 71
561 2450
561 5115
70298 39752
70298 206
70298 431
39752 64934
39752 51848
39752 206
39752 431
39752 67517
39752 2450
39752 5115
64934 64967
64934 30303
64934 431
64967 30303
64967 206
64967 431
64967 71
30303 51848
30303 206
30303 816
30303 30305
30303 2450
30303 5115
51848 66383
51848 206
51848 431
66383 161706
66383 206
66383 431
66383 2450
66383 5115
161706 51887
161706 206
161706 431
51887 245280
51887 1267
245280 206
245280 677
206 225144
206 32552
206 89560
206 34179
206 175167
206 38163
206 3433
206 270021
206 195524
206 71
206 14499
206 271136
206 67517
225144 31536
31536 37022
31536 76015
37022 76015
37022 30743
37022 31723
76015 31278
76015 31723
31278 74945
31278 30743
31278 30717
31278 38500
31278 31723
74945 30743
74945 31723
30743 30717
30743 38500
30743 31723
30717 38500
30717 31723
38500 31723
31723 37027
31723 32552
31723 34179
31723 175167
37027 30494
30494 100215
100215 781
781 50428
50428 816
816 205167
816 3433
816 27768
816 1267
816 75061
816 30305
816 271136
205167 170496
170496 32552
32552 89560
89560 34179
34179 192742
34179 175167
192742 175167
175167 38163
38163 3433
3433 431
3433 1267
431 162448
431 71
431 2450
431 5115
162448 12663
12663 27768
27768 1267
1267 270021
1267 30305
1267 14499
270021 22521
22521 75061
22521 30305
75061 30305
75061 677
30305 75853
75853 83538
83538 195524
195524 71
195524 677
71 14499
71 271136
71 67517
71 2450
71 5115
14499 112039
14499 5193
14499 677
112039 5193
112039 677
5193 271136
271136 14805
271136 5115
14805 204528
204528 8294
8294 203720
8294 677
203720 677
677 67517
67517 2450
2450 5115
