29021 25272
29021 52286
29021 4932
25272 65984
25272 689
65984 10913
65984 3393
65984 781
65984 8303
10913 140436
10913 73459
10913 689
10913 7962
140436 26900
140436 93
26900 73459
26900 93
73459 13223
73459 3393
73459 689
73459 93
73459 8303
73459 7962
73459 2166
13223 61810
13223 3393
13223 689
13223 2166
61810 3393
61810 8303
3393 383305
3393 72466
383305 689
689 156050
689 17945
689 1829
689 140830
689 11376
689 8303
689 134521
689 79774
689 7962
689 16977
689 370
689 2166
17945 9332
9332 52286
52286 3103
3103 12633
3103 31
12633 48911
12633 31
12633 957
48911 15411
15411 83029
83029 93
93 47181
93 66473
93 77361
93 957
47181 1829
1829 43559
43559 31
43559 816
43559 146
31 143348
143348 122645
143348 816
122645 94490
94490 124604
124604 12553
12553 140830
12553 361748
12553 25170
12553 66236
140830 11376
11376 156169
11376 4932
156169 4932
4932 79298
79298 66473
79298 781
66473 781
781 361748
361748 25170
361748 370
361748 3979
25170 66236
66236 25957
25957 81956
81956 8303
8303 134521
8303 13128
8303 16977
8303 62476
8303 2166
134521 13128
13128 79774
13128 16977
13128 184456
13128 62476
13128 370
13128 2166
79774 313451
79774 7962
79774 2166
313451 7962
7962 16977
7962 184456
7962 370
7962 2166
16977 184456
16977 10332
16977 370
184456 10332
184456 370
184456 957
10332 62476
62476 72466
62476 370
62476 2166
72466 370
370 417994
370 2166
417994 2166
2166 238260
238260 77361
77361 89039
89039 816
816 308284
816 232856
308284 957
957 232856
232856 10534
10534 26487
26487 137386
26487 7533
137386 59148
59148 146
146 368778
368778 3979
3979 103066
103066 88958
88958 18382
88958 7533
88958 57176
18382 30992
18382 7533
18382 4819
30992 331700
30992 4819
331700 7533
7533 113869
7533 75170
7533 37489
7533 71506
7533 99114
7533 71212
7533 92831
7533 52476
113869 57176
113869 19153
57176 75170
75170 37489
75170 19153
75170 34306
37489 71506
71506 99114
99114 91029
91029 71212
71212 16529
71212 19153
16529 92831
16529 52476
92831 4819
92831 35443
92831 19153
92831 52476
92831 34306
4819 35443
35443 49732
49732 37083
37083 16779
16779 82297
82297 16731
16731 331418
331418 19153
331418 34306
19153 345814
345814 52476
52476 62216
52476 34306
62216 34306
