196555 34920
34920 35367
34920 63133
34920 63127
34920 64169
35367 70669
35367 63133
35367 64169
70669 100989
100989 63133
100989 2753
63133 63127
63133 64169
63133 383
63127 64169
63127 14621
64169 33651
64169 16358
64169 383
64169 26195
33651 416236
416236 30230
30230 348216
30230 31957
348216 16358
16358 31713
16358 45004
16358 413885
16358 233849
16358 59234
31713 31715
31713 46637
31713 26195
31715 320390
31715 14650
31715 100000
31715 59234
320390 31957
320390 14621
31957 239625
31957 14650
239625 235336
235336 14650
14650 240383
14650 293736
240383 166611
240383 311744
240383 113395
166611 311744
166611 113395
311744 113395
113395 14579
14579 65234
65234 45004
65234 100000
45004 413885
413885 43
413885 383
43 151958
43 49242
43 17109
43 83
43 30369
43 19
43 399639
43 273820
43 490
43 128513
151958 330
330 193213
330 1426
330 94103
330 203172
330 30369
330 19
330 134212
193213 1426
1426 59688
1426 203172
59688 3802
59688 19
3802 291835
291835 186989
186989 43334
186989 383
43334 17066
17066 746
746 113191
113191 23576
113191 383
23576 142143
23576 175282
23576 19
23576 50282
142143 49242
49242 428378
428378 383
383 344864
383 17109
383 83
383 399639
383 2753
383 245162
383 81510
383 273820
383 105805
383 128513
383 293736
383 56756
344864 2681
2681 9304
9304 3606
3606 175282
175282 8241
8241 11188
11188 17109
11188 83
11188 11569
17109 94103
17109 83
94103 83
83 203172
83 416175
83 50282
203172 11569
11569 30369
30369 19
19 399639
19 30717
19 81510
399639 2753
399639 2662
2753 250491
2753 2662
250491 2662
2662 245162
2662 273820
2662 128513
245162 46637
46637 30717
46637 81510
46637 57921
46637 273820
46637 293736
30717 81510
30717 31248
81510 37038
81510 31248
37038 71079
37038 31248
71079 112070
112070 31248
31248 57921
31248 273820
57921 294741
57921 325645
57921 273820
57921 6951
294741 325645
325645 273820
325645 14621
273820 6951
105805 35597
35597 126484
126484 416175
416175 50282
416175 6951
50282 238219
50282 6951
50282 233849
238219 490
490 128513
490 55512
128513 6951
6951 337590
6951 55512
6951 134212
6951 233849
6951 293736
337590 55512
55512 134212
134212 96236
134212 38164
96236 38164
38164 233849
233849 26195
26195 293736
293736 14621
293736 56756
14621 408668
14621 56756
14621 100000
14621 74197
408668 56756
56756 100000
100000 59234
100000 74197
59234 74197
74197 284759
