251550 129582
129582 2837
2837 331
331 436999
331 92148
331 16691
331 32122
331 84217
331 426794
331 200860
331 4986
331 85813
331 96021
331 1503
331 111134
436999 4372
4372 143990
4372 130454
4372 86496
4372 37435
4372 155037
4372 87281
4372 34167
4372 32334
4372 1503
4372 354
143990 23665
143990 220
23665 145966
145966 7437
145966 354
7437 30019
7437 87281
7437 200860
7437 139720
7437 85813
7437 1503
30019 101211
30019 220
30019 354
101211 21819
101211 253
21819 188203
188203 26289
26289 27672
26289 408
26289 220
26289 19
26289 1503
27672 51581
51581 200029
200029 408
200029 6019
408 55401
408 92148
408 19
55401 36660
55401 891
55401 1503
36660 216938
36660 1503
216938 123645
123645 130454
123645 5038
130454 86496
130454 37435
130454 155037
130454 28237
86496 2140
86496 37435
86496 155037
86496 1503
2140 92148
92148 2785
92148 4986
2785 23276
2785 15484
2785 3003
2785 19
2785 3369
2785 96021
23276 15484
23276 4986
15484 16691
15484 26506
15484 3003
15484 2671
16691 6019
16691 220
16691 2671
16691 5030
16691 19
16691 891
16691 1503
6019 31396
31396 32122
32122 84217
84217 99277
84217 3003
84217 19
84217 4986
99277 26506
26506 3003
26506 220
3003 426794
3003 85813
426794 220
426794 4986
220 177631
220 28237
220 19440
220 5709
220 34167
220 80079
220 3369
220 96021
220 26034
220 354
220 13968
177631 2671
177631 19
2671 125199
2671 11559
2671 1503
125199 5030
125199 19
125199 891
125199 354
5030 174032
5030 13968
174032 118200
118200 37435
118200 155037
118200 1503
37435 155037
37435 87281
155037 87281
87281 28237
87281 1503
28237 200860
28237 1503
200860 19
200860 5038
19 136568
19 32334
19 1503
136568 11559
11559 33271
33271 4986
33271 2780
4986 19440
4986 13968
19440 165751
165751 139720
139720 5038
5038 50011
5038 85813
50011 6382
50011 1503
6382 75235
75235 45693
45693 262409
262409 5709
262409 891
5709 34167
5709 891
5709 1503
34167 187687
187687 891
891 80079
891 26497
80079 85506
85506 253
253 176811
253 13968
176811 85813
176811 1503
85813 361343
361343 3369
361343 354
3369 96021
96021 2780
2780 431921
2780 13968
431921 32334
32334 336766
336766 1503
1503 186527
1503 145420
1503 12443
1503 38412
1503 146992
186527 26497
26497 26034
26497 354
26034 354
354 145420
354 1232
145420 13968
13968 1232
1232 24068
24068 107378
107378 12226
12226 111134
12226 146992
111134 24035
24035 146894
146894 12443
146894 12618
12443 38412
38412 12618
12618 23755
23755 146992
