348607 31213
31213 378960
31213 202302
31213 14572
31213 429467
31213 75178
31213 60063
378960 97707
378960 31957
97707 200439
200439 14590
14590 296003
14590 361327
14590 14572
14590 113936
14590 39118
14590 37123
14590 60063
296003 334286
334286 31957
31957 202302
31957 318091
31957 361327
202302 14584
318091 14584
14584 361327
14584 56756
14584 113936
14584 79087
14584 39118
14584 37123
14584 38116
14584 9023
361327 14572
14572 429467
14572 75178
14572 39118
14572 37123
14572 35373
14572 60063
429467 56756
56756 128427
56756 113936
56756 79087
56756 55964
56756 39118
56756 396
128427 94980
94980 71556
71556 113936
71556 79087
71556 75178
113936 79087
113936 55964
79087 55964
55964 271851
271851 299420
271851 271860
299420 271860
271860 324084
324084 284887
284887 227185
227185 214316
214316 274829
214316 352760
214316 169308
214316 38492
352760 169308
169308 377731
169308 38492
38492 56990
56990 127042
56990 75178
75178 24139
75178 35373
24139 39118
24139 4
39118 37123
39118 1042
37123 35373
35373 60063
60063 47169
47169 43044
43044 1042
1042 22996
1042 4
22996 4
4 36350
36350 77440
36350 396
77440 3885
3885 117185
117185 171
171 182448
171 396
182448 97473
182448 114135
97473 114135
114135 264423
264423 396
396 337470
396 244001
396 9023
337470 78549
78549 224866
224866 28521
28521 36404
36404 72791
72791 38116
38116 47626
47626 109138
47626 183686
47626 125141
47626 64584
47626 86620
47626 41978
47626 20000
109138 36216
109138 19995
109138 8928
109138 8997
36216 268718
36216 9020
36216 183686
36216 96117
36216 50060
36216 86620
36216 244001
36216 9023
36216 65066
36216 41978
36216 56382
36216 38549
268718 9020
268718 8928
9020 183686
9020 88538
9020 19995
9020 86620
9020 8928
9020 9023
183686 96117
183686 8767
183686 19995
183686 8928
183686 8997
183686 20000
96117 88538
96117 8767
96117 19995
96117 8928
96117 8997
88538 50060
88538 56382
88538 8997
50060 97406
50060 8767
50060 8866
50060 8997
97406 56387
97406 19995
97406 8997
97406 20000
56387 114897
114897 108517
114897 19998
114897 8866
114897 19995
114897 65066
108517 125141
108517 8866
108517 65066
108517 20000
125141 130253
125141 8866
125141 238853
130253 64584
130253 8928
64584 107344
64584 8767
64584 19995
64584 8997
107344 8767
107344 8997
8767 19998
8767 86620
8767 244001
8767 9023
8767 41978
8767 56382
19998 8866
8866 114894
8866 19995
114894 19995
19995 86620
19995 244001
19995 9023
19995 65066
19995 41978
19995 98670
19995 238853
86620 8928
8928 244001
8928 9023
8928 41978
244001 9023
244001 8997
9023 65066
9023 41978
65066 41978
65066 20000
41978 56382
41978 8997
41978 238853
41978 38549
56382 98670
56382 8997
98670 8997
98670 38549
8997 238853
238853 20000
20000 38549
38549 331585
38549 169629
