323581 197109
197109 302244
197109 301
302244 301
301 274523
301 383
301 392477
301 49567
301 48870
301 492
301 13153
301 138529
301 404
301 40674
301 46214
301 206
301 2670
301 44390
301 71
301 106380
301 32363
301 316
301 289161
301 46671
274523 383
383 392477
383 36232
383 87831
383 153163
383 3467
383 49567
383 191405
383 48870
383 202675
383 138529
383 404
383 40674
383 46214
383 206
383 2670
383 10519
383 71
383 145622
383 106380
383 316
383 289161
383 46671
383 62483
392477 7437
392477 2670
7437 32495
7437 13407
32495 6945
6945 33382
33382 33420
33420 323793
323793 36232
36232 87831
36232 206
36232 2670
87831 12389
12389 111556
12389 277733
12389 129487
12389 153163
12389 40634
12389 39321
12389 100898
12389 40674
12389 47585
12389 74268
12389 348906
277733 75437
277733 12311
277733 206
75437 290294
290294 12311
290294 21656
12311 129487
12311 153163
12311 100898
12311 40674
12311 12475
12311 47585
12311 46214
129487 153163
153163 3467
153163 12475
153163 206
153163 2670
3467 49567
3467 206
49567 191405
191405 23437
191405 71
23437 8347
8347 48870
48870 492
48870 206
492 13153
492 677
492 22510
492 404
492 206
492 316
13153 4289
4289 51200
4289 677
4289 13934
51200 677
677 202675
677 138529
202675 22510
202675 206
202675 71
22510 138529
138529 404
138529 206
138529 2670
404 5163
404 206
404 2670
404 71
5163 40634
5163 206
40634 39321
40634 87807
39321 100898
39321 12475
100898 40674
40674 12475
40674 46214
40674 21656
40674 87807
12475 47585
12475 46214
47585 245130
245130 80265
80265 220163
220163 46214
46214 74268
46214 21656
74268 40689
40689 21656
21656 323798
21656 114514
323798 114514
114514 87807
87807 348906
348906 206
206 318415
206 230990
206 2670
206 44390
206 10519
206 71
206 200640
206 106380
206 13934
206 316
206 128712
318415 343335
318415 230990
230990 2670
2670 211167
2670 13407
2670 71
2670 200640
2670 106380
2670 62483
211167 13407
211167 71
13407 15241
15241 43316
15241 13934
43316 44419
44419 44390
44390 10519
44390 71
10519 71
71 200640
71 106380
200640 145622
145622 106380
106380 154920
154920 187316
187316 11568
11568 45563
11568 11239
45563 11239
11239 13934
13934 32363
32363 360270
360270 316
316 38587
38587 114976
114976 3734
114976 46530
3734 289161
3734 46671
289161 20253
20253 167249
167249 100867
100867 128712
128712 46671
46671 46540
46540 46530
46530 201927
201927 267993
267993 28299
28299 201493
201493 32735
32735 15600
15600 29049
29049 62483
