259329 259328
259328 366010
259328 206
259328 1274
366010 206
206 445502
206 432935
206 17261
206 170816
206 4344
206 2071
206 188601
206 15445
206 249379
206 283937
206 1548
206 57105
206 18621
206 108923
206 18669
206 83
206 186991
206 13570
206 3603
206 1274
206 18888
206 11339
206 17538
206 2153
206 57910
206 31016
206 176303
206 2878
206 1941
206 66394
445502 7414
445502 327
7414 93755
7414 432935
7414 17261
7414 18621
7414 108923
7414 66387
7414 18669
7414 186991
93755 10221
10221 21881
10221 66387
10221 3158
21881 327
21881 13240
21881 4118
21881 1274
21881 1941
327 432935
327 17261
327 170816
327 108923
327 83
327 425031
327 92287
327 172011
327 186991
327 1274
327 18888
327 98524
327 1941
432935 17261
432935 3158
432935 1274
17261 170816
17261 18621
17261 83
17261 1274
17261 176303
170816 354
354 94882
94882 161
161 378946
161 4344
161 18621
161 92287
161 8170
378946 4344
378946 965
378946 3549
4344 71675
4344 2166
4344 1548
4344 224494
4344 92287
4344 9914
4344 186991
4344 83497
4344 181423
4344 3603
4344 1274
4344 3549
4344 2153
4344 81959
71675 2166
71675 2153
2166 149089
2166 2071
2166 283937
2166 1548
2166 26126
2166 83
2166 3603
2166 7411
2166 3549
2166 2153
149089 2071
149089 1548
149089 3158
2071 38922
2071 1548
2071 57105
2071 16730
2071 2153
38922 145031
145031 13240
13240 188601
13240 186991
13240 83497
13240 3603
188601 15445
188601 3158
188601 1274
15445 249379
15445 283937
15445 18621
249379 1274
283937 1548
283937 1274
283937 2153
1548 57105
1548 18621
1548 965
1548 1274
57105 16730
57105 81
16730 26126
16730 2153
26126 25396
26126 83
25396 4118
25396 83
4118 60559
60559 53276
53276 31138
31138 169288
169288 18621
18621 108923
18621 66387
18621 18669
18621 83
18621 1941
108923 66387
108923 18669
108923 3158
108923 1274
108923 81
108923 1941
66387 18669
66387 25281
18669 25281
25281 83
25281 965
83 425031
83 965
83 9914
83 81183
83 1274
83 18888
83 81
83 2878
425031 3158
3158 314219
3158 965
3158 1941
3158 66394
314219 229863
314219 3549
229863 224494
229863 3549
224494 92287
224494 1274
92287 965
92287 65872
92287 3549
965 172011
965 83497
965 234218
965 7690
965 393121
965 3549
965 81
965 1941
172011 9914
172011 3549
9914 186991
9914 65872
9914 181423
9914 3549
9914 192938
9914 8170
186991 65872
186991 1274
65872 83497
83497 51132
83497 3603
51132 13570
51132 3603
51132 3549
13570 181423
13570 2153
181423 3603
181423 2153
3603 7411
3603 17541
3603 81183
3603 3549
3603 2153
7411 17541
17541 81183
17541 3549
81183 1274
81183 3549
1274 18888
1274 56200
1274 176303
1274 1941
1274 66394
1274 23247
18888 11339
11339 291380
11339 234218
234218 7690
7690 393121
393121 17538
393121 3549
17538 139721
17538 3549
139721 3549
3549 192938
3549 81959
192938 2153
2153 81959
81959 8170
8170 13100
8170 81
8170 1941
13100 81
81 57910
81 2927
81 98524
81 1941
81 66394
57910 31016
31016 44448
44448 56200
176303 2808
2808 51751
51751 66326
51751 2878
66326 2878
2878 2927
2927 98524
98524 1941
1941 66394
66394 438159
438159 23247
23247 60444
60444 127541
60444 122237
127541 122237
122237 92735
92735 249354
