357240 965
965 271915
965 20626
965 6078
965 17165
965 11666
965 154838
965 349
965 115714
965 161695
965 171657
965 22692
965 1357
965 298581
965 58266
271915 219552
271915 2161
219552 2161
219552 7437
219552 2353
2161 51240
2161 20626
2161 7407
2161 68957
2161 12119
2161 7437
2161 2353
2161 1988
51240 20626
20626 7407
20626 6078
20626 17165
7407 6078
6078 68957
6078 11666
6078 349
6078 58266
68957 17165
17165 12119
12119 11666
12119 857
11666 154838
11666 1988
154838 349
154838 1267
154838 42
349 419465
349 63983
349 4345
349 22692
349 1881
349 24699
349 1267
349 193617
349 134
349 29585
349 58266
349 1988
419465 857
419465 205
419465 323
419465 1267
419465 42
857 115714
857 171657
857 323
115714 3152
115714 42
3152 7437
3152 2353
3152 134
7437 200522
7437 161695
7437 171657
7437 21955
7437 145064
7437 2353
200522 161695
200522 200524
161695 200524
161695 171657
200524 171657
171657 205
171657 2353
205 51787
205 121390
205 29259
205 1106
205 30578
205 12003
205 201145
51787 743
743 21955
743 36551
21955 3226
21955 335
21955 805
21955 1988
3226 327560
3226 134
327560 33320
33320 40615
33320 27636
40615 27636
27636 87966
87966 40678
40678 12684
40678 1357
12684 382907
12684 91606
382907 323
323 91606
323 215388
323 4411
323 58266
91606 75095
91606 335
91606 4411
75095 63983
75095 1881
75095 1267
75095 1988
63983 4345
63983 1881
63983 1267
4345 22692
4345 1267
4345 58266
4345 1988
22692 22510
22692 1988
22510 121390
22510 105116
22510 1988
121390 998
121390 1881
121390 335
121390 1267
121390 1988
998 1106
998 6653
998 134
998 298581
1881 28351
1881 29087
1881 1267
1881 193617
1881 58266
1881 1988
28351 85202
28351 335
28351 1525
28351 1267
28351 58266
28351 1988
85202 19844
19844 48127
19844 46469
19844 9405
19844 19840
19844 28702
19844 33090
19844 29259
48127 46469
48127 19840
46469 9405
46469 19840
9405 19840
9405 28702
9405 1267
19840 28702
28702 33090
28702 29259
33090 29259
29259 117236
29259 335
117236 1357
117236 335
1357 147049
1357 3049
1357 29087
147049 335
335 145064
335 1106
335 29087
335 30578
335 6661
335 193617
335 36551
335 24497
145064 215388
145064 2353
2353 24699
24699 4411
24699 1267
24699 1988
4411 154508
4411 42
154508 1106
154508 1267
154508 42
154508 1988
1106 182531
1106 134
1106 175
182531 3049
182531 134
3049 252277
3049 6653
252277 6653
252277 12003
6653 29087
29087 30578
29087 1525
29087 1267
29087 42
29087 1988
30578 425282
30578 187574
30578 196315
425282 6661
187574 6661
6661 196315
6661 12003
196315 12003
196315 1267
12003 201145
201145 1525
1525 383526
383526 1267
1267 193617
193617 805
193617 134
193617 1988
805 36551
805 134
36551 1288
1288 20602
20602 134
134 298581
134 175
298581 97
298581 175
298581 42
97 175
175 24497
24497 42
42 29585
42 84323
29585 58266
58266 73707
58266 1988
73707 105116
105116 1988
1988 84323
