216265 677
216265 6
677 218053
677 289763
677 7782
677 118973
677 89606
677 48197
677 133788
677 73066
677 79615
677 369533
677 503
677 421130
218053 7274
7274 12899
7274 66003
7274 93225
12899 2244
12899 857
12899 4259
12899 1286
12899 1062
12899 8942
12899 6
2244 289763
2244 89606
2244 1062
289763 7782
289763 960
289763 503
289763 7698
7782 118973
7782 960
7782 4259
7782 1062
7782 503
118973 7691
118973 960
118973 857
118973 503
7691 89606
89606 48197
89606 960
48197 10299
48197 133771
48197 133788
48197 960
48197 4259
10299 88107
10299 133771
88107 133771
133771 133788
133788 960
960 447352
960 73066
960 1062
960 43014
960 503
447352 857
857 311877
857 112861
857 83906
857 268563
857 43014
311877 308
112861 4259
112861 31617
4259 278859
4259 66003
4259 9892
4259 20167
4259 77696
4259 83906
4259 369533
4259 123094
278859 54538
278859 4305
54538 73066
54538 9892
73066 66003
73066 503
73066 7698
66003 9892
9892 110541
9892 8942
9892 7698
110541 38592
38592 131986
38592 152760
38592 20167
131986 23668
131986 6
23668 152760
152760 20167
20167 1286
20167 1062
1286 266329
1286 1062
1286 6
1286 21647
1286 12278
266329 7627
266329 1062
7627 77696
7627 268563
77696 533
77696 1062
533 93225
533 142225
533 4305
533 1062
93225 142225
93225 4305
93225 8942
142225 4305
4305 238513
238513 116697
238513 1062
116697 79615
79615 29411
29411 26882
26882 1062
26882 6
1062 404543
1062 83906
1062 123094
1062 6
1062 21617
1062 21647
1062 105561
1062 76722
1062 148811
1062 421130
404543 6948
6948 354654
6948 6
6948 224644
354654 35483
354654 8942
35483 83906
83906 8942
8942 369533
8942 123094
369533 7698
123094 109043
109043 13740
13740 6
6 141199
6 105561
6 148811
141199 30663
30663 136494
30663 503
136494 224644
224644 332692
332692 216238
332692 46193
216238 46193
46193 278552
46193 12264
278552 21617
278552 4730
21617 21533
21533 21647
21533 12264
21533 12278
21647 105562
21647 12278
105562 105561
105562 12278
105561 12264
12264 109536
12264 115270
12264 12278
12264 12228
109536 76722
109536 12278
76722 115270
115270 12278
12278 12228
12278 308
12228 148811
148811 4730
4730 268563
268563 308
308 43014
308 503
43014 503
503 137447
137447 7698
7698 421130
7698 372049
421130 31617
31617 226131
226131 83362
83362 372049
372049 220661
220661 229876
220661 385323
385323 2347
2347 295942
295942 95905
95905 343479
95905 306587
343479 88564
88564 306587
306587 218171
