27005 27101
27005 23944
27101 23944
23944 10710
23944 1503
23944 396
10710 178020
178020 15451
178020 335
178020 1503
178020 206
178020 43
178020 1274
15451 172315
15451 430180
15451 267464
15451 76044
15451 2553
15451 124965
15451 1503
15451 206
15451 43
15451 19943
15451 175269
15451 396
15451 24248
172315 81
172315 335
172315 223
172315 1503
172315 43
172315 1274
172315 19943
172315 396
172315 369
81 188157
81 336
81 26
81 223
81 124965
81 122531
81 6050
81 4821
81 19943
81 52837
81 1516
81 46109
81 369
188157 1297
188157 223
188157 206
188157 43
1297 430180
430180 206
430180 1274
267464 335
267464 1503
267464 206
267464 1274
335 336
335 26
335 76044
335 2553
335 223
335 124965
335 76827
335 206867
335 50805
335 17630
335 9463
335 436353
335 125423
335 19943
335 52837
335 40220
335 175269
335 64882
335 3062
336 5
336 206
336 43
336 459
5 26
5 76044
5 17630
5 40220
5 459
26 76044
26 206
26 43
26 122531
26 13346
26 1274
26 4821
26 46109
26 396
26 459
26 80295
26 369
76044 2553
76044 223
76044 206
76044 1834
76044 43
76044 1274
76044 459
76044 369
2553 119362
2553 223
2553 1503
2553 206
2553 43
2553 1274
2553 396
2553 459
2553 369
119362 223
119362 206
223 124965
223 206
223 206867
223 1274
223 21741
124965 1503
124965 206
124965 43
124965 1274
124965 19943
124965 396
1503 130612
1503 266213
1503 206867
1503 50805
1503 1274
1503 436353
1503 293941
1503 4821
1503 19943
1503 155741
1503 74695
1503 40220
1503 175269
1503 46109
1503 80295
1503 21741
130612 206
130612 396
206 76827
206 5388
206 206867
206 6050
206 50805
206 9463
206 1274
206 436353
206 19943
206 155741
206 52837
206 40220
206 13771
206 86478
206 175269
206 64882
206 1516
206 46109
206 282788
206 3062
206 118175
206 369
76827 5404
76827 5388
5404 125636
5404 103532
5404 5388
5404 396
125636 103532
125636 5388
103532 5388
5388 266213
266213 1834
1834 72162
1834 118175
1834 80295
72162 43
43 206867
43 436353
43 4821
43 19943
43 175269
43 64882
43 46109
43 369
43 21741
206867 122531
206867 1274
206867 4821
206867 22403
206867 396
122531 34750
122531 22403
34750 6050
6050 50805
6050 211211
6050 22403
6050 46109
50805 22617
50805 22403
50805 396
50805 459
22617 52742
52742 211211
211211 13346
211211 1516
13346 187110
187110 27575
27575 17630
17630 63830
63830 9463
9463 1274
9463 4821
1274 307000
1274 436353
1274 293941
1274 85179
1274 19943
1274 52837
1274 40220
1274 13771
1274 86478
1274 175269
1274 282788
1274 3062
1274 459
1274 369
1274 21741
1274 24248
436353 10111
10111 125423
125423 293941
125423 396
293941 85179
85179 4821
4821 19943
4821 175269
19943 155741
19943 396
155741 53018
53018 52837
52837 26676
26676 2867
2867 38028
2867 459
38028 2864
38028 4712
2864 74695
74695 40220
40220 151893
151893 13771
151893 10767
13771 61387
13771 86478
13771 10767
13771 46084
13771 396
61387 86478
86478 10767
86478 46084
10767 46084
46084 61360
61360 175269
175269 9768
175269 29141
175269 396
175269 459
9768 198159
9768 9755
198159 9755
9755 64882
64882 29141
29141 1516
1516 39534
1516 459
39534 22403
22403 46109
46109 396
396 282788
396 369
396 21741
282788 77390
77390 87068
87068 131297
131297 3062
3062 3022
3022 118175
118175 459
459 80295
459 369
80295 369
369 21741
21741 4712
4712 70388
70388 24248
24248 84425
24248 10925
84425 10925
10925 37386
