54201 54205
54205 40946
54205 383
40946 12185
12185 239210
12185 37992
239210 239208
239210 235338
239210 25339
239210 93
239208 88
235338 25315
25315 234809
25315 25339
25315 194720
25315 88
25315 352
234809 25339
234809 37992
25339 194720
25339 88
194720 37992
37992 421263
421263 3188
3188 249292
3188 95
3188 19340
3188 85337
3188 10392
249292 519
249292 979
519 251934
519 88
519 255501
519 3627
519 9351
519 3998
519 49147
519 8
519 70485
519 107704
519 1062
519 10392
519 112934
519 113594
251934 7638
251934 88
251934 308
251934 1062
251934 762
7638 15456
15456 563
15456 8
15456 57
15456 383
563 6423
563 1062
6423 88
6423 352
88 255501
88 80568
88 93
88 3627
88 308
88 9351
88 70193
88 51937
88 20997
88 77704
88 3998
88 49147
88 8
88 120556
88 107704
88 1062
88 10392
255501 3998
80568 93
80568 308
80568 55490
80568 10
80568 352
93 25141
93 216287
93 9351
93 169413
93 10392
25141 3627
3627 200337
200337 95
200337 352
95 200141
95 308
95 8
95 10
95 57
200141 308
200141 1062
200141 352
308 424647
308 216287
308 8
308 107704
308 352
424647 326
424647 352
326 216287
326 352
216287 9351
216287 352
9351 169413
169413 19340
169413 13222
169413 8
169413 383
169413 352
169413 979
19340 94347
94347 7457
94347 352
7457 13222
7457 8
13222 70193
70193 15108
15108 136991
136991 85337
85337 50033
85337 979
50033 21548
50033 8
21548 1664
21548 51937
21548 22722
21548 383
21548 1062
21548 762
1664 51937
51937 22722
51937 762
22722 302474
22722 383
22722 979
302474 69610
302474 418
302474 8
302474 383
69610 418
69610 383
69610 1062
418 20997
418 10
418 113594
418 20679
20997 16542
20997 383
16542 186557
16542 1062
186557 71384
71384 11888
11888 134630
11888 37069
134630 37069
37069 52602
52602 327932
327932 55490
55490 77704
77704 3998
3998 49147
49147 8
49147 10
49147 1062
8 70485
8 10
8 252922
8 107704
8 13804
8 1062
8 10392
8 40032
8 113594
70485 11877
11877 10
11877 1062
10 252922
10 383
10 1062
10 10392
252922 57
252922 1062
57 93955
93955 383
383 120556
383 120543
383 13804
383 1062
383 136241
383 113594
383 20679
120556 120543
120556 1062
120543 120539
120543 1062
120539 86849
120539 1062
120539 979
86849 107704
86849 13804
107704 13804
107704 1062
13804 166765
13804 1062
166765 1062
1062 10392
1062 113594
10392 40032
10392 979
40032 144447
144447 352
352 112934
112934 12715
12715 246365
246365 139438
139438 419919
419919 56316
419919 762
56316 136241
136241 126642
126642 85083
85083 125108
125108 979
979 113594
113594 20679
20679 205668
205668 762
