72612 74379
74379 113383
113383 26753
26753 340465
26753 312309
26753 2055
312309 2055
312309 1062
312309 12662
2055 3972
2055 81405
2055 571
2055 456
2055 1062
2055 119639
2055 147315
2055 131385
2055 393
2055 2673
2055 126716
2055 172763
2055 154247
2055 47506
2055 196311
2055 9205
3972 81405
3972 571
3972 80442
3972 9934
3972 1062
3972 1852
3972 3419
3972 84039
3972 1988
3972 88
81405 86007
81405 571
81405 1062
81405 1852
81405 1988
81405 88
86007 571
86007 1852
86007 1988
86007 88
571 80442
571 456
571 1062
571 1852
571 131385
571 1988
571 331
80442 91280
80442 1852
80442 1988
80442 88
91280 456
91280 1062
91280 88
456 120055
456 1062
456 1852
456 131385
456 393
456 12662
456 1988
456 6326
456 124520
456 88
120055 114223
120055 1852
120055 1988
120055 88
114223 48033
114223 1988
48033 9934
48033 64946
48033 55534
9934 1062
9934 13115
9934 12662
9934 55534
1062 188341
1062 13115
1062 1852
1062 131385
1062 393
1062 12662
1062 126716
1062 1988
1062 172763
1062 154247
1062 88
1062 47506
1062 9191
1062 196311
1062 9205
188341 17689
17689 97123
97123 4137
4137 145993
4137 18715
4137 127717
145993 18715
18715 373675
18715 88
373675 51742
51742 311017
51742 150703
150703 58522
58522 119639
119639 248179
248179 305577
305577 332475
332475 328195
328195 350192
328195 341805
350192 341805
341805 327700
327700 299322
299322 147315
147315 13115
13115 80920
13115 1852
13115 3419
13115 1988
13115 88
80920 972
80920 3419
80920 1988
80920 88
972 40713
972 3419
972 8005
972 175231
972 91096
972 126716
972 84039
972 409
972 23569
972 7932
972 4526
972 331
40713 297694
297694 1852
297694 88
297694 28250
297694 331
1852 264802
1852 131385
1852 393
1852 409
1852 1988
1852 124520
1852 88
1852 182975
264802 233731
264802 1988
264802 88
233731 3419
3419 8005
3419 409
3419 393872
3419 23569
3419 280148
3419 7932
3419 4526
3419 336153
3419 172763
3419 451816
8005 168193
8005 393872
8005 23569
8005 1988
8005 88
168193 8208
168193 7932
168193 4526
8208 175231
8208 4526
175231 15636
175231 4526
15636 131385
131385 393
131385 91
131385 1988
131385 88
393 3927
393 1988
3927 43308
43308 2673
43308 331
2673 91096
91096 91
91 12662
91 409
91 2278
12662 126716
126716 64946
126716 6326
126716 331
64946 55534
55534 39834
55534 331
39834 84039
84039 409
409 393872
409 4526
409 1988
409 88
393872 23569
393872 4526
23569 280148
23569 7932
23569 1988
23569 88
23569 331
280148 7932
280148 4526
7932 366652
7932 397865
7932 4526
7932 1988
366652 397865
397865 4526
4526 336153
4526 88
4526 2278
336153 1988
336153 88
1988 172763
1988 154247
1988 124520
1988 88
1988 2287
172763 154247
154247 6326
6326 124520
124520 88
88 182975
88 451816
182975 127717
127717 52520
52520 29813
29813 3058
3058 37734
3058 28250
3058 2278
37734 47506
37734 196311
37734 28250
47506 9191
47506 196311
47506 28250
47506 2278
9191 169191
9191 196311
169191 2287
2287 196311
196311 28250
196311 2278
196311 331
28250 9205
28250 3124
28250 2278
9205 3124
9205 2278
9205 331
3124 2278
2278 379931
379931 331
331 451816
