447059 88439
88439 4446
4446 438366
4446 98697
98697 30477
30477 297624
297624 205
205 272922
205 54435
205 533
205 14677
205 95032
205 170939
205 13633
205 167813
272922 8
8 20509
8 202046
8 147
8 43591
8 2116
8 54435
8 533
8 832
8 155740
8 63448
8 46669
8 382136
8 187859
8 13633
8 167813
20509 86
86 202046
86 43591
86 2116
202046 147
147 43591
147 2116
43591 2116
43591 533
2116 2690
2690 54435
2690 533
54435 533
54435 832
54435 71494
533 157864
533 187859
157864 832
832 155740
832 6940
155740 26930
155740 50361
26930 105681
105681 91288
91288 54022
54022 33138
33138 268441
33138 9031
33138 9010
33138 194926
33138 8994
33138 37832
268441 8913
268441 19999
268441 49741
8913 336066
8913 86705
8913 19999
8913 8934
8913 48498
336066 86705
86705 19999
86705 49741
86705 8934
19999 86662
19999 86671
19999 48498
19999 9031
19999 8994
19999 14677
86662 49741
86662 9031
49741 86671
49741 9031
49741 9010
49741 132349
49741 63448
49741 268891
86671 8934
8934 48498
8934 63448
48498 9031
9031 9010
9010 194926
9010 132349
194926 132349
132349 8994
8994 63448
8994 86708
63448 86708
86708 128990
128990 69319
69319 207346
207346 50361
50361 95037
50361 268891
95037 14677
95037 37832
14677 53370
14677 95032
14677 14584
53370 61905
53370 14584
53370 39244
61905 95032
61905 102373
61905 14584
95032 109325
95032 37832
95032 14584
95032 39244
109325 109321
109321 37832
109321 14584
37832 214972
37832 14584
214972 119470
119470 108535
108535 6940
6940 102436
102436 95039
102436 14584
95039 102373
95039 176096
102373 176096
176096 268891
176096 39244
268891 182950
182950 101181
101181 14584
14584 317027
317027 39244
39244 170939
170939 128539
170939 245805
170939 222669
170939 46669
128539 245805
128539 222669
128539 20287
245805 222669
222669 46669
222669 22865
46669 68480
46669 106299
46669 325958
68480 22865
22865 166490
166490 106299
106299 325958
325958 20287
20287 38634
20287 151855
38634 151855
151855 114948
114948 44650
44650 382136
382136 36617
36617 72502
72502 71494
71494 187859
187859 2288
2288 132411
2288 182340
2288 194510
2288 6715
2288 13633
2288 167813
132411 182340
182340 93297
93297 194510
93297 6715
194510 165969
165969 6715
6715 13633
13633 167813
167813 85189
