362912 259299
259299 16365
16365 317714
317714 13623
13623 85144
85144 167178
167178 111993
111993 209225
111993 39049
111993 92770
209225 39049
39049 92770
92770 7470
7470 96370
7470 511
96370 511
511 89774
511 84005
89774 11170
89774 7782
11170 22209
11170 29779
22209 50512
50512 145531
145531 7782
7782 65987
65987 42797
65987 15747
42797 42738
42738 44791
44791 89745
89745 11835
11835 15747
15747 9332
9332 137965
137965 132258
132258 82965
82965 93942
82965 676
93942 676
676 29779
29779 21719
21719 16339
21719 7551
16339 15137
15137 63166
15137 59501
63166 59501
63166 31231
63166 34719
59501 31222
59501 7551
59501 8706
31222 123627
31222 66615
31222 19150
31222 7551
31222 31231
31222 20522
31222 133039
31222 71551
123627 4893
123627 35295
123627 7551
123627 40267
123627 20522
123627 14614
4893 408240
4893 37561
4893 35295
4893 7551
4893 382557
4893 64550
4893 37490
4893 132752
4893 208303
4893 40267
4893 99133
4893 57257
4893 90601
4893 20522
408240 37561
408240 14649
37561 90940
37561 40267
37561 99133
37561 57257
37561 200119
37561 72834
37561 14551
37561 20522
37561 133039
90940 66615
66615 19150
66615 31231
66615 20522
19150 299115
19150 7551
19150 64550
19150 146771
19150 331913
19150 44041
19150 60055
19150 46162
19150 31761
19150 208303
19150 90601
19150 248859
299115 35295
35295 145579
35295 46162
145579 140515
140515 41391
41391 7551
7551 400704
7551 31231
7551 382557
7551 64550
7551 146771
7551 44041
7551 46162
7551 74570
7551 31761
7551 208303
7551 99133
7551 122383
7551 200119
7551 34284
7551 72834
7551 14649
7551 134816
7551 8706
7551 90601
7551 14551
7551 20522
7551 14614
400704 31231
31231 53974
31231 34231
31231 69731
31231 122383
31231 186339
31231 71551
53974 84005
84005 34231
34231 69731
69731 52355
69731 122383
69731 14614
52355 401276
401276 34719
34719 401706
34719 133039
401706 19956
19956 382557
19956 134816
19956 90601
382557 64550
64550 146771
146771 171398
146771 14649
171398 37490
37490 132752
132752 331913
331913 44041
44041 60055
44041 46162
44041 90601
46162 74570
74570 31761
74570 90601
31761 4819
4819 208303
208303 40267
208303 57257
40267 99133
40267 20522
99133 122383
99133 57257
99133 90601
122383 57257
57257 200119
200119 34284
34284 72834
34284 90601
72834 14649
14649 134816
134816 58531
58531 19060
19060 119260
19060 8706
119260 8706
8706 90601
90601 14551
14551 248859
14551 20522
248859 20522
248859 14614
20522 186339
20522 14614
20522 133039
20522 71551
186339 14614
14614 133039
133039 71551
71551 59970
