353104 7698
353104 1503
7698 196372
7698 171646
7698 176586
7698 212715
196372 256058
196372 979
196372 13134
256058 7953
7953 386592
7953 171660
7953 171646
386592 84063
84063 171660
171660 171646
171646 1663
1663 130011
130011 191256
130011 979
191256 409821
409821 287610
287610 267717
287610 320749
267717 320749
267717 294727
320749 294727
294727 339735
339735 5628
5628 6653
5628 4994
5628 1503
5628 20164
5628 24133
6653 111857
111857 4994
4994 76960
4994 198578
4994 1503
76960 479
479 10042
479 1503
10042 63327
10042 13134
10042 8312
63327 198578
63327 18484
198578 3298
198578 979
198578 1503
3298 176586
176586 24192
176586 3549
24192 51026
24192 1503
51026 44074
51026 13134
51026 960
51026 1503
44074 979
44074 13134
44074 3549
44074 8005
979 277950
979 13134
979 212715
979 960
979 142269
979 346765
979 42268
979 24133
277950 13134
277950 8005
277950 9276
13134 212715
13134 8005
13134 10025
13134 18484
13134 9276
13134 1503
212715 3549
212715 960
212715 8005
212715 1503
3549 215122
3549 960
3549 142269
3549 8005
3549 346765
3549 10025
3549 18484
3549 9276
3549 57784
3549 17528
3549 5857
215122 960
215122 1503
960 276643
960 142269
960 8005
960 346765
960 18484
960 1503
960 24133
276643 1292
1292 172246
1292 18484
1292 12929
172246 45395
172246 1503
45395 142269
142269 8005
8005 230593
8005 346765
8005 1503
346765 11095
346765 17528
11095 429005
11095 10025
11095 57784
429005 10025
10025 18484
10025 8312
18484 9276
18484 1503
9276 1503
1503 295202
1503 12929
1503 44042
1503 19152
1503 8312
1503 10152
1503 53526
1503 20164
1503 17528
295202 153122
153122 12929
12929 90758
90758 49738
49738 64655
64655 44962
64655 308279
44962 385786
385786 44042
44042 19152
44042 10152
19152 116882
116882 318720
318720 40122
40122 8984
40122 30984
8984 36825
36825 30984
30984 156910
156910 109781
109781 6961
109781 28520
6961 290133
6961 350941
350941 28520
28520 308279
308279 10124
10124 8312
8312 10294
8312 10152
10294 10152
10152 42268
42268 53526
53526 20164
20164 20217
20164 20238
20217 20238
20238 16414
20238 72121
16414 29874
16414 24378
29874 32378
29874 32353
29874 29872
29874 24133
29874 24378
32378 32387
32387 32353
32387 29872
32387 24133
32387 24378
32353 29872
32353 24378
29872 24133
29872 83844
29872 24378
24133 83844
24133 24378
83844 24378
24378 72121
72121 5354
5354 224653
224653 57784
57784 17528
57784 5857
17528 5857
