185335 14672
185335 28097
185335 7551
185335 4910
14672 87992
14672 53225
14672 28097
14672 7551
14672 14572
87992 53225
87992 56725
87992 677
53225 63780
53225 7551
53225 30243
53225 14572
63780 39510
63780 28097
63780 150926
63780 34241
39510 128152
39510 28097
39510 314730
39510 34241
39510 34306
39510 135300
128152 65011
65011 423962
65011 70629
65011 186355
70629 19145
70629 4214
70629 7551
70629 14572
70629 61530
70629 6948
19145 97226
19145 7551
19145 4910
19145 14572
97226 77404
97226 7551
97226 4910
97226 14572
97226 6948
77404 130394
130394 106116
130394 7551
130394 30243
106116 1548
106116 7551
106116 6948
1548 87027
87027 87020
87027 4214
87020 181780
181780 230
230 232808
230 11844
232808 11844
11844 113788
113788 2353
2353 379905
2353 24669
2353 5785
379905 4214
4214 24669
24669 96402
96402 5785
5785 183773
183773 5013
5013 309249
309249 34801
309249 6948
34801 276939
34801 321644
34801 104135
321644 33755
33755 167679
33755 6948
167679 56725
56725 186355
56725 7551
56725 30243
56725 14572
186355 28097
186355 7551
186355 30243
186355 14572
186355 61530
186355 6948
28097 52165
28097 7551
28097 125317
28097 333387
28097 34241
28097 34306
28097 4910
52165 7551
52165 4910
7551 125317
7551 4910
7551 31696
7551 40788
7551 37808
7551 14572
7551 61530
125317 314730
125317 34241
125317 34306
125317 4910
314730 128679
314730 4910
128679 150926
150926 333387
333387 34241
34241 388956
34241 34306
34241 4910
388956 34306
34306 135300
135300 4910
135300 30243
4910 31721
4910 14572
31721 31696
31696 31727
31727 30243
30243 254514
30243 72773
254514 72773
254514 6948
72773 73136
72773 14572
72773 6948
73136 81559
81559 98652
98652 40788
40788 37808
37808 125336
125336 14572
14572 366505
14572 209518
14572 106537
366505 61530
366505 6948
61530 209518
209518 35368
35368 329425
329425 194474
194474 301007
301007 106537
106537 82359
106537 171180
82359 103241
82359 6948
103241 296096
296096 200032
200032 301375
301375 301378
301378 171180
171180 406207
406207 6166
6166 425831
425831 677
677 372685
677 136657
677 16699
372685 1747
1747 136657
136657 173582
173582 6948
6948 104135
6948 414304
104135 414304
414304 72108
72108 16699
16699 46448
46448 58328
46448 2391
58328 50635
58328 63912
50635 2403
50635 2391
2403 97205
97205 2391
2391 63912
