57534 179272
179272 48074
48074 202524
202524 125322
125322 332634
125322 90613
90613 64184
90613 1503
64184 339821
64184 304481
64184 56019
304481 43986
43986 233799
233799 35121
233799 370
35121 147846
147846 30489
147846 36171
147846 31551
147846 31546
147846 38120
147846 374
147846 8
147846 1274
30489 246343
30489 36171
30489 31551
30489 44969
30489 138106
30489 61258
30489 138104
30489 38120
30489 56019
246343 36171
36171 60713
36171 31551
36171 31546
36171 44969
36171 138106
36171 61258
36171 138104
36171 38120
36171 56019
36171 31550
60713 31551
60713 31550
31551 31546
31551 31591
31551 44969
31551 138106
31551 61258
31551 61255
31551 138104
31551 38120
31551 56019
31551 31550
31551 1503
31551 327
31551 1274
31546 31591
31546 44969
31546 138104
31546 56019
31546 31550
31546 327
31591 44969
44969 138106
44969 61258
44969 138104
44969 38120
44969 56019
138106 61258
138106 61255
138106 31550
61258 252969
61258 61255
61258 1503
61258 1274
252969 61255
61255 138104
61255 56019
61255 31550
138104 38120
138104 31550
138104 1503
138104 1274
38120 56019
38120 31550
38120 374
56019 31550
31550 1062
31550 8
31550 1834
31550 1274
374 99872
374 26057
374 61824
99872 1062
99872 1503
99872 8
99872 1274
1062 180164
1062 97154
1062 1503
1062 419
1062 74907
1062 26057
1062 69921
1062 8
1062 141
1062 126637
1062 370
1062 5948
1062 233646
1062 960
1062 191509
1062 7716
1062 1274
1062 255189
180164 5398
180164 1503
180164 1274
5398 1526
5398 370
5398 1274
1526 97154
97154 1503
97154 1274
1503 80084
1503 419
1503 26057
1503 126637
1503 370
1503 113566
1503 22400
1503 2469
1503 960
1503 60697
1503 118772
1503 61824
1503 72166
1503 1274
80084 419
80084 14928
419 74907
419 26057
419 8
419 370
419 327
419 1284
74907 26057
26057 69921
26057 8
69921 54220
69921 1274
54220 8
8 190925
8 141
8 147
8 302605
8 126637
8 327
8 60697
8 191509
8 72166
8 7716
8 1274
190925 141
190925 327
141 147
141 370
141 1834
141 6177
141 327
147 302605
302605 998
998 126637
998 2469
998 7716
998 1274
126637 370
370 48483
370 5948
370 960
370 156032
370 1274
48483 113566
48483 5948
48483 1834
48483 327
113566 5948
113566 1284
5948 322849
5948 22400
5948 327
5948 1284
22400 2469
2469 4766
4766 50413
50413 58611
58611 105048
105048 130891
130891 233646
233646 583
233646 8463
583 159662
583 8463
159662 10356
10356 267139
267139 1834
1834 153992
1834 61856
1834 191509
153992 1235
1235 6177
6177 24003
24003 7953
7953 70829
70829 70827
70829 960
70827 960
960 49834
960 1274
49834 8463
49834 327
8463 114233
8463 327
114233 327
327 60697
327 14928
327 72166
327 1274
60697 118772
60697 1274
118772 270845
270845 10647
10647 151877
151877 1284
1284 61824
1284 191509
1284 1274
61824 156032
61824 144797
61824 61860
61824 61856
61824 203426
61824 191509
156032 144797
156032 61860
156032 61856
156032 203426
156032 191509
144797 61860
144797 61856
61860 61856
61860 203426
61860 191509
61856 203426
61856 191509
203426 191509
191509 14928
14928 72166
72166 10118
10118 7716
7716 1274
1274 255189
