318088 37567
37567 331178
331178 74577
74577 66597
66597 10267
66597 138
10267 127406
10267 383
127406 122265
122265 50337
50337 30222
30222 69891
30222 1852
30222 677
30222 2417
69891 282168
69891 1852
69891 677
282168 59397
59397 226095
226095 14291
14291 22162
14291 205087
14291 138
14291 23018
14291 383
14291 2417
22162 205087
205087 39734
39734 39720
39720 39723
39720 80
39723 141350
39723 2055
141350 128386
128386 119516
128386 138
119516 80
119516 459
80 66211
80 82424
80 459
80 165409
66211 64965
64965 82424
82424 459
82424 1852
82424 383
82424 2417
459 165409
459 12782
459 383
459 2417
165409 1852
165409 138
165409 2055
165409 383
1852 380137
380137 24197
380137 677
24197 392812
24197 6749
24197 677
392812 7937
392812 677
7937 371508
7937 960
7937 6749
7937 214037
7937 4289
7937 677
7937 12782
7937 2055
7937 12748
7937 10914
7937 10910
371508 960
371508 6749
371508 4289
371508 677
960 270813
960 6749
960 214037
960 4289
960 186542
960 154760
960 10910
270813 6749
6749 214037
6749 4289
6749 186542
6749 677
6749 12748
6749 154760
6749 10914
6749 10910
214037 4289
214037 677
214037 12748
4289 186542
4289 677
4289 12748
186542 677
186542 12748
186542 10914
186542 10910
677 89759
677 15693
677 12782
677 2417
677 12748
677 10914
89759 151440
151440 260687
151440 68278
151440 24499
260687 68280
260687 68278
260687 2417
68280 124886
68280 68278
68280 221
68280 2417
124886 75365
124886 68278
124886 26259
75365 332367
332367 68278
332367 79647
332367 383
68278 375917
68278 291709
68278 225318
68278 267501
68278 288161
68278 279271
375917 24499
24499 15693
15693 291709
291709 160969
160969 225318
225318 252115
225318 88567
252115 101872
252115 79647
252115 138318
101872 79647
79647 267501
79647 88567
79647 346073
267501 187199
267501 88567
187199 407085
407085 88567
88567 288161
288161 26259
288161 138
288161 383
26259 346073
346073 138318
138318 279271
279271 369194
279271 240833
279271 138
138 294994
138 126733
138 23018
138 2055
138 205877
138 19947
138 263748
138 173430
138 279773
138 6318
138 2417
294994 221
221 102106
221 126733
221 154760
102106 126733
102106 383
126733 12782
12782 23018
12782 2417
23018 31357
23018 383
23018 2417
31357 2055
31357 383
2055 205877
2055 19947
2055 279773
2055 6318
2055 2417
205877 383
383 329696
383 19947
383 263748
383 173430
383 279773
383 2417
329696 30707
329696 19947
329696 34798
329696 31443
30707 270582
30707 19947
30707 263748
270582 19947
19947 263748
19947 288366
19947 34798
19947 31443
19947 173430
288366 34798
288366 31443
34798 246933
246933 31443
31443 173430
279773 6318
6318 285750
285750 2417
2417 157611
2417 10910
157611 12748
12748 154760
12748 10914
12748 10910
154760 10914
10914 10910
