393605 350221
350221 5193
5193 152003
5193 5226
5193 1852
5193 56305
5193 12929
5193 216
5193 88
5193 4740
152003 51426
152003 5226
152003 1852
152003 216
152003 335
152003 15451
152003 88
51426 121932
51426 335
121932 5226
121932 335
121932 15451
121932 4994
121932 2417
5226 220574
5226 1852
5226 12929
5226 186741
5226 88
5226 4740
220574 76990
220574 248
220574 1852
220574 2417
76990 298672
76990 248
76990 2417
298672 2875
298672 248
2875 66776
66776 116224
66776 248
116224 103377
116224 269121
103377 103388
103388 248
103388 979
248 256981
248 259550
248 269121
269121 1852
1852 56305
1852 12929
1852 95
1852 31183
1852 186741
1852 36516
1852 88
1852 4740
56305 12929
12929 40364
12929 88
12929 4740
40364 95
40364 960
95 230459
230459 22979
230459 6166
22979 1896
22979 335
1896 77687
1896 15484
1896 13327
1896 71418
77687 31183
77687 15484
77687 7898
31183 15484
31183 13327
31183 979
15484 13327
15484 15451
13327 12108
12108 196729
12108 979
12108 960
12108 216
196729 7898
7898 227222
227222 979
227222 960
979 301584
979 960
979 186741
979 18496
979 71418
979 556
979 164616
979 16703
979 86940
979 6166
979 212757
979 230538
979 200853
301584 960
960 186741
960 143692
960 18496
960 23430
960 36516
960 71418
960 42821
960 164616
960 19559
960 230534
960 88
186741 7960
186741 88
186741 2417
7960 143692
7960 164616
7960 230538
143692 91732
143692 23430
143692 2753
143692 335
143692 15451
143692 2417
91732 18496
91732 2753
18496 23430
18496 2753
18496 2417
23430 36516
23430 2753
36516 25507
36516 88
25507 71418
25507 2417
71418 2753
71418 556
71418 2417
2753 42821
2753 556
2753 164616
2753 2417
42821 556
42821 2417
556 164616
556 88
556 2417
164616 16703
164616 6166
164616 2347
164616 2417
16703 47339
16703 88
47339 225150
47339 223228
225150 4526
225150 2347
225150 2417
223228 21183
21183 44930
44930 86940
86940 19559
19559 236292
19559 377799
19559 371451
19559 4526
19559 6166
19559 2347
19559 88
371451 192967
192967 411189
411189 4526
4526 426460
4526 135917
4526 185810
4526 88
426460 6166
6166 224506
6166 212757
6166 129723
6166 230534
224506 2347
2347 212757
2347 188000
2347 230534
2347 234524
2347 88
188000 216
216 135917
216 4994
135917 185810
185810 156855
156855 133771
133771 129723
133771 91743
133771 218539
133771 210809
133771 230538
129723 91743
91743 218539
91743 2417
218539 210809
218539 230538
210809 230538
230538 200853
200853 230534
230534 13265
230534 88
230534 2417
13265 234524
234524 335
335 196321
335 63148
335 9195
335 4994
335 2417
196321 15451
15451 63148
15451 4994
15451 2417
63148 9254
63148 4994
9254 9195
9254 73357
9195 6675
9195 4994
9195 2417
6675 73357
73357 4994
4994 261715
261715 88
88 229967
88 4740
88 27236
229967 4740
4740 27236
27236 2417
