187661 187659
187659 24840
24840 24841
24840 408
24840 2836
24840 7782
24840 77089
24841 408
24841 8398
408 80279
408 50937
408 10819
408 8383
408 8398
408 13587
408 213
408 171918
408 16111
408 9881
408 19285
408 216642
408 98834
408 123074
408 423597
408 960
408 7782
80279 156731
80279 69464
80279 126644
80279 53741
80279 53782
80279 53628
80279 79482
80279 8398
80279 9892
156731 202099
156731 104774
156731 69464
156731 104772
156731 126644
156731 53841
156731 53764
156731 104777
156731 215282
156731 53741
156731 170393
156731 53802
156731 197777
156731 204912
156731 79482
202099 104774
202099 53741
104774 69464
104774 126215
104774 104762
104774 53841
104774 79490
104774 53764
104774 135163
104774 104777
104774 215282
104774 53741
104774 53782
104774 208207
104774 53802
104774 228562
104774 142845
104774 197777
104774 204912
104774 79482
69464 104772
69464 53841
69464 79490
69464 53764
69464 215282
69464 53741
69464 53802
69464 142845
104772 126215
104772 104762
104772 53764
104772 53741
104772 53802
104772 228562
104772 142845
104772 204912
126215 126644
126215 53841
126215 53741
126215 53782
126644 104762
126644 104777
126644 149054
126644 53741
126644 53782
126644 228562
126644 142845
126644 197777
104762 53841
104762 53764
104762 53782
104762 53802
53841 79490
53841 53764
53841 104777
53841 215282
53841 53741
53841 53802
53841 228562
53841 53628
53841 204912
79490 53764
79490 104777
79490 53741
79490 53802
79490 53628
53764 135163
53764 104777
53764 215282
53764 149054
53764 53741
53764 53802
53764 142845
53764 197777
53764 204912
135163 104777
135163 53802
104777 215282
104777 208207
104777 170393
104777 53802
104777 142845
104777 197777
215282 149054
215282 142845
149054 53741
149054 53802
53741 53782
53741 53802
53741 228562
53741 142845
53741 197777
53741 53628
53741 204912
53741 79482
53782 228562
53782 29544
208207 170393
208207 53802
170393 53802
170393 142845
53802 228562
53802 142845
53802 197777
53802 53628
53802 204912
228562 142845
142845 197777
197777 127984
197777 53628
127984 29544
127984 213
53628 204912
204912 79482
204912 213
79482 29544
79482 960
29544 2836
29544 2244
29544 577
29544 8398
2836 50937
50937 92058
50937 213
50937 9892
50937 5716
50937 960
50937 7782
92058 5792
92058 9892
92058 5716
92058 960
92058 7782
5792 149515
5792 13918
5792 18694
5792 10819
149515 317
317 433188
317 72192
317 10819
317 70271
317 35805
317 103030
317 9881
317 216642
317 423597
72192 2244
2244 412403
2244 171918
2244 204439
2244 5716
2244 98834
2244 46594
2244 44658
412403 531
412403 5716
531 25317
531 25306
531 4100
25317 25306
25317 4100
25317 213
25306 4100
4100 88025
4100 213
88025 577
88025 1896
88025 22432
88025 213
577 69577
577 13918
577 70312
577 171217
577 22432
577 70271
69577 130745
69577 13918
69577 1896
69577 22432
69577 18694
130745 13918
130745 1896
130745 18694
13918 70312
13918 1896
13918 22432
13918 18694
13918 70271
70312 1896
70312 22432
1896 70203
1896 171217
1896 10819
1896 35805
171217 90260
171217 22432
171217 213
90260 22432
22432 18694
22432 10819
22432 70271
22432 213
18694 10819
18694 70271
18694 6150
10819 70271
70271 6150
6150 35805
6150 47229
35805 8383
35805 960
35805 7782
8383 47229
8383 8398
8383 204439
47229 8398
8398 142503
8398 13587
8398 9892
8398 123074
8398 74101
142503 103030
142503 960
142503 7782
103030 62455
62455 13587
62455 960
13587 213
13587 5716
213 171918
213 204439
213 216642
213 960
213 44658
213 74101
171918 91825
171918 960
171918 7782
91825 16111
16111 228910
16111 9881
228910 9881
9881 80805
9881 19285
9881 46594
9881 960
9881 7782
80805 204439
204439 19285
204439 5716
204439 7782
19285 9892
19285 5716
9892 216642
9892 5716
9892 44658
216642 5716
216642 960
216642 7782
5716 98834
5716 46594
5716 123074
5716 191541
5716 7782
5716 44658
5716 36272
98834 46594
98834 960
98834 7782
46594 123074
46594 960
123074 960
123074 7782
423597 960
423597 7782
960 191541
960 7782
960 44658
960 19557
960 77089
191541 7782
7782 44658
44658 36272
36272 74101
74101 19557
19557 14503
14503 17230
17230 93756
17230 201365
93756 201365
93756 23376
201365 77089
77089 23376
