258881 203039
203039 2199
2199 2278
2199 69027
2199 196311
2199 49106
2199 37886
2199 36350
2278 206586
2278 69027
2278 196311
2278 87089
206586 69027
69027 71430
69027 16169
69027 196311
71430 16169
71430 1988
71430 1852
71430 4368
71430 88
71430 677
16169 206598
16169 196311
196311 87089
196311 1062
87089 39094
87089 206
87089 1062
39094 195889
39094 1062
195889 24934
24934 213798
24934 3549
213798 11044
213798 3549
11044 214682
11044 32850
11044 111893
11044 3549
11044 4368
11044 210974
11044 677
214682 65988
214682 3549
65988 214683
214683 600
214683 1988
214683 1852
214683 519
214683 88
214683 677
600 114402
114402 95
114402 88
95 108730
95 1852
95 27
95 48604
108730 1988
108730 27
108730 206
108730 88
108730 356
1988 320779
1988 1852
1988 32850
1988 73764
1988 27
1988 206
1988 2045
1988 111893
1988 237313
1988 3549
1988 99917
1988 519
1988 370
1988 4368
1988 210974
1988 88
1988 677
1988 13143
1988 89807
1988 83
1988 109040
1988 356
1988 5795
1988 219445
1988 234538
1988 52209
1988 1062
1988 166424
320779 1852
320779 206
320779 88
1852 49106
1852 73764
1852 42056
1852 2045
1852 519
1852 18543
1852 88
1852 89807
1852 109040
1852 5795
1852 52209
1852 1062
49106 32850
49106 27
49106 88
49106 677
49106 356
32850 60544
32850 37886
32850 206
32850 519
32850 370
32850 677
32850 13143
32850 1062
60544 37886
60544 519
37886 130144
37886 36350
37886 17344
37886 23663
37886 29978
130144 37890
130144 88
37890 36350
37890 23663
36350 17344
36350 60813
36350 97623
36350 29978
36350 110384
36350 206
36350 519
36350 4368
36350 88
36350 1062
17344 23663
17344 110384
17344 54400
23663 60812
23663 60813
23663 83
60812 60813
60812 27
60812 161
60813 97623
97623 29978
97623 110384
97623 88
29978 110384
29978 3549
29978 519
29978 4368
29978 88
29978 677
54400 152780
54400 73764
54400 206
54400 370
54400 1062
152780 73764
73764 1871
73764 206
73764 519
73764 370
73764 1062
1871 23558
1871 27
23558 27
23558 88
27 312484
27 109040
27 161
312484 206
206 175776
206 42056
206 155241
206 519
206 48604
206 554
206 18543
206 370
206 416147
206 89807
206 83
206 109040
206 320474
206 5795
206 1062
206 166424
175776 987
987 42056
987 554
42056 4510
42056 88
42056 1062
4510 155241
155241 2045
2045 111893
2045 519
2045 4368
2045 677
2045 89807
2045 83
111893 3549
111893 519
111893 4368
111893 677
111893 8172
111893 1062
237313 3549
3549 99917
3549 399386
3549 519
3549 370
3549 4368
3549 210974
3549 88
3549 677
3549 416147
3549 13143
3549 89807
99917 107753
99917 370
99917 677
107753 399386
399386 519
399386 88
519 48604
519 370
519 4368
519 88
519 677
519 13143
519 89807
519 109040
519 356
519 5795
519 219445
519 1062
48604 554
554 18543
554 370
554 83
554 109040
554 1062
18543 370
18543 88
18543 1062
370 47395
370 88
370 83
370 5011
370 1062
370 166424
47395 4368
47395 677
4368 210974
4368 217314
4368 88
4368 677
4368 13143
4368 89807
210974 677
217314 88
217314 677
88 415036
88 677
88 13143
88 89807
88 109040
88 320474
88 157067
88 333509
88 128102
88 69883
88 1062
415036 677
677 416147
677 13143
677 89807
677 320474
677 157067
677 219445
416147 13143
13143 89807
89807 83
89807 5011
89807 356
89807 161
89807 1062
83 109040
83 5795
83 69883
83 1062
109040 5011
109040 1062
5011 320474
320474 356
356 443583
356 157067
356 166424
443583 5795
5795 157067
157067 8172
8172 219445
219445 161
161 234538
234538 57401
57401 333509
333509 50361
50361 52209
52209 53181
53181 65011
65011 75842
65011 128102
75842 128102
128102 46567
46567 127393
127393 69883
69883 1062
1062 166424
