169746 468
468 303031
468 88
468 129926
468 365
303031 88
88 341605
88 76155
88 51672
88 264821
88 90312
88 31191
88 245955
88 148566
88 2059
88 316130
88 2166
88 370
88 885
88 365
88 152645
88 2157
88 16691
88 48985
341605 158300
158300 210048
210048 84121
84121 54093
54093 48980
54093 14735
54093 370
54093 327
48980 48978
48980 14735
48980 48985
48978 14735
14735 208818
14735 48985
208818 76155
76155 56123
56123 28657
28657 153767
28657 48985
153767 51672
51672 55630
51672 972
51672 885
51672 48985
55630 11519
11519 195310
195310 152111
152111 46514
46514 4259
4259 264821
4259 65731
4259 90312
4259 29472
4259 24051
4259 316130
4259 2166
4259 155876
4259 370
4259 172556
4259 55434
264821 965
264821 83
264821 370
965 61783
965 83
965 55434
965 972
61783 194831
194831 28966
28966 21371
28966 11407
28966 11373
28966 29472
21371 44289
21371 11407
21371 327
44289 11407
11407 65731
65731 90312
65731 11373
65731 370
90312 11373
90312 972
11373 29472
11373 327
29472 31191
29472 370
29472 972
31191 215455
31191 83
31191 370
215455 83
215455 327
83 436679
83 27085
83 2166
83 370
83 972
83 327
83 2157
83 64980
83 16691
83 22999
83 48985
436679 12223
436679 46193
436679 2059
12223 160548
12223 38388
12223 3447
12223 23876
12223 279427
12223 24034
12223 23888
12223 12209
12223 2059
12223 27085
12223 370
12223 972
12223 327
160548 46194
160548 12281
160548 370
46194 38388
46194 45728
46194 279427
46194 23764
46194 2059
46194 27085
38388 245955
38388 3447
38388 23876
38388 12281
38388 2059
245955 3447
245955 12281
3447 45728
3447 23876
3447 179803
3447 105718
3447 24051
3447 23888
3447 12209
3447 2059
3447 27085
3447 273829
45728 23876
45728 2059
45728 370
23876 279427
23876 24051
23876 12209
23876 2059
23876 27085
279427 46193
279427 2059
46193 287170
46193 179803
46193 34057
46193 27085
46193 273829
287170 397716
287170 21746
397716 21746
21746 179803
21746 23764
21746 27085
179803 129963
129963 12281
12281 105718
12281 148566
12281 266285
12281 23764
12281 2059
12281 273829
105718 148566
105718 266285
266285 23764
23764 24051
23764 2059
23764 27085
23764 370
24051 34057
24051 24044
24051 12209
24051 2059
24051 972
34057 24034
34057 24044
24034 24044
24034 2059
24044 23888
24044 12209
23888 12209
12209 2059
2059 27085
2059 273829
2059 972
27085 273829
273829 58845
58845 316130
58845 2166
58845 972
316130 2166
2166 155876
2166 370
2166 85078
2166 2157
2166 22999
155876 370
370 172556
370 972
370 152645
370 48985
172556 55434
55434 972
972 435598
972 37751
972 327
37751 327
327 129926
327 1016
327 22999
327 48985
129926 885
885 22376
22376 18044
18044 85078
85078 53774
53774 112977
112977 365
365 389736
389736 99542
99542 152645
152645 2157
2157 64980
2157 22999
64980 6983
6983 1016
1016 1138
1138 104415
1138 16691
104415 16691
16691 22999
22999 48985
