25448 16797
25448 12281
25448 12311
16797 92
92 14740
92 34682
92 4
14740 11565
14740 4
11565 41119
41119 8268
8268 277880
8268 45740
8268 4259
277880 3020
277880 1291
3020 227198
227198 19
19 81398
19 267784
19 370
19 154119
81398 339735
339735 161
161 267784
161 14550
161 4
267784 4469
4469 33429
33429 109587
33429 11057
109587 11057
109587 4365
11057 90386
11057 4365
90386 10053
90386 2179
90386 4365
90386 370
90386 4259
10053 127801
10053 2179
127801 58703
127801 2179
58703 19367
58703 2179
58703 4365
19367 340276
340276 2179
340276 4259
2179 144674
2179 370
144674 4365
4365 86202
86202 370
86202 4259
370 165223
370 12278
370 23867
370 2080
370 287733
370 45740
370 146919
370 96512
370 259777
370 4259
370 10267
165223 34682
165223 79802
165223 46181
165223 12281
165223 12311
34682 76704
34682 79802
34682 12317
34682 12281
76704 79802
79802 45732
79802 12281
45732 12317
45732 12281
12317 12278
12317 12281
12278 48388
12278 23867
12278 46181
12278 146919
12278 12375
12278 287603
12278 96512
12278 12456
12278 227320
12278 38412
12278 119141
12278 12281
12278 12311
48388 23867
48388 2080
48388 12458
48388 12456
48388 12311
23867 23766
23867 46181
23867 2080
23867 146919
23867 12456
23867 12311
23766 282517
23766 2080
23766 12311
282517 46181
282517 2080
282517 12458
282517 12311
46181 396366
46181 45740
46181 75831
396366 2080
396366 12311
2080 287733
2080 12375
2080 287603
2080 227320
2080 12311
2080 406182
2080 283926
2080 4259
287733 45740
287733 12458
287733 12456
287733 12311
45740 146919
146919 12375
146919 12458
146919 12456
146919 12281
146919 12311
12375 453096
12375 31695
12375 287603
12375 12456
12375 38412
12375 12281
453096 31695
31695 287603
31695 38412
31695 12281
287603 12458
287603 12311
12458 75831
12458 283926
75831 96512
75831 12311
75831 4
96512 12456
96512 12281
12456 227320
12456 38412
12456 119141
12456 10152
227320 12281
227320 10152
38412 119141
38412 12281
38412 12311
119141 12281
12281 346202
12281 259777
346202 12311
12311 406182
12311 283926
406182 1291
1291 163538
1291 154119
163538 51444
51444 419138
419138 1525
1525 33276
1525 14550
1525 4
1525 185379
33276 33278
33278 30768
30768 382461
382461 55951
55951 253609
55951 44446
253609 60526
60526 71207
71207 44446
44446 56848
56848 83199
83199 20988
20988 69857
20988 4259
69857 97725
97725 118017
118017 167471
167471 259777
259777 283926
283926 4259
4259 45187
4259 10152
45187 10152
10152 10267
10267 14550
14550 41331
41331 31580
41331 59890
31580 59890
59890 4
4 105213
105213 28201
105213 5592
28201 5592
5592 154119
154119 5660
5660 185379
