364400 90107
90107 74726
74726 66326
66326 227402
227402 38048
38048 40361
40361 1230
40361 142
1230 1857
1230 604
1230 142
1857 80568
80568 156714
80568 1880
156714 14218
14218 30355
30355 94020
30355 403
30355 1431
30355 138
94020 21229
21229 6259
21229 86208
21229 44323
6259 26
86208 117567
86208 503
117567 293463
293463 503
293463 4526
293463 9702
503 15043
503 138902
503 41149
503 26
503 1431
503 221
503 15962
503 112767
503 437239
503 7937
503 6749
503 10910
503 91835
503 6078
503 13881
503 138
15043 4526
4526 365497
4526 138902
4526 41149
4526 403
4526 225570
4526 6749
4526 108674
4526 91835
365497 407730
365497 138902
138902 9702
138902 7937
138902 6749
9702 41149
9702 225570
9702 437239
9702 7937
9702 346574
9702 6749
9702 91835
9702 6078
41149 7194
41149 26
41149 7937
7194 25392
25392 74989
74989 7998
74989 26
74989 403
74989 1431
74989 221
7998 140263
140263 26
140263 403
140263 138
26 103308
26 403
26 221
26 15962
26 66041
26 1035
26 13881
26 138
26 1475
103308 104877
104877 403
403 276554
403 1431
403 15962
403 4004
403 437239
403 6749
403 6078
403 49358
276554 1431
1431 137546
1431 6749
1431 49358
1431 138
137546 80327
80327 55649
80327 221
80327 138
55649 221
221 225570
221 1475
225570 27250
225570 138
225570 979
27250 15962
27250 6078
15962 604
15962 7937
15962 6749
604 4004
4004 4290
4290 1691
4290 142
1691 15945
15945 142
142 12400
12400 1880
12400 138
1880 74783
1880 1475
74783 51763
74783 27312
51763 112767
112767 27312
27312 437239
437239 7937
7937 346574
7937 6749
7937 108674
7937 10910
346574 6749
346574 979
6749 108674
6749 10910
6749 91835
108674 10910
108674 979
10910 91835
91835 6078
91835 979
6078 50003
50003 66041
66041 64419
66041 50647
66041 138
66041 979
64419 11478
64419 20715
11478 79265
79265 95387
95387 50647
50647 49358
49358 20715
20715 62360
62360 1035
62360 138
1035 51294
1035 138
1035 1475
51294 13881
51294 138
13881 44323
13881 13902
13881 979
44323 13902
44323 51341
44323 81620
13902 51341
51341 10376
10376 81620
10376 13929
81620 13929
13929 258712
258712 6598
6598 80033
6598 122070
6598 13379
80033 122070
13379 29440
13379 138
29440 138
138 437857
138 1475
437857 979
979 18874
979 12922
18874 64500
18874 4921
64500 12922
64500 4921
12922 4921
4921 6720
6720 1369
1369 1475
