119124 93817
119124 142897
119124 213772
119124 129072
119124 95669
119124 15885
93817 142897
93817 174965
93817 104758
93817 142997
93817 174978
93817 142871
93817 53774
93817 129072
93817 53697
93817 85083
93817 21966
93817 142971
93817 301
142897 174965
142897 125030
142897 104758
142897 142997
142897 125045
142897 190602
142897 129072
142897 21966
174965 125030
174965 159005
174965 45750
174965 104758
174965 174978
174965 213772
174965 125045
174965 190602
174965 93823
174965 129072
174965 85083
125030 148882
125030 159005
125030 45750
125030 104758
125030 104773
125030 142965
125030 53855
125030 190602
125030 93823
125030 142871
125030 129072
125030 142833
125030 85083
125030 208626
125030 21966
148882 142900
148882 159005
148882 45750
148882 159008
148882 104758
148882 228566
148882 104773
148882 142997
148882 142965
148882 142942
148882 125045
148882 93823
148882 142871
148882 129072
148882 142833
148882 53684
148882 159006
148882 85083
148882 142971
148882 129069
142900 159005
142900 129072
142900 85083
159005 45750
159005 104758
159005 104773
159005 142997
159005 142965
159005 53855
159005 174978
159005 125045
159005 190602
159005 93823
159005 142871
159005 53774
159005 53684
159005 85083
159005 21966
159005 129069
159005 89702
45750 159008
45750 104758
45750 104773
45750 142997
45750 142965
45750 53855
45750 174978
45750 125045
45750 190602
45750 93823
45750 143030
45750 129072
45750 142833
45750 85083
45750 142971
45750 129069
159008 104758
159008 53774
159008 129072
159008 85083
159008 9797
104758 228566
104758 142997
104758 142965
104758 142942
104758 200933
104758 174978
104758 213772
104758 125045
104758 190602
104758 93823
104758 129072
104758 142833
104758 85083
104758 208626
104758 21966
104758 89702
228566 104773
228566 93823
228566 142871
228566 129072
228566 85083
228566 129069
228566 89702
104773 142997
104773 142965
104773 200933
104773 93823
104773 142833
104773 53684
104773 85083
104773 129069
142997 142965
142997 174978
142997 125045
142997 190602
142997 93823
142997 143030
142997 129072
142997 117911
142997 21966
142997 129069
142997 89702
142965 142942
142965 200933
142965 174978
142965 93823
142965 142833
142965 53684
142965 85083
142965 129069
142942 174978
142942 129069
200933 53855
200933 125045
200933 93823
53855 174978
53855 125045
53855 190602
53855 143030
53855 53774
53855 129072
53855 142833
53855 53684
53855 85083
53855 21966
53855 267579
53855 252370
174978 213772
174978 125045
174978 190602
174978 93823
174978 143030
174978 129072
174978 208626
174978 89702
213772 125045
125045 190602
125045 93823
125045 129072
125045 142833
125045 85083
125045 142971
125045 89702
125045 267579
190602 93823
190602 53774
190602 129072
190602 53684
190602 85083
190602 21966
93823 142871
93823 142833
93823 159006
93823 85083
93823 129069
93823 89702
142871 142929
142871 159006
142871 85083
142871 208626
142871 21966
142871 301
142929 143030
142929 53774
142929 21966
142929 465
143030 149073
143030 53774
143030 129072
143030 142971
149073 53774
149073 129072
149073 142971
53774 192647
53774 158994
53774 142833
53774 142971
53774 301
192647 129072
192647 85083
129072 158994
129072 142833
129072 159006
129072 208626
129072 142971
129072 89702
129072 267579
158994 53697
158994 21966
158994 301
158994 4259
158994 9797
53697 142833
53697 53684
53697 159006
53697 85083
53697 21966
142833 53684
142833 85083
142833 129069
142833 301
53684 117911
53684 159006
53684 85083
117911 159006
159006 85083
159006 21966
85083 208626
85083 142971
85083 129069
208626 21966
21966 40484
21966 4259
40484 95669
95669 220004
220004 63095
63095 28282
63095 31395
63095 7932
28282 31395
28282 7932
31395 11388
31395 10704
11388 11304
11388 465
11304 10704
10704 148599
10704 18626
10704 810
148599 7932
7932 210724
7932 192366
7932 195697
7932 210390
210724 354
354 164339
354 465
354 121442
354 22469
354 25683
354 18626
354 195697
164339 27133
27133 79752
27133 4259
27133 9797
79752 192366
79752 4259
79752 9797
192366 17871
192366 4259
17871 180692
180692 15885
180692 465
15885 95855
15885 40973
15885 465
95855 162727
95855 40973
95855 465
162727 146597
162727 40973
146597 40973
40973 216828
40973 465
40973 301
216828 465
465 456189
465 121442
465 25683
465 18626
121442 177816
121442 301
121442 4259
121442 9797
177816 243051
243051 2014
2014 59882
2014 22469
59882 104730
104730 142971
142971 129069
142971 301
129069 89702
129069 267579
89702 267579
89702 252370
252370 301
301 377028
301 5110
301 18626
301 5969
301 210390
301 9797
377028 5193
5193 81227
5193 5110
5193 25683
81227 5110
5110 22469
22469 25683
25683 13013
13013 9676
9676 357
357 178209
357 18626
357 195697
178209 18626
18626 149808
18626 810
149808 171524
171524 810
171524 9797
810 195697
810 5969
195697 5969
5969 418549
418549 4259
4259 128795
128795 5016
5016 210390
210390 9797
