226137 3419
3419 244560
3419 7932
3419 18431
3419 382875
3419 9101
244560 7932
7932 223491
7932 2153
7932 1503
7932 197014
223491 60547
223491 1503
223491 4259
60547 117685
117685 383107
117685 157780
157780 145333
145333 25598
25598 14919
14919 205721
14919 119391
205721 93
119391 56686
119391 78980
119391 57254
56686 78980
56686 57254
78980 57254
78980 57265
57254 57265
57265 54366
54366 60554
60554 19411
60554 213
60554 1062
60554 4259
19411 18125
19411 1062
19411 207468
18125 148078
18125 2153
18125 1503
18125 331
18125 2179
148078 2153
148078 1062
148078 2179
2153 160404
2153 207468
2153 108781
2153 2179
2153 25765
160404 18431
160404 1062
160404 331
160404 4259
160404 2179
18431 43845
43845 23668
23668 2
2 45712
2 331
2 32
45712 51
45712 213
51 576
51 38476
51 93
51 173943
51 50
51 32
576 1432
1432 38476
38476 93
38476 50
93 7111
173943 7111
173943 50
173943 1503
7111 57367
7111 67499
7111 213
7111 4259
57367 28997
57367 9097
57367 1062
57367 11432
28997 52303
28997 67499
28997 1062
28997 11336
28997 25765
28997 11432
52303 67499
52303 9097
52303 52313
67499 9097
67499 11432
67499 9101
9097 70292
9097 25765
9097 11324
9097 11432
9097 9101
9097 123547
70292 46877
46877 7531
46877 1503
46877 213
7531 374846
374846 39524
39524 198225
39524 371397
371397 323029
323029 139700
139700 54091
54091 50
50 13546
13546 1503
1503 382875
1503 212557
1503 1062
1503 331
1503 199140
1503 370575
1503 207468
1503 108781
1503 79769
1503 145530
1503 2179
1503 11336
1503 25765
1503 52313
1503 114760
382875 213
213 212557
213 331
213 25765
213 99012
213 114760
212557 1062
1062 7364
1062 199140
1062 5206
1062 207468
1062 11336
1062 25765
1062 11432
1062 114760
7364 331
331 197014
331 76834
331 5206
331 145530
331 25765
197014 197016
197014 2179
76834 166722
76834 16158
76834 183901
166722 16158
16158 147766
16158 74911
147766 183901
183901 74911
74911 199140
199140 5206
5206 370575
5206 5201
370575 5201
5201 207468
207468 4259
4259 108781
4259 200067
4259 25765
4259 114760
108781 182241
108781 2179
182241 79769
79769 145530
79769 2179
2179 200067
200067 265323
265323 11336
11336 25765
11336 11432
11336 9101
25765 11324
25765 11432
25765 9101
11324 52313
52313 11432
11432 9101
11432 123547
9101 123547
123547 13541
13541 59712
59712 99012
99012 29039
29039 114760
114760 43159
43159 155490
155490 17324
17324 48372
48372 67146
67146 32
