66022 42077
66022 6
66022 1503
66022 220
42077 10
42077 301
42077 6
42077 1503
42077 13384
42077 519
42077 3158
42077 206
42077 15
10 19657
10 301
10 80841
10 6
10 28790
10 84744
10 19
10 13384
10 383
10 325
10 206
19657 236055
19657 301
19657 19
19657 1503
19657 383
19657 3158
19657 206
19657 15
236055 301
236055 206
301 80841
301 6
301 10951
301 139723
301 28790
301 93312
301 93283
301 331023
301 32986
301 19
301 1503
301 365516
301 38480
301 59796
301 383
301 19161
301 16344
301 325
301 28764
301 163195
301 396
301 206
80841 6
80841 1503
6 10951
6 12870
6 28790
6 124669
6 13384
6 38480
6 70843
6 325
6 155805
6 28764
6 184784
6 163195
10951 37897
10951 325
37897 15210
37897 1503
37897 857
15210 200082
15210 8391
15210 12870
15210 50902
15210 8209
15210 519
15210 5226
15210 220
15210 396
200082 8391
200082 1503
8391 139723
8391 12870
8391 10487
8391 8209
8391 196234
8391 519
8391 5226
8391 220
139723 12870
139723 857
139723 18319
139723 4741
139723 8209
139723 519
139723 3158
139723 5226
139723 220
139723 206
139723 15
12870 28790
12870 4741
12870 55098
12870 50902
12870 8209
12870 519
12870 5226
12870 220
12870 396
28790 84744
28790 1503
28790 383
28790 519
28790 5226
28790 206
84744 124669
84744 206
124669 195646
124669 325
124669 220
195646 93312
93312 93283
93312 1503
93312 383
93312 396
93312 206
93283 200060
93283 206
93283 15
200060 2288
200060 1503
2288 163926
2288 331023
2288 383
2288 184784
163926 16198
163926 3158
16198 331023
16198 857
331023 141603
331023 1503
331023 3158
331023 15
141603 384093
384093 16452
384093 1503
16452 32986
16452 16344
16452 37091
16452 28764
32986 19
32986 383
19 260491
19 1503
19 13384
19 38480
19 28764
19 3158
19 5226
19 163195
19 396
19 15
260491 1503
260491 519
260491 5226
260491 220
260491 396
260491 206
260491 15
1503 365516
1503 19161
1503 325
1503 18319
1503 55098
1503 196234
1503 519
1503 28764
1503 360583
1503 5226
1503 163195
1503 358889
1503 139129
1503 538
1503 471
365516 11888
365516 383
365516 18319
365516 5226
365516 206
11888 131817
11888 54171
11888 163195
131817 54171
54171 13384
13384 87004
87004 26258
87004 5792
87004 15
26258 38480
38480 3369
3369 59796
3369 885
3369 220
59796 383
59796 220
59796 206
383 19161
383 16344
383 325
383 163195
383 139129
383 3608
383 206
19161 110461
19161 16344
19161 519
19161 5226
19161 206
110461 60226
60226 56671
56671 16344
16344 61880
16344 37091
61880 37091
37091 70843
70843 325
325 199825
325 28764
325 3158
325 206
199825 857
857 231665
857 55098
857 3158
857 220
231665 18319
18319 155805
18319 4741
155805 4741
155805 206
4741 41809
4741 67525
41809 67525
67525 52273
52273 55098
55098 50902
50902 212913
50902 519
50902 220
212913 10487
212913 220
10487 8209
8209 196234
8209 519
8209 215400
196234 519
196234 220
519 215400
519 9328
519 5226
519 220
519 206
215400 9328
215400 3158
9328 28764
9328 5226
9328 51279
9328 220
28764 184784
28764 5226
28764 220
28764 206
184784 3158
184784 206
3158 360583
3158 163195
360583 5226
360583 206
5226 163195
5226 131556
5226 1521
5226 220
5226 365218
5226 15
163195 12553
163195 220
163195 396
163195 206
163195 15
12553 47046
12553 204403
204403 5792
204403 220
5792 41580
5792 51279
41580 885
885 131556
885 220
131556 1521
131556 220
1521 40228
40228 51279
40228 220
51279 220
220 436823
220 358889
220 22332
358889 396
396 139129
396 22332
396 3608
139129 538
139129 206
139129 15
538 250528
538 471
250528 471
471 22332
471 3608
22332 3608
3608 206
206 365218
365218 15
