57371 19533
57371 19913
57371 20920
57371 7533
19533 31783
19533 19913
19533 20920
31783 275529
31783 19913
31783 20920
31783 7533
275529 8806
275529 34312
8806 54164
8806 20920
8806 7533
54164 39172
54164 19913
39172 289911
289911 36225
289911 7533
36225 181781
36225 7533
181781 19913
19913 236471
19913 250918
19913 58925
19913 16362
250918 20920
250918 7533
20920 24148
24148 4874
24148 34312
4874 77752
4874 7533
77752 7533
77752 205
7533 364530
7533 334917
7533 238716
7533 403225
364530 34312
34312 334917
34312 40336
334917 436917
334917 189670
436917 189670
189670 121519
189670 395696
121519 395696
395696 40336
40336 60525
60525 57498
57498 58925
57498 14093
58925 22629
58925 220
58925 1426
22629 238716
22629 14093
22629 31088
238716 14093
14093 31088
31088 65299
65299 78438
78438 169818
78438 7698
169818 169523
169818 519
169523 519
519 191349
519 48369
519 220
519 44835
519 191130
191349 9914
9914 48369
9914 13553
48369 7998
48369 3419
48369 205
7998 153737
153737 220
220 174280
220 51217
220 445496
220 411254
220 11907
220 134677
220 118226
174280 63319
63319 3419
63319 7698
3419 269955
3419 211899
3419 191130
3419 4526
269955 7698
269955 4526
7698 211899
7698 365394
7698 445496
7698 134677
211899 24308
211899 8303
24308 18684
18684 12656
18684 1426
12656 105503
105503 10
10 215335
10 44835
10 6095
10 18659
44835 1045
1045 403225
403225 205
205 191130
205 18659
205 68648
205 13553
205 16607
205 16362
205 3197
205 149031
191130 828
828 6095
828 18659
828 149031
6095 18659
18659 68648
18659 1996
68648 166869
166869 76419
76419 1014
1014 218160
218160 13553
218160 4526
13553 51217
51217 1426
51217 4526
1426 365394
1426 134677
365394 8303
365394 4526
8303 445496
445496 4526
4526 411254
411254 11907
11907 134677
134677 112145
112145 118226
118226 1996
1996 164786
1996 149031
164786 13033
13033 64152
64152 16607
16607 16362
16607 3197
16362 3197
3197 149031
3197 93826
149031 159016
159016 93826
159016 208630
93826 208630
93826 156731
93826 142877
208630 53865
208630 149022
53865 190599
53865 156731
53865 150757
53865 149022
53865 142877
190599 156731
190599 149022
156731 150757
156731 149022
156731 142877
150757 125031
125031 149022
149022 53831
53831 142877
