107799 2515
107799 301
107799 6
2515 125369
2515 288972
2515 158928
2515 41835
2515 5979
2515 51278
2515 28669
2515 27712
125369 20807
125369 5979
125369 6
20807 213483
20807 33669
213483 352
213483 220
352 96579
352 26768
352 288972
352 16307
352 81533
352 1945
352 104728
352 247915
352 244486
352 960
352 16107
352 18159
352 3185
352 19795
96579 387
96579 1971
387 140008
387 288972
387 1945
387 301
140008 26768
140008 220
26768 288972
288972 16307
288972 1945
288972 301
288972 6
16307 81533
81533 1945
81533 220
81533 301
1945 104728
1945 247915
1945 220
104728 301
104728 5979
247915 93162
247915 220
247915 1971
93162 7461
7461 244486
244486 15480
244486 960
15480 330457
15480 220
15480 6
330457 220
330457 6971
220 35721
220 332400
220 174680
220 33669
220 268661
220 165624
220 47097
220 27781
220 39111
35721 332400
35721 1971
35721 301
35721 6
332400 1971
332400 301
1971 174680
1971 301
1971 16107
1971 213252
174680 301
174680 6
301 33669
301 51278
301 27781
301 10556
301 6
301 79829
301 3443
301 198900
301 365686
301 41976
301 213252
301 19947
33669 1154
33669 6
1154 12076
1154 6
12076 8153
12076 6
8153 960
960 426206
960 16107
426206 16107
16107 18159
16107 44271
18159 44271
44271 426059
426059 14917
14917 220919
14917 151029
14917 158928
14917 53548
14917 50603
220919 158934
220919 50603
158934 151029
158934 158927
158934 50603
151029 158927
151029 158928
158927 158928
158927 50603
158928 53548
158928 50603
53548 50603
50603 41835
41835 5979
5979 51278
51278 28669
51278 3211
28669 50635
28669 3211
50635 3185
50635 3211
3185 152101
3185 3211
152101 268661
152101 3211
152101 6
165624 3211
3211 47097
47097 19795
19795 3335
19795 6
3335 27781
3335 10605
27781 12016
12016 874
874 10605
10605 10556
10556 6
6 79829
6 21570
6 3443
6 6948
6 46623
6 365686
6 76000
79829 12241
12241 21570
12241 3443
12241 318842
21570 3443
3443 318842
3443 199772
318842 38205
38205 129419
38205 163408
38205 39375
129419 163408
163408 62998
62998 349529
62998 41976
349529 23533
23533 334387
23533 27712
23533 43677
334387 6948
6948 91322
6948 39333
6948 303687
6948 46623
6948 100381
6948 198900
6948 365686
6948 41976
6948 39375
91322 107740
91322 6971
107740 39111
39111 39194
39194 39333
303687 6971
6971 46623
6971 213252
46623 27712
27712 199772
27712 43677
27712 62724
27712 72037
199772 100381
100381 43677
43677 198900
43677 72037
43677 365686
43677 41976
198900 19977
19977 62724
19977 19947
62724 72037
365686 76000
365686 19947
76000 41976
41976 189321
41976 213252
189321 213252
189321 19947
213252 19947
19947 39375
