78875 32102
32102 7121
32102 4998
7121 104300
7121 5432
7121 104267
7121 7178
7121 7222
7121 4533
7121 1292
7121 1988
7121 213
104300 5432
104300 104267
104300 4533
104300 213
5432 104267
5432 7178
5432 47133
5432 4533
104267 7178
104267 7222
104267 4533
104267 133146
104267 213
104267 354
7178 22363
7178 88373
7178 4533
7178 133146
7178 1988
22363 207418
22363 88373
22363 1988
207418 349
207418 1988
88373 47133
47133 7222
47133 4533
47133 133146
7222 139355
7222 4533
139355 4533
4533 133146
4533 9110
4533 354
133146 30476
133146 1988
133146 213
30476 308
308 77801
308 160898
308 175757
308 68295
308 898
308 349
308 9110
308 354
308 407176
308 138293
308 105492
77801 30185
77801 403
77801 354
30185 378259
378259 7004
7004 35410
35410 2350
2350 302324
2350 354
2350 407176
302324 56725
302324 49182
56725 232412
56725 213
232412 58120
58120 58195
58195 4903
4903 58022
58022 40306
40306 68506
68506 49182
49182 306517
306517 187734
306517 50361
187734 317122
317122 207207
207207 126255
126255 330865
330865 50361
330865 7592
50361 420002
50361 321755
50361 233885
420002 35554
35554 263530
263530 64859
64859 126545
64859 31240
126545 48070
126545 7592
48070 340582
340582 31240
340582 7592
31240 321755
31240 190665
321755 31248
321755 7592
31248 190665
190665 160898
160898 175757
160898 349
160898 354
175757 68295
68295 403
403 18564
403 1988
403 605
403 163001
403 354
403 138293
18564 898
898 349
898 1881
898 354
349 63076
349 5988
349 5662
349 1988
349 1881
349 100024
349 354
349 138293
63076 1292
63076 1988
1292 246632
1292 1988
1292 82852
1292 410450
1292 329519
246632 768
246632 1988
246632 19870
246632 2156
768 5988
768 184630
5988 53140
5988 81887
5988 4998
5988 1988
5988 213
53140 81887
53140 4998
53140 1881
81887 4998
4998 5662
4998 82852
5662 144097
144097 1988
1988 123384
1988 605
1988 163001
1988 19870
1988 2156
1988 410450
1988 329519
1988 1881
1988 184630
1988 105492
123384 605
605 163001
163001 82852
163001 19870
163001 2156
163001 1881
163001 354
82852 19870
82852 1881
19870 282757
19870 2156
19870 410450
19870 1881
282757 2156
2156 410450
2156 329519
410450 213
410450 1881
213 329519
213 184630
213 9110
213 91768
213 105492
329519 1881
1881 233885
1881 354
233885 7592
7592 318886
7592 134200
318886 184630
184630 8868
8868 87301
87301 4888
4888 134200
134200 7569
7569 275446
275446 9110
9110 100024
100024 354
354 407176
354 138293
354 4230
407176 7627
7627 138293
4230 91768
91768 1634
1634 105492
