264571 251022
251022 310
310 150885
310 136579
310 282889
150885 29906
150885 61613
150885 7540
150885 29233
150885 7533
29906 136579
136579 61613
61613 355218
355218 7540
7540 261440
7540 214508
7540 390991
7540 26357
261440 34797
261440 56022
261440 29233
261440 14571
261440 7533
261440 14590
34797 233790
34797 195572
233790 21086
233790 7533
21086 56782
21086 21101
56782 21101
56782 14571
21101 56022
56022 58022
56022 202493
56022 14571
56022 20953
56022 7542
56022 78416
56022 7533
56022 58137
58022 202493
58022 243488
58022 116511
202493 243488
202493 116511
243488 116511
116511 111677
116511 7533
116511 14590
111677 322743
111677 35062
322743 29233
322743 14571
322743 7533
322743 35062
29233 195572
29233 14571
29233 20953
29233 7542
29233 7533
29233 359660
195572 8604
195572 19999
195572 19995
8604 431793
8604 8997
8604 135845
8604 19999
431793 8997
431793 19995
8997 135845
135845 19999
135845 19995
19999 214508
214508 19995
19995 248810
248810 11137
248810 34798
11137 192559
192559 39738
192559 3158
39738 163292
163292 195475
163292 6119
195475 193310
193310 126118
126118 4214
126118 3158
126118 6119
4214 381457
4214 216510
4214 4393
381457 3158
3158 80140
3158 390991
3158 14571
80140 6166
6166 216510
216510 296428
216510 352
296428 6119
296428 354
6119 36035
36035 53392
53392 18395
18395 27316
18395 352
27316 55879
27316 4393
55879 4393
55879 354
4393 26091
26091 53958
26091 354
53958 52251
52251 352
352 390882
352 354
390882 354
354 409277
409277 34798
34798 390991
390991 80227
390991 7533
80227 321313
321313 6968
6968 282889
6968 120632
282889 30860
30860 242018
242018 74624
74624 120632
120632 359268
120632 7533
359268 37504
359268 7533
37504 14571
37504 7533
37504 14590
14571 66484
14571 7533
14571 58137
14571 287941
14571 127818
66484 20953
66484 8755
66484 26357
66484 7533
66484 16779
20953 7542
20953 8755
20953 7533
20953 16779
7542 57508
7542 26357
7542 7533
57508 16533
57508 8755
57508 35036
16533 78416
16533 14590
78416 8755
78416 7533
78416 14590
78416 16779
8755 30255
8755 7533
8755 16779
30255 26357
30255 14590
26357 345269
26357 7533
26357 16779
345269 140647
140647 7533
140647 14590
7533 302324
7533 359660
7533 287941
7533 127818
302324 35062
35062 82214
35062 14590
82214 359660
82214 14590
82214 35036
359660 14590
14590 58137
14590 50767
127818 50767
50767 16779
16779 61248
61248 153854
153854 110318
110318 171495
171495 35036
