180890 335
180890 216
180890 15
180890 1062
180890 2417
180890 4214
335 223795
335 12478
335 325822
335 77244
335 35156
335 17571
335 43183
335 1062
335 61411
335 58575
335 2417
335 315414
335 30578
335 265141
223795 12478
223795 15
223795 1062
12478 26563
12478 24082
12478 1062
26563 12251
12251 129886
129886 24082
24082 157504
157504 24091
24091 305063
305063 18370
18370 325822
18370 356
18370 220
325822 205
325822 2185
325822 356
325822 220
325822 1062
325822 2045
205 43702
205 77244
205 48882
205 35156
205 17571
205 164123
205 19699
205 134030
205 15483
205 2417
205 30578
205 265141
43702 219305
43702 77171
43702 10111
43702 77244
43702 15
43702 1062
219305 109373
109373 77171
109373 10111
109373 88045
109373 77244
109373 63
109373 15
77171 207451
77171 10111
77171 88045
77171 77244
207451 10111
10111 88045
88045 77244
88045 1062
77244 403169
77244 63
77244 15
77244 1062
77244 2417
403169 216
216 251676
216 156000
216 17571
216 315414
251676 114159
114159 160042
160042 199688
160042 30578
199688 132750
132750 199606
199606 42620
42620 14750
14750 13756
14750 2185
14750 3003
14750 220
14750 2417
13756 58267
13756 2185
13756 220
58267 2185
58267 3003
58267 2417
2185 202952
2185 3003
2185 51954
2185 220
2185 25598
202952 3003
202952 220
3003 51954
51954 356
356 435408
356 220
356 25598
356 159612
356 10142
435408 422889
422889 422888
422889 220
220 48882
220 6751
220 156000
220 235350
220 25598
220 346321
48882 63
48882 365
63 23124
63 17571
63 1062
63 134030
63 2417
63 315414
23124 8471
8471 30543
8471 15
30543 6751
6751 156000
156000 15
15 235350
15 1062
15 164123
15 75275
15 10142
15 265141
235350 15998
15998 81956
15998 10275
81956 35156
81956 1062
35156 25598
35156 7942
35156 4405
35156 2045
35156 2417
35156 4214
25598 17571
17571 40761
17571 1062
17571 2138
17571 2417
40761 16103
40761 4214
16103 7942
16103 689
16103 2138
16103 2417
7942 346321
7942 689
7942 84485
7942 10275
7942 1062
7942 2138
7942 16003
7942 2045
7942 4214
346321 689
346321 2138
346321 2417
689 84485
689 4405
689 10275
689 43183
689 2138
689 16003
689 97327
689 129551
689 94291
689 19699
689 11808
689 217767
689 123849
84485 4405
84485 2417
4405 209621
4405 10275
4405 61411
4405 15483
4405 2045
4405 10142
4405 217767
209621 10275
209621 2417
10275 43183
10275 2417
10275 4214
43183 1062
1062 164123
1062 61411
1062 16003
1062 97327
1062 94291
1062 134030
1062 58575
1062 365
1062 10142
1062 2417
1062 315414
1062 30578
1062 265141
164123 2138
164123 365
2138 61411
2138 16003
2138 94291
2138 19699
2138 2417
2138 217767
61411 16003
61411 4214
16003 97327
16003 7781
16003 2045
16003 2417
16003 4214
97327 7781
97327 4214
7781 159612
7781 678
7781 10142
7781 2417
159612 129551
159612 2417
129551 94291
94291 19699
19699 134030
19699 285715
19699 678
19699 2045
19699 2417
134030 285715
134030 678
134030 365
134030 4214
285715 678
678 75275
678 2417
75275 44371
44371 255773
255773 58575
58575 303094
58575 2417
303094 365
365 15483
365 265141
15483 2045
2045 10142
10142 2417
2417 104850
2417 4214
2417 315414
2417 30578
104850 11808
11808 217767
217767 211222
211222 123849
123849 4214
4214 315414
315414 30578
30578 265141
