9849 112736
9849 5478
9849 465
112736 5478
5478 172253
5478 54268
5478 22975
5478 5006
5478 2138
5478 271509
5478 2200
172253 78
172253 677
172253 7998
172253 818
172253 3419
78 250213
78 54268
78 8968
78 3473
78 50951
78 142625
78 5116
78 75094
78 271509
78 5810
250213 25770
25770 54268
25770 189
54268 1791
54268 465
54268 677
54268 2138
1791 171782
171782 129732
171782 465
171782 3419
129732 36408
129732 5252
129732 677
36408 166066
166066 9078
9078 8968
8968 14611
14611 1546
14611 407
1546 3473
1546 9426
1546 5116
3473 9426
9426 23685
23685 2583
2583 23008
2583 407
2583 1808
23008 373
373 22975
373 189
373 5804
22975 2165
22975 465
22975 407
22975 677
22975 3419
22975 828
22975 3343
2165 251768
2165 677
251768 465
465 231117
465 407
465 235410
465 677
465 136120
465 50951
465 7918
465 48226
465 144817
465 30302
465 75094
465 271509
465 3343
465 5810
231117 407
231117 677
407 235410
407 5252
407 677
407 16645
407 136120
407 13105
407 50951
407 3419
407 2138
407 8306
407 31318
407 32654
407 108691
407 10082
407 48226
407 5116
407 3343
407 40754
407 40765
407 5810
235410 17533
235410 5252
235410 677
235410 13105
235410 3419
17533 5252
5252 120095
5252 677
5252 5006
5252 3419
5252 2138
120095 178842
178842 677
178842 965
677 16645
677 965
677 251137
677 136120
677 13105
677 818
677 3419
677 155245
677 2138
677 188273
677 142625
677 14813
677 80779
677 13498
677 32654
677 120747
677 5116
677 75094
677 271509
677 40765
677 5810
16645 76443
76443 4554
4554 66936
66936 965
66936 818
965 251137
965 136120
965 320058
965 155245
965 7197
965 232180
965 8306
965 188273
965 31318
965 32654
965 120747
965 108691
965 12121
965 10082
965 189
965 5810
251137 5006
5006 136120
5006 120747
5006 48226
5006 131893
5006 5810
136120 13105
136120 818
136120 3419
136120 2138
13105 50951
13105 3419
50951 7998
7998 96841
7998 818
96841 818
818 347257
818 3419
818 2138
818 828
818 32654
818 120747
818 97912
347257 7953
347257 2138
7953 320058
320058 3419
3419 155245
3419 2138
3419 126915
3419 232180
3419 8306
3419 188273
3419 142625
3419 13498
3419 32654
3419 120747
3419 7918
3419 108691
3419 10082
3419 5116
3419 108891
3419 131893
3419 5810
155245 7197
7197 2138
2138 126915
2138 232180
2138 8306
2138 80779
2138 13498
2138 120747
2138 7918
2138 108691
2138 51021
2138 40765
232180 8306
232180 828
8306 188273
8306 108691
188273 3799
3799 159649
3799 32412
3799 31318
32412 31318
31318 142625
142625 14813
14813 80779
14813 5116
14813 75094
80779 13498
13498 91825
13498 12121
91825 828
828 32654
828 189
32654 120747
32654 12121
120747 7918
7918 108691
108691 12121
12121 10082
10082 48226
48226 144817
48226 86250
30302 64143
30302 3268
30302 5116
64143 3268
3268 5116
5116 75094
5116 39947
5116 3343
75094 39947
75094 3343
39947 15538
15538 271509
271509 3343
3343 108891
3343 5810
108891 36272
36272 86250
86250 1808
1808 189
189 2200
2200 131893
131893 51021
51021 97912
51021 57818
51021 5804
51021 5810
97912 57818
57818 40754
40754 5804
5804 40765
5804 5810
40765 5810
