95410 139078
95410 383
95410 14572
95410 45004
95410 206
139078 5232
139078 2156
139078 45004
139078 1881
139078 220
5232 197757
5232 2156
5232 383
5232 64951
5232 45004
5232 206
5232 1881
5232 50403
5232 220
197757 2156
2156 333553
2156 42909
333553 98803
333553 206
333553 1881
98803 50251
50251 383
50251 206
383 310644
383 2086
383 13429
383 87524
383 554
383 57168
383 14572
383 63276
383 206
383 123583
383 251372
383 131659
383 426694
383 1762
383 121569
383 5726
310644 2086
2086 13429
2086 206
13429 87524
13429 206
87524 554
87524 206
554 6111
554 4
554 1042
554 206
554 987
554 1762
6111 153627
6111 4
153627 4
153627 987
153627 220
4 196754
4 1042
4 64951
4 172070
4 206
4 987
4 40
196754 1042
196754 206
1042 64951
1042 131659
64951 77003
64951 1881
77003 341841
341841 124101
341841 206
124101 14650
124101 14572
124101 33651
14650 78530
14650 14664
14650 83778
14650 34248
14650 356106
14650 57281
14650 14682
14650 144197
78530 405747
78530 34248
405747 14664
405747 206
14664 83778
14664 57168
14664 14572
14664 373663
14664 56725
14664 102436
14664 356106
83778 57168
83778 20920
83778 14572
57168 20920
57168 14572
57168 206
20920 194472
194472 14572
194472 33651
14572 63276
14572 373663
14572 56725
14572 144206
14572 102436
14572 144197
14572 206
63276 34248
34248 373663
34248 307111
34248 33651
34248 248
373663 56725
373663 33651
56725 130376
56725 144206
56725 206
130376 144206
130376 102510
144206 102510
144206 102436
102510 102436
102436 307111
102436 33651
307111 57737
307111 33651
307111 220
57737 356106
356106 63769
63769 57281
57281 28103
57281 14682
57281 33651
28103 14682
14682 144197
14682 33651
144197 45004
144197 33651
45004 360487
360487 33651
360487 220
33651 301443
301443 29595
29595 172070
172070 13219
172070 220
13219 2193
13219 220
2193 197456
2193 75571
2193 12286
197456 75571
75571 12286
75571 220
12286 231181
231181 206
206 123583
206 49225
206 251372
206 99707
206 42909
206 336887
206 426694
206 1762
206 121569
123583 49225
49225 10268
10268 251372
251372 1881
1881 99707
1881 131659
1881 7475
99707 42901
99707 220
42901 142589
42901 42909
142589 380591
142589 42909
142589 220
380591 42909
42909 50403
42909 220
50403 94
50403 7475
50403 220
94 257075
257075 309361
257075 2889
309361 2889
2889 133587
2889 248
133587 248
248 204064
248 254581
248 270640
248 296058
248 336887
204064 265674
265674 254581
254581 46882
46882 270640
296058 326019
326019 382205
382205 336886
336886 336887
336887 987
987 132168
132168 875
875 131659
875 220
131659 40
131659 7475
131659 220
40 7475
7475 426694
7475 220
426694 1762
426694 220
1762 121569
121569 5726
121569 220
5726 107846
107846 220
