388810 78103
78103 47775
47775 52925
47775 27996
52925 27996
27996 34167
34167 43046
43046 68588
68588 68671
68588 68677
68588 16606
68671 68677
68671 20120
68677 22803
68677 42691
68677 16606
68677 22749
68677 20120
22803 140449
22803 44142
22803 42691
22803 7708
22803 22749
22803 20120
22803 95509
22803 91548
22803 376711
140449 46920
140449 20310
140449 67132
46920 2406
46920 16606
46920 20120
2406 47742
47742 847
847 141243
141243 10744
10744 368715
368715 68277
68277 301376
301376 301790
301376 67792
301376 89013
301790 36587
36587 295681
36587 238728
36587 207752
295681 67792
67792 317102
67792 209891
67792 352780
67792 116031
317102 128853
317102 89013
128853 351660
351660 88564
88564 374984
374984 101856
374984 89013
101856 216655
101856 262003
101856 209891
101856 89013
216655 262003
262003 288246
262003 89013
288246 311622
311622 209891
311622 209890
311622 308858
311622 89013
209891 209890
209890 308858
209890 89013
209890 266846
308858 116099
308858 150182
308858 157550
116099 297807
116099 238728
116099 150182
116099 207752
116099 299144
116099 157550
116099 177817
297807 238728
297807 207752
238728 150182
150182 207752
150182 157550
150182 123256
207752 299144
207752 157550
299144 157550
157550 279936
279936 352780
352780 116031
116031 427081
116031 89013
427081 177817
177817 123256
123256 382102
382102 318995
318995 89013
89013 266846
266846 168887
168887 177878
177878 142256
177878 40898
142256 142255
142256 6840
142255 115797
115797 40898
40898 92918
92918 8473
92918 6840
8473 71778
8473 6840
8473 34414
71778 60750
60750 85752
60750 13702
60750 45128
60750 165521
85752 13702
85752 45128
85752 20566
13702 45128
45128 20566
45128 165521
20566 165521
20566 3868
165521 3868
3868 42326
42326 6840
6840 34414
34414 17321
17321 27362
27362 52881
52881 58411
58411 26655
26655 106392
106392 7016
7016 69293
7016 7708
69293 20175
20175 20320
20175 67132
20320 42698
42698 100865
42698 44142
100865 44142
100865 42691
44142 42691
44142 16606
44142 67132
44142 91548
42691 16606
42691 20120
42691 95509
16606 7708
16606 22749
7708 22749
22749 20120
20120 20310
20120 67132
20120 50863
20310 95509
95509 67132
67132 213332
213332 284880
284880 50863
50863 91548
91548 376711
