150408 50800
50800 1014
1014 44843
1014 156513
1014 6958
44843 1901
1901 24259
1901 30167
1901 8
24259 8293
24259 8
8293 138166
8293 11909
138166 33528
33528 3783
33528 8
3783 45536
3783 16502
3783 12844
45536 16502
45536 407
16502 54534
16502 12844
16502 3795
16502 11874
54534 93002
54534 11874
93002 30167
30167 8
30167 3795
8 261905
8 3844
8 2668
8 1761
8 30301
8 46187
8 12473
8 127722
8 153398
8 51480
8 17349
8 407
8 26471
261905 40225
40225 2917
2917 171102
171102 106326
106326 106324
106324 3844
3844 190259
3844 2668
190259 2668
2668 1761
1761 30301
30301 5011
5011 87801
5011 46187
5011 67479
5011 17349
5011 8122
87801 46187
87801 12265
87801 12473
87801 12475
46187 282330
46187 12265
46187 12473
46187 12475
46187 147005
282330 12265
12265 427824
12265 146975
12265 21655
12265 127722
12265 147005
12265 153398
427824 140207
140207 46193
46193 146975
46193 147005
46193 153398
146975 46198
146975 12475
46198 21655
21655 12473
12473 127722
127722 12475
12475 147005
12475 153398
153398 7637
153398 8122
153398 407
153398 15359
7637 184322
7637 69636
7637 77709
7637 143510
7637 15359
184322 69636
69636 77709
77709 143510
77709 5716
77709 407
77709 15359
143510 7956
7956 156513
156513 14856
156513 18325
156513 11909
14856 67479
14856 65905
14856 21309
67479 65905
67479 18325
67479 9107
65905 18325
18325 11909
18325 12844
18325 6327
18325 21309
18325 9107
18325 18297
11909 12844
11909 11355
11909 6327
12844 11355
12844 9107
12844 18297
11355 6327
11355 18297
6327 21309
6327 9107
21309 34298
21309 9107
34298 142119
142119 9107
142119 407
9107 18297
18297 138756
18297 10459
18297 10419
138756 10459
138756 10419
10459 10419
10419 3875
3875 28368
3875 3882
3875 64885
28368 3882
3882 64885
64885 51480
51480 38232
51480 44132
51480 407
38232 44132
44132 159598
159598 27484
159598 407
27484 45692
45692 13058
45692 407
13058 13069
13058 8122
13058 407
13069 17349
13069 5716
13069 407
17349 54496
17349 8122
17349 5716
17349 407
54496 8122
54496 5716
54496 407
8122 261043
261043 5716
5716 357240
357240 407
407 13330
407 36782
13330 26471
26471 15359
15359 147655
147655 3795
3795 36782
36782 11874
11874 117237
117237 13915
13915 72993
13915 328427
72993 328427
72993 54013
328427 54013
54013 136251
54013 206109
54013 6958
136251 206109
206109 6958
