49288 93
93 249035
93 11907
93 412783
93 220
93 150471
93 28467
93 136088
93 91943
93 164094
93 408
249035 11907
249035 220
11907 412783
11907 220
11907 28467
11907 136088
412783 220
412783 8
220 150471
220 202149
220 73559
220 110086
220 369
220 246479
220 111904
150471 28467
28467 99798
28467 8
28467 301
99798 22035
22035 202149
22035 91943
22035 8478
202149 100273
202149 8478
202149 9358
100273 110094
100273 9358
110094 6350
110094 8478
110094 9358
110094 4526
6350 132977
132977 73559
73559 583
73559 369
73559 8
73559 301
73559 7533
583 110086
583 408
583 301
110086 206
206 118933
206 41306
206 104362
206 9207
206 16632
206 369
206 83448
206 105460
206 408
206 16107
206 215349
206 11945
206 4344
206 376905
206 301
206 14376
206 31247
206 294268
206 31734
118933 27672
118933 301
27672 41306
41306 104362
41306 369
41306 1564
104362 9207
104362 369
104362 8
104362 301
9207 16632
9207 369
9207 16107
9207 4344
9207 301
16632 369
16632 301
369 83448
369 408
369 16107
369 4344
369 301
83448 1564
83448 301
1564 134515
134515 87681
134515 8
134515 408
134515 4344
87681 277876
277876 105460
277876 6166
277876 4526
277876 301
105460 156097
105460 6166
105460 4526
105460 408
105460 301
156097 275073
156097 6166
275073 413661
413661 413660
413661 6166
6166 253340
6166 285988
6166 136088
6166 11188
6166 64509
6166 4344
6166 192515
253340 285988
253340 4526
285988 136088
285988 4526
136088 8
136088 4526
136088 1416
8 186467
8 408
8 64509
8 11945
8 4344
8 192515
8 301
8 14376
8 31247
186467 42573
186467 1416
42573 219283
42573 4344
219283 22049
22049 246479
246479 91943
246479 11945
91943 79241
91943 8478
91943 9358
79241 8478
8478 79243
8478 9358
79243 9358
9358 352066
352066 4526
4526 164094
4526 4344
164094 408
408 11188
408 16107
408 111904
408 11945
408 4344
408 192515
408 301
11188 16107
11188 301
16107 111904
16107 11945
111904 74266
74266 64509
74266 11945
64509 215349
64509 11945
215349 11945
11945 4344
4344 210344
4344 192515
4344 301
210344 192515
192515 1416
1416 376905
1416 45263
376905 301
301 130106
301 14376
301 30502
301 28080
130106 14376
130106 7533
14376 246378
14376 30502
14376 240582
14376 31247
14376 289419
14376 294268
14376 7533
246378 30502
30502 240582
30502 7533
240582 31247
31247 425166
31247 289419
31247 35481
289419 41981
289419 7533
41981 294268
294268 7533
7533 79043
7533 131072
7533 45263
7533 34697
7533 37523
7533 195314
7533 14544
7533 31734
7533 14570
7533 30230
79043 131072
131072 116741
116741 45263
45263 34697
45263 14570
34697 358625
358625 358627
358625 30230
358627 402435
402435 35481
35481 400145
35481 283231
400145 283231
283231 351338
351338 37523
37523 195314
195314 28080
28080 14544
14544 31734
31734 53341
31734 14570
14570 324451
324451 30230
