183225 1786
1786 361461
361461 1821
361461 1574
361461 7228
1821 74847
1821 7228
74847 62190
62190 137468
137468 81
137468 3393
137468 138
137468 7627
137468 11443
137468 206
81 188817
81 18690
81 26898
81 161685
81 12748
188817 857
857 114154
857 12591
857 193273
857 11443
114154 14729
14729 199678
14729 1574
14729 204655
199678 1574
1574 309299
1574 280327
1574 69032
1574 174497
1574 204655
1574 138
1574 1247
309299 280327
280327 69032
69032 174497
69032 2179
69032 138
69032 206
174497 127783
127783 296595
296595 204655
204655 12591
12591 103589
103589 14406
103589 2179
103589 2662
103589 206
14406 2179
2179 215394
2179 122707
2179 21445
2179 2153
2179 180993
2179 9798
2179 396
2179 193273
2179 26898
2179 164515
2179 395914
2179 679
2179 60283
2179 206
2179 1247
2179 131140
2179 238260
215394 2662
215394 2153
215394 206
2662 192694
2662 180257
2662 2153
2662 180993
2662 9798
2662 67823
2662 35776
2662 16462
2662 288730
2662 395914
2662 60283
2662 61942
2662 1247
2662 960
192694 18690
192694 138
192694 206
192694 1247
18690 122707
18690 206
122707 21445
122707 3393
21445 3393
21445 12748
3393 137657
3393 26898
3393 12748
3393 70050
137657 88359
137657 2153
88359 180257
180257 258737
180257 9798
258737 2153
2153 180993
2153 9798
2153 195040
2153 288730
2153 395914
2153 70050
2153 679
2153 60283
2153 206
2153 1247
180993 219821
180993 9798
180993 138
180993 206
219821 9798
9798 195040
9798 679
9798 206
9798 960
195040 138
195040 396
195040 679
195040 1247
138 182724
138 499
138 10557
138 16462
138 242028
138 11443
138 161685
138 60283
138 61942
138 179650
138 1247
182724 499
499 7627
499 11443
499 206
499 960
7627 201230
7627 67823
7627 19448
7627 20047
201230 396
201230 16462
201230 4446
201230 206
396 67823
396 16462
396 60283
396 1284
396 61942
396 1247
67823 15273
67823 960
15273 6812
15273 679
6812 10557
10557 2687
10557 206
10557 1247
2687 124903
2687 288730
2687 68206
2687 161685
2687 206
124903 16451
16451 87233
87233 107896
87233 16462
107896 127416
127416 35776
127416 19448
35776 16462
16462 35482
16462 62943
16462 1284
16462 206
16462 1247
35482 242028
35482 206
242028 62943
242028 206
62943 245322
245322 19448
19448 4446
4446 288730
288730 68206
288730 26807
288730 93
288730 960
68206 193273
68206 679
193273 26807
193273 679
193273 960
26807 26898
26807 11977
26807 17936
26807 93
26898 164515
26898 11977
26898 93
26898 960
164515 11977
164515 93
11977 17936
11977 324316
11977 93
324316 93
93 195898
93 195896
93 131140
93 20047
195898 195896
195896 30368
30368 133553
133553 11443
11443 161685
161685 7228
161685 206
7228 395914
395914 12748
12748 17733
17733 70050
17733 679
17733 960
70050 62909
70050 679
70050 206
62909 679
679 60283
679 1247
679 131140
679 960
60283 1284
1284 61942
61942 206
206 179650
206 1247
206 960
179650 1247
1247 94308
94308 131140
238260 960
960 20047
20047 43524
