455781 1
1 73059
1 310
1 365
73059 248512
248512 312290
312290 354097
354097 334587
334587 321753
321753 69791
69791 284357
69791 2244
284357 2244
2244 86001
2244 76597
2244 150799
2244 1225
2244 1988
2244 90230
86001 465
86001 1988
86001 365
465 76596
465 1988
465 124459
465 90230
76596 45943
76596 33810
45943 33810
33810 78475
33810 20132
33810 133068
78475 20132
20132 133068
20132 76597
133068 76597
150799 11666
150799 1988
11666 18209
11666 1988
11666 960
18209 1225
18209 1988
1225 4402
1225 8292
1225 1988
4402 8292
8292 2647
8292 310
2647 5824
5824 7897
5824 16779
5824 14571
5824 1988
7897 61506
61506 16779
61506 16540
61506 14571
16779 23508
16779 34215
16779 58006
23508 224974
224974 310
310 380705
310 399583
399583 274
274 312066
274 248
312066 248
248 278555
248 45144
248 118423
278555 3235
3235 45144
3235 118423
45144 118423
118423 6974
6974 83766
83766 116275
116275 34215
34215 339889
34215 58006
34215 16540
34215 14571
34215 144216
34215 59417
339889 34312
339889 16540
34312 99036
34312 57392
34312 304218
99036 273032
99036 16540
99036 1988
273032 58006
273032 14571
58006 33742
58006 16540
58006 14571
33742 194535
33742 16540
33742 14571
33742 71290
33742 144211
33742 20973
194535 134869
194535 14571
134869 16540
134869 146604
16540 248804
16540 14571
16540 83979
16540 146604
16540 71290
16540 144211
16540 20973
248804 35371
248804 14571
35371 394566
394566 14571
14571 175840
14571 144211
14571 57436
14571 57392
175840 83979
83979 146604
146604 102408
102408 144216
144216 71290
144216 57436
71290 144211
144211 57436
57436 57431
57436 79081
57431 79081
79081 20973
20973 57392
57392 247144
247144 304218
304218 114123
114123 290358
290358 59417
59417 59150
59150 1988
1988 124459
1988 1881
1988 246496
1988 365
1988 90230
1988 3239
1988 6217
1988 51187
1988 960
124459 1881
1881 246496
246496 365
365 90230
90230 3239
3239 41026
41026 6217
6217 18108
18108 48301
18108 4294
48301 19255
19255 3368
3368 51187
51187 654
51187 960
654 4294
4294 11203
11203 14884
11203 960
14884 252671
14884 195062
14884 960
252671 203579
203579 195062
195062 960
