140009 1929
1929 7037
1929 2436
1929 6
1929 206
7037 13662
7037 2436
7037 2296
7037 6
13662 35382
13662 6
35382 352
35382 59
35382 6
352 194067
352 7437
352 231990
352 112163
352 171632
352 120693
352 7649
352 40410
352 248117
352 59
352 425412
352 133763
352 52118
352 171633
352 40985
194067 7437
194067 33083
7437 231990
7437 112163
7437 206682
231990 59689
231990 71426
59689 112163
112163 230164
112163 171635
112163 171632
112163 2662
112163 3188
112163 2055
112163 206
230164 171635
230164 71426
171635 171632
171632 78038
171632 171633
78038 2662
2662 362817
2662 37526
2662 294174
2662 11792
362817 44448
362817 2055
44448 65547
44448 117916
44448 19153
44448 19
65547 82292
65547 19153
65547 37526
82292 51043
51043 117916
117916 19153
19153 319778
19153 41935
19153 37526
19153 16782
319778 131076
319778 19
131076 64183
64183 41935
41935 37526
37526 90912
37526 11792
37526 206
90912 116504
116504 23506
23506 83129
83129 1014
83129 6
83129 206
1014 10620
10620 13983
13983 158
158 214205
158 1966
158 267
158 13206
158 68071
214205 1966
214205 6
1966 120693
1966 19
120693 243165
120693 3188
120693 59
120693 206
243165 11883
11883 3188
11883 59
11883 2055
11883 206
3188 71426
3188 267
3188 77293
3188 68071
3188 171633
3188 206
71426 86209
86209 10296
86209 33083
10296 7649
10296 40410
10296 40985
7649 40410
7649 59
40410 252048
40410 33083
40410 40985
252048 24610
24610 294174
24610 59
294174 19
294174 2055
294174 6
294174 206
19 248117
19 59
19 52118
19 68071
19 2055
248117 59
248117 2055
248117 206
59 425412
59 68071
59 410873
59 171633
59 206
425412 267
425412 6
267 16782
267 2436
267 6
16782 103239
103239 20248
20248 114987
20248 72582
20248 43864
20248 11792
20248 2055
20248 206
114987 20282
114987 11792
20282 98106
20282 37330
98106 72582
72582 53402
53402 37330
53402 43864
37330 43864
37330 6
43864 39867
43864 114373
43864 11792
39867 114373
114373 11792
11792 77293
11792 206
77293 2436
77293 6
2436 2296
2436 2055
2436 6
2296 47903
2296 6
47903 150431
150431 43333
43333 63576
43333 91275
43333 1782
43333 206682
43333 237266
63576 91275
91275 133763
133763 19268
19268 45975
45975 52118
52118 13206
13206 68071
13206 6
68071 1782
68071 2055
68071 6
68071 206
1782 206682
206682 150173
150173 237266
237266 109997
109997 403154
403154 34799
403154 206
34799 378807
34799 206
378807 2055
378807 206
2055 155976
2055 76783
155976 6
155976 206
6 410873
6 76783
6 100296
410873 206
171633 206
206 76783
206 100296
76783 100296
100296 33083
33083 40985
