401612 374422
401612 67774
374422 67774
67774 385501
67774 288064
67774 331987
67774 223728
67774 270293
67774 263028
385501 157556
157556 281340
157556 256022
157556 232672
157556 122090
157556 263028
281340 153892
153892 256022
153892 194422
153892 232672
153892 122090
153892 319877
256022 194422
256022 232672
194422 288064
194422 232672
288064 232672
288064 331979
288064 331987
288064 112048
232672 11286
331979 331987
331987 223728
223728 122090
122090 207543
122090 207545
122090 270293
122090 83023
122090 112048
122090 263028
207543 207545
207545 270293
207545 83023
207545 112048
270293 83023
83023 89012
83023 112048
83023 1062
89012 152891
89012 112048
152891 112048
152891 310
112048 263028
263028 248661
263028 206627
248661 319877
248661 11286
319877 206627
206627 22527
22527 13632
13632 203674
203674 69024
69024 258707
69024 150634
258707 9865
9865 150634
9865 1062
150634 529
150634 1062
529 131824
529 16072
529 174832
529 1062
131824 14781
131824 317
131824 1062
14781 118241
118241 30656
30656 14861
14861 8339
14861 3795
8339 3795
3795 94232
94232 16072
16072 174832
16072 10930
16072 317
174832 10930
174832 983
10930 132580
132580 13887
13887 20582
13887 81974
13887 134146
20582 15984
15984 81974
134146 11286
11286 37684
37684 17478
17478 983
983 55821
55821 3351
55821 317
3351 4298
4298 30425
30425 25269
25269 12818
12818 243620
243620 317
317 198417
317 17538
317 208828
317 451390
198417 17538
17538 280047
17538 5823
17538 208828
280047 43554
43554 5861
5861 5823
5861 5853
5823 5853
5823 1062
5853 208828
208828 1343
1343 451390
451390 1062
1062 106681
1062 30494
1062 16313
1062 268
1062 2882
106681 120174
106681 310
120174 6928
6928 100258
6928 30494
100258 30494
30494 267738
267738 58522
58522 266129
266129 231332
231332 26682
231332 245
231332 16313
26682 52854
26682 245
26682 101385
52854 101404
52854 245
101404 102144
102144 376583
102144 245
102144 16313
102144 268
376583 245
245 310813
245 16313
245 101530
245 268
245 101385
245 264341
310813 16313
310813 268
16313 101530
16313 268
16313 101385
16313 264341
101530 310
101530 268
310 370284
310 202274
370284 268
268 101385
268 16321
268 264341
101385 16321
16321 264341
264341 2882
2882 202274
