326886 90374
90374 405873
90374 307005
90374 8920
307005 8920
307005 1062
307005 205
307005 138
8920 300040
300040 818
818 57002
818 3393
818 397969
818 572
818 1062
818 47401
818 205
818 3549
818 138
818 677
818 515
818 142491
818 330
57002 3393
57002 138
57002 330
3393 397969
3393 407
3393 47401
3393 553
3393 677
3393 142491
397969 572
397969 15
397969 1062
397969 407
397969 3549
397969 677
572 44639
572 185817
572 205
572 120405
572 142491
44639 515
44639 330
185817 29016
185817 1062
185817 138
29016 52284
52284 39669
52284 29192
52284 205
52284 138
39669 29192
39669 677
29192 174198
174198 15
174198 2353
15 444815
15 1062
15 13151
15 122805
15 79795
15 10528
15 151381
15 135513
444815 1062
444815 205
444815 138
444815 8942
1062 179441
1062 13151
1062 47401
1062 110592
1062 79795
1062 434116
1062 110300
1062 53861
1062 285942
1062 319535
1062 135513
1062 47621
1062 14577
179441 13151
13151 21280
13151 407
13151 9926
13151 205
13151 138
13151 677
21280 25842
21280 677
25842 407
25842 3549
25842 677
407 47401
407 3549
407 281949
407 10528
407 151381
407 553
407 32966
407 120405
407 10287
407 677
47401 1277
47401 3549
47401 677
1277 168889
1277 110592
1277 63549
168889 54463
54463 331296
54463 205
54463 2668
54463 8942
331296 96622
96622 310006
96622 289076
96622 57159
310006 289076
310006 57159
289076 57159
57159 62089
62089 68941
68941 110592
110592 187712
110592 205
110592 138
187712 1343
1343 122805
1343 138
1343 515
1343 330
122805 9926
122805 138
9926 98936
98936 93029
93029 23767
23767 244440
23767 88727
23767 21626
23767 234410
23767 79795
244440 127543
244440 677
127543 96531
127543 88727
127543 34067
127543 234410
96531 88727
96531 234410
88727 88726
88727 234410
88726 19909
19909 133221
19909 19908
133221 19908
19908 92716
92716 24121
24121 34039
24121 21626
24121 234410
34039 21626
21626 34067
21626 234410
34067 234410
234410 38360
234410 138
38360 79795
79795 205
79795 138
205 434116
205 281949
205 53861
205 285942
205 135513
205 142491
205 47621
434116 2353
2353 405894
2353 269940
2353 210893
269940 3549
3549 281949
3549 151381
3549 553
3549 10296
3549 120405
3549 54966
3549 677
3549 515
3549 330
281949 10528
281949 677
281949 330
10528 151381
10528 32966
151381 553
151381 10296
151381 8942
151381 677
553 110300
553 15862
553 677
110300 15862
15862 10296
15862 138
15862 677
15862 330
10296 32966
32966 120405
32966 677
120405 10287
120405 677
10287 54966
54966 53861
53861 2083
53861 285942
2083 285942
285942 138
285942 2668
138 264049
138 63549
138 319535
138 8942
138 135513
138 236410
138 96106
138 47621
138 14577
264049 63549
63549 2668
2668 319535
2668 8942
319535 8942
8942 135513
135513 677
677 210893
677 515
677 142491
210893 515
515 142491
142491 330
330 236410
96106 8751
8751 47621
47621 372166
372166 14577
14577 60153
