222062 153241
222062 87830
222062 206
153241 87830
87830 17245
87830 206
17245 16746
16746 232011
232011 301
232011 330
301 378873
301 105759
301 140188
301 199257
301 210963
301 80150
301 291879
301 63451
301 100427
301 206
301 46987
301 370397
301 19162
301 48312
301 80775
378873 7287
378873 206
7287 34823
34823 1525
34823 206
1525 157150
1525 152113
157150 42583
157150 330
157150 88
42583 105759
105759 26078
105759 2055
105759 206
26078 152113
26078 88
152113 11854
152113 88
152113 6971
11854 137058
137058 330
137058 352
330 332904
330 352
332904 352
352 10823
352 2059
352 2350
352 341863
352 48312
352 80775
10823 88
88 13727
88 43196
88 2059
88 20359
88 146493
88 225709
88 48312
88 80775
13727 2424
2424 78627
78627 24045
78627 12223
78627 12195
78627 12473
78627 23767
78627 21686
78627 2059
24045 21668
24045 72996
24045 21686
21668 45753
21668 21686
45753 72996
72996 73008
72996 12223
73008 12223
73008 12473
12223 350633
12223 12195
12223 12396
12223 12473
12223 291879
12223 2059
12223 228605
12223 20359
350633 12195
12195 12396
12195 2059
12396 12473
12473 140188
12473 2059
12473 228605
140188 2055
140188 21686
140188 206
2055 55512
2055 199257
2055 210963
2055 100427
2055 52669
2055 19158
2055 2350
55512 259190
55512 42927
55512 6971
259190 42927
259190 206
42927 288486
42927 175167
42927 199257
288486 27712
288486 206
27712 175167
27712 199257
175167 8984
175167 6971
175167 206
8984 199257
199257 6971
6971 210963
210963 43196
210963 206
43196 62392
62392 397598
397598 358204
358204 23767
23767 80150
23767 2059
80150 21686
80150 20359
80150 206
21686 291879
21686 2059
291879 2059
2059 228605
228605 20359
20359 146493
20359 206
146493 120218
120218 174867
174867 128195
128195 70987
70987 15407
15407 63451
63451 100427
63451 206
100427 206
206 114341
206 52669
206 225709
206 80775
114341 52669
52669 418568
418568 113290
113290 46987
46987 68756
46987 46992
68756 14013
14013 46992
46992 19158
19158 225709
19158 83169
19158 90922
19158 390111
225709 37528
225709 30230
225709 19162
37528 334298
37528 83169
83169 30230
90922 30230
30230 390111
30230 431943
30230 65618
390111 14635
14635 370397
370397 4915
4915 431943
4915 27747
431943 27747
27747 65618
65618 19162
19162 384911
384911 2350
2350 341863
341863 48312
48312 80775
80775 11095
11095 219453
219453 49248
49248 4383
