135592 114191
135592 7782
135592 465
114191 2179
114191 8303
2179 92902
2179 2691
2179 16993
2179 5762
2179 42227
2179 5744
2179 20376
2179 42736
2179 29555
2179 24926
2179 2417
2179 8303
2179 18043
92902 576
92902 42
92902 2417
92902 1858
576 201197
201197 42577
201197 7782
42577 270364
42577 13289
42577 196767
270364 13289
270364 36660
270364 11444
13289 212693
212693 36660
212693 6749
212693 22678
36660 108666
36660 224048
36660 18066
36660 196767
36660 24926
108666 224048
108666 233458
108666 18066
224048 233458
224048 18066
233458 18066
18066 2691
18066 677
18066 2417
2691 83514
2691 18186
2691 5744
2691 1928
2691 2417
83514 16993
83514 2417
16993 296216
16993 677
296216 6749
296216 7782
296216 677
296216 11444
6749 150735
6749 5762
6749 7782
6749 244518
6749 677
6749 196767
6749 24926
6749 94933
6749 127175
6749 22678
6749 204844
6749 182733
150735 5762
150735 7782
5762 42227
5762 7782
5762 677
5762 24926
42227 18186
42227 2417
18186 245068
18186 2417
245068 5744
245068 677
245068 2417
5744 20376
5744 29555
5744 677
20376 179081
179081 42736
42736 29555
29555 7782
29555 2417
7782 244518
7782 677
7782 24926
7782 94933
7782 127175
7782 18043
244518 677
677 196767
677 24926
677 1928
677 70767
677 15668
677 2417
677 94933
677 127175
677 84533
677 465
677 30520
677 23954
677 18043
677 204844
677 182733
196767 7004
196767 77612
196767 2417
196767 22678
7004 77612
77612 197496
197496 24926
24926 1928
24926 2417
24926 8303
24926 22678
1928 626
1928 465
1928 22678
626 417
417 70767
70767 15668
70767 42
70767 465
15668 105437
15668 1014
105437 1014
105437 42
1014 7529
7529 50812
7529 28841
7529 22678
50812 6967
50812 28841
50812 42
6967 103797
6967 32465
103797 28841
103797 19913
28841 32465
28841 42
32465 211259
211259 19913
19913 360405
19913 14648
360405 14648
14648 365120
365120 35481
35481 316931
316931 68781
68781 293093
293093 42
42 275556
42 230201
42 84533
42 1858
42 61618
275556 2417
2417 94933
2417 167237
2417 50416
2417 18043
94933 86577
86577 210955
210955 127175
127175 8303
8303 89777
8303 30520
89777 196471
196471 223255
223255 95505
95505 95508
95508 167237
167237 20207
20207 348528
348528 22810
22810 37331
37331 299109
299109 85221
85221 169931
85221 230201
84533 1858
84533 465
1858 138346
1858 18043
1858 61618
138346 28214
138346 465
28214 50416
28214 465
50416 96209
50416 465
96209 465
465 270562
465 23954
270562 11444
11444 89664
11444 204844
89664 30520
30520 23954
23954 18043
18043 22678
22678 204844
182733 24642
24642 61618
