55309 100224
100224 34872
100224 39349
100224 249140
34872 39349
34872 249140
39349 249140
39349 61457
61457 14374
14374 37098
37098 8838
8838 239815
239815 37532
37532 311299
37532 2670
37532 463
37532 1062
37532 303779
37532 158698
311299 383
383 385303
383 192083
383 2670
383 463
383 1062
383 6224
383 701
383 136729
383 125424
383 38433
383 63464
383 56765
383 21018
383 10267
385303 2673
385303 3726
385303 9481
2673 259405
2673 37311
2673 192082
2673 3726
2673 22747
2673 20122
2673 68434
2673 9481
2673 42695
2673 61225
2673 211
259405 37311
259405 20122
37311 192082
37311 22747
37311 68430
192082 192083
192082 3726
192082 20122
192082 9481
192082 20183
192083 192076
192083 3726
192083 20122
192083 9481
192083 68430
192076 20339
192076 68434
192076 20183
192076 225956
20339 166490
20339 20183
20339 225956
166490 3726
3726 122769
3726 22747
3726 20294
3726 20122
3726 42695
3726 61225
3726 20110
3726 68430
3726 68612
3726 48939
3726 150240
122769 22747
22747 75420
22747 9481
75420 20294
75420 161
20294 20122
20294 9481
20294 20203
20294 20183
20122 68434
20122 42695
20122 20183
20122 222662
20122 68612
68434 9481
9481 42695
9481 61225
9481 20203
9481 68430
9481 1062
42695 61225
61225 20203
20203 20110
20203 20183
20110 69831
20110 20183
69831 20183
20183 225956
20183 2634
225956 68430
68430 222662
68612 48939
48939 150240
150240 409
150240 161
409 44654
409 2634
409 463
409 211
44654 2353
44654 2634
2353 274187
274187 2347
2347 181282
181282 299609
299609 2670
2670 265605
2670 158436
2670 1062
2670 6224
2670 701
2670 1680
2670 477
2670 136729
2670 136732
2670 125424
2670 38433
2670 63464
2670 21018
2670 10267
265605 2634
2634 158436
2634 1062
2634 701
158436 463
158436 1062
463 240557
463 1062
240557 1062
1062 6224
1062 701
1062 1680
1062 136729
1062 136732
1062 125424
1062 2651
1062 134
1062 89032
1062 63464
1062 21018
1062 158698
1062 10267
6224 1758
6224 1284
1758 6639
6639 701
701 3869
701 477
701 188
701 136729
701 3968
701 134
701 158698
701 10267
3869 6003
6003 211
211 12687
211 477
211 136729
211 134
12687 17312
17312 1680
17312 188
17312 134
1680 477
1680 188
477 188
477 1284
188 136729
188 134
188 89032
136729 136732
136732 125424
125424 34402
34402 3968
3968 2651
3968 134
2651 134
134 89032
89032 161
161 204971
204971 46216
204971 20103
46216 444550
444550 20103
20103 371024
20103 38433
371024 48386
48386 114493
114493 38433
38433 1284
1284 63464
63464 56765
56765 21018
21018 85698
85698 14543
14543 311184
14543 14549
311184 14549
14549 303779
14549 158698
14549 358611
14549 61421
303779 14619
14619 158698
158698 358611
358611 35041
35041 61421
35041 10267
61421 10267
