203829 2280
203829 1574
203829 9149
2280 431172
2280 1574
2280 81429
431172 1574
1574 138763
1574 79968
1574 2055
138763 9149
138763 2055
9149 9215
9215 81429
81429 79968
81429 396
79968 2481
79968 47421
79968 396
2481 57855
2481 4974
2481 29158
2481 47421
2481 49351
2481 27537
57855 4974
57855 47421
57855 27537
4974 400847
400847 7411
400847 7932
7411 142466
142466 34837
34837 29158
29158 29150
29150 29152
29150 29155
29155 5439
5439 20697
5439 396
5439 259789
20697 47772
47772 27996
27996 15837
27996 335
15837 701
15837 396
701 9620
701 5708
701 335
701 2055
9620 25968
25968 47421
47421 175718
175718 99267
99267 207279
207279 27558
27558 5708
27558 49351
27558 92447
5708 32748
5708 20363
32748 41130
32748 7932
41130 51257
41130 7949
51257 111917
111917 7949
111917 7932
7949 49351
7949 11711
49351 10862
49351 11711
10862 42070
10862 41231
42070 188340
188340 335
335 264224
335 10210
335 167537
335 270281
264224 174326
174326 264226
264226 7932
7932 212109
7932 11711
212109 54966
54966 138246
54966 20012
54966 396
138246 160428
138246 148542
160428 148542
160428 20012
148542 10210
148542 56325
10210 20363
10210 396
10210 2055
20363 41231
20363 11711
41231 27537
41231 396
27537 167537
167537 211
211 430914
211 11711
430914 4444
4444 386057
386057 171895
171895 20012
20012 56325
56325 92447
92447 155332
92447 11711
155332 6477
6477 11711
11711 126710
126710 7252
7252 117322
117322 396
396 196270
396 122111
396 89938
396 297811
396 229458
396 270281
196270 196271
196271 2055
2055 310764
2055 270281
310764 122111
122111 405883
122111 75370
405883 75370
75370 358099
358099 121237
121237 438621
121237 89938
121237 133328
121237 259789
438621 36571
36571 89938
36571 133328
36571 328037
36571 36587
36571 229458
36571 112048
89938 133328
89938 328037
89938 112048
89938 259789
89938 68280
133328 328037
133328 110215
328037 110215
110215 331281
331281 95913
95913 297811
297811 160270
297811 112048
160270 399565
160270 36587
160270 229458
399565 36587
36587 229458
229458 112048
112048 259789
259789 68280
68280 270281
270281 36572
