448690 79573
79573 300486
300486 7533
300486 16783
7533 275241
7533 253322
7533 114490
7533 14569
7533 37489
7533 119478
7533 16783
7533 214972
7533 61145
7533 56041
7533 233480
7533 28087
7533 101175
7533 318296
7533 31213
7533 35572
7533 107907
275241 128987
275241 14590
128987 253322
128987 31213
253322 40292
253322 16783
40292 114490
114490 30218
114490 16783
114490 14590
114490 31213
114490 677
30218 14569
30218 14590
30218 16530
14569 37489
14569 16783
14569 14590
14569 31213
37489 406296
37489 67716
37489 119478
406296 67716
67716 119478
119478 16783
119478 14590
16783 214972
16783 61145
16783 56041
16783 31213
16783 35572
214972 61145
214972 56041
214972 14590
61145 233784
61145 14590
233784 56041
233784 14590
56041 379745
56041 14590
379745 62209
379745 106758
62209 137819
62209 418069
418069 106758
418069 14590
418069 31213
106758 374850
374850 233480
233480 14590
14590 28087
14590 16530
14590 4915
28087 30767
30767 37505
37505 16530
37505 111006
16530 4915
16530 111006
4915 334909
4915 101175
4915 31213
101175 111006
101175 31213
111006 318296
111006 79032
318296 31213
79032 170202
170202 31213
31213 204376
204376 3237
3237 207363
207363 3549
3549 175515
3549 36676
3549 6749
3549 216550
3549 2350
3549 219264
3549 677
3549 280582
3549 965
3549 79874
3549 31128
3549 167984
3549 2179
3549 82026
3549 2138
3549 79758
3549 44620
3549 9977
175515 1961
1961 36676
36676 6749
36676 677
36676 2138
6749 216550
6749 677
6749 31128
6749 2138
6749 94256
6749 9977
216550 13222
216550 677
216550 965
13222 205074
13222 11553
205074 11553
11553 5671
5671 148711
5671 2350
148711 2350
148711 965
2350 219264
2350 677
219264 677
219264 965
677 280582
677 965
677 195987
677 107322
677 4304
677 82026
677 2138
677 4201
677 9977
280582 965
965 195987
965 31128
965 79758
195987 36357
36357 79866
36357 31191
36357 8122
79866 23054
79866 2179
23054 79874
79874 31128
79874 36961
79874 2179
31128 2138
36961 107322
107322 239159
239159 3199
3199 123065
123065 4304
123065 2179
123065 2138
4304 35512
4304 8122
4304 2179
4304 82026
4304 2138
4304 4201
35512 35602
35602 64817
35602 35572
64817 35572
35572 38131
38131 134218
134218 92650
92650 395545
395545 107907
107907 395547
107907 117707
117707 136368
136368 48939
48939 3472
3472 89445
89445 31191
31191 167984
167984 8122
8122 43293
8122 2179
8122 2138
8122 44620
43293 2179
2179 82026
2179 2138
2179 4201
2179 79758
2179 44620
2179 9977
82026 2138
2138 195040
2138 4201
2138 44620
2138 9977
195040 4201
195040 44620
4201 79758
4201 44620
79758 44620
79758 94256
44620 94256
94256 9977
9977 35843
