246039 4336
246039 1503
4336 45690
4336 81
4336 5232
45690 62341
45690 5232
62341 4362
62341 1503
4362 98008
4362 81
98008 55481
55481 165368
55481 2515
165368 409
409 108714
409 1267
409 2515
409 352
409 81
409 1274
409 1503
409 816
108714 47470
108714 1267
108714 81
108714 816
47470 1267
1267 20786
1267 2515
1267 34174
1267 66376
1267 181374
1267 136278
1267 1274
1267 256914
1267 816
1267 7625
20786 2515
20786 352
2515 34174
2515 9934
2515 256914
2515 63
34174 9934
34174 1274
34174 63
34174 2055
34174 816
9934 2258
9934 81
9934 63
9934 816
9934 2790
2258 124546
124546 1999
124546 63
124546 1503
1999 167394
167394 352
352 430477
352 2353
352 223164
352 1274
352 238577
352 1503
352 816
352 7625
352 95392
430477 2353
430477 1503
2353 223164
223164 6139
6139 66376
66376 81
81 181374
81 28091
81 15121
181374 5232
181374 1503
5232 136278
5232 6948
5232 238577
5232 35352
136278 93586
136278 6948
136278 1274
136278 816
93586 46637
46637 328719
328719 6948
6948 341918
6948 1274
6948 157714
6948 35352
6948 349461
6948 137571
6948 367720
6948 124040
6948 86628
6948 238867
6948 93436
6948 203366
6948 242356
6948 31710
6948 57379
6948 37557
6948 78435
341918 1274
341918 1503
341918 8913
1274 256915
1274 256914
1274 238577
1274 1503
1274 16461
1274 42930
1274 203366
1274 31710
1274 71208
1274 57379
1274 2055
1274 7625
256915 256914
256915 12012
256915 2055
256914 12012
256914 2055
12012 238577
238577 63
238577 1503
238577 2055
63 316675
63 349461
63 78435
316675 1503
316675 2055
1503 206744
1503 28091
1503 31710
1503 71208
1503 78435
206744 102348
102348 157714
102348 305833
102348 14590
157714 305833
157714 35352
157714 14590
35352 349461
349461 16461
349461 31028
349461 2055
16461 137571
16461 203366
137571 221865
221865 342967
342967 65709
65709 251053
251053 96099
251053 64577
96099 172261
172261 8913
8913 367720
8913 124040
8913 86628
8913 238867
367720 124040
124040 86628
86628 64577
64577 238867
93436 39190
39190 20907
20907 42930
20907 31760
20907 57379
42930 291555
291555 31028
31028 203366
203366 44448
44448 242356
44448 28143
44448 37557
44448 14576
242356 14590
14590 126271
14590 28091
14590 31710
14590 43978
14590 57379
14590 14576
14590 78435
126271 28091
28091 31710
28091 31760
28091 2055
31710 43978
31710 14576
31710 2055
43978 31760
43978 71208
43978 21078
31760 31857
31857 71208
71208 57379
57379 21078
57379 2055
21078 128439
21078 37557
21078 14576
128439 181607
181607 181608
181608 28143
28143 37557
37557 14576
14576 57251
57251 78435
78435 2055
2055 816
816 7625
7625 135867
135867 2790
2790 27617
27617 386730
386730 28820
28820 15121
15121 95392
