36915 1364
36915 206
36915 213
1364 7728
1364 17242
7728 15045
15045 994
994 166701
994 206
166701 24610
166701 206
24610 51930
24610 76311
51930 15345
51930 2055
15345 297321
15345 12992
15345 173944
12992 173944
173944 1826
173944 519
1826 40110
40110 1895
1895 183302
183302 67229
67229 49831
49831 5537
5537 2055
2055 91742
2055 145998
2055 153829
2055 50169
2055 253353
2055 200923
2055 149040
2055 109556
2055 119942
91742 117281
91742 91745
91742 145998
91742 206
91742 1790
117281 91745
91745 145998
91745 103071
145998 103071
145998 206
206 93330
206 213
206 308948
206 12342
206 12241
206 153829
206 50169
206 109556
206 119942
206 519
206 2153
93330 6665
93330 213
6665 213
213 308948
213 3447
213 142905
213 109556
213 119942
213 18173
308948 3447
308948 12241
3447 292463
3447 12342
3447 12228
3447 12241
3447 153829
292463 45778
45778 34051
34051 105324
105324 38406
38406 34080
34080 12342
34080 12241
12342 12228
12342 12241
12228 332928
332928 12241
12241 411140
12241 153829
12241 46237
411140 153829
153829 46237
46237 50169
50169 3158
3158 253353
3158 200923
3158 229255
3158 7437
253353 177224
177224 200923
200923 125046
200923 153690
200923 53792
200923 149060
200923 53835
125046 142865
125046 153690
125046 53846
125046 118623
125046 142913
125046 53792
125046 142991
125046 118579
125046 53835
142865 204915
142865 53792
142865 142991
142865 118579
142865 53835
204915 153690
204915 118623
204915 53835
153690 142866
153690 53846
153690 118623
153690 142913
153690 53792
153690 149060
153690 142991
153690 53835
153690 142905
153690 53653
142866 53846
142866 213768
142866 118623
142866 149060
142866 229255
53846 213768
53846 118623
53846 142913
53846 53792
53846 149060
53846 149066
53846 142991
53846 53835
213768 118623
213768 53792
213768 229255
213768 118579
118623 142913
118623 53792
118623 149060
118623 142991
118623 53835
118623 142905
142913 53792
142913 149060
142913 142991
142913 118579
142913 53835
53792 149060
53792 149066
53792 53835
53792 142905
149060 229255
149060 142991
149060 53835
149060 142905
229255 149066
149066 142991
149066 118579
149066 53835
142991 118579
142991 53835
118579 53835
118579 109556
53835 143033
53835 142905
143033 142905
143033 53653
142905 149040
149040 109556
109556 53653
53653 79454
79454 7437
7437 18137
7437 121707
7437 19249
18137 250
18137 2153
250 409120
409120 317166
317166 20358
20358 92919
92919 1814
1814 143775
1814 1790
143775 17
17 17242
17242 775
775 1935
1935 174576
174576 1790
1790 4645
4645 119942
4645 76311
4645 3483
119942 76311
119942 3483
76311 3483
3483 519
519 167858
167858 13685
13685 184442
184442 121707
121707 27109
121707 2153
27109 2153
2153 186017
2153 19249
186017 18173
18173 19249
