344571 101566
101566 378832
101566 138
378832 138
138 408986
138 283444
138 2193
138 418952
138 3369
138 142430
138 302
138 39590
138 32053
138 346926
138 2055
138 250303
138 158378
138 37260
138 29506
138 29471
138 31133
408986 24934
408986 205
408986 327
408986 2055
24934 283444
24934 7698
24934 6742
283444 142480
283444 205
142480 965
142480 169246
142480 4526
142480 6742
965 73730
965 22692
965 404754
965 51139
965 10946
965 116399
965 19713
965 6742
965 215215
965 163858
965 197495
965 107995
965 82625
73730 2193
73730 4526
73730 4214
73730 1426
73730 2244
2193 22692
2193 10946
22692 10923
22692 1426
22692 2244
10923 196234
10923 327
196234 25481
196234 4526
196234 4214
25481 418952
418952 3369
3369 50109
3369 4526
3369 327
50109 26444
50109 2055
26444 28443
26444 1267
28443 205
28443 2055
205 323523
205 405299
205 331
205 43606
205 29417
205 32053
205 346926
205 75567
205 37265
205 29506
205 29471
323523 2055
405299 169246
405299 4526
405299 7698
169246 205694
205694 4526
205694 4214
4526 404754
4526 51139
4526 75567
404754 7698
404754 331
404754 1267
7698 51139
7698 22198
7698 163858
51139 4214
51139 6742
4214 142430
4214 29417
4214 12975
4214 29471
142430 10946
142430 331
10946 331
10946 327
331 43606
331 327
331 37265
331 49059
331 73144
331 214491
43606 12553
43606 1426
12553 47034
47034 327
47034 1426
327 449874
327 302
327 75567
327 37260
327 29506
327 49059
327 187646
449874 1426
1426 173284
1426 75567
1426 20465
173284 1267
1267 134505
1267 22198
1267 215215
1267 107995
1267 37265
1267 31133
134505 133702
133702 79552
79552 11494
79552 29267
11494 29417
29417 33126
29417 2055
33126 29267
29267 29123
29123 1843
1843 7610
7610 302
302 39590
39590 32053
39590 2055
32053 2244
2244 346926
2244 116399
2244 12975
2244 158378
346926 2055
2055 250303
2055 158378
2055 29471
2055 214491
250303 75567
75567 89294
89294 116399
89294 22198
116399 22198
22198 15764
15764 12975
12975 19713
19713 6742
6742 215215
215215 163858
163858 13129
13129 52966
52966 1605
1605 7746
7746 24812
7746 10652
24812 10652
10652 47704
47704 197495
197495 216820
216820 20465
216820 26902
20465 158378
158378 26902
26902 107995
107995 82625
82625 37265
82625 37260
37265 37260
37260 29202
29202 29506
29506 29471
29471 49059
49059 31133
31133 187646
187646 9144
9144 9488
9144 73144
9488 73144
73144 214491
214491 103220
103220 432406
432406 59544
59544 430007
430007 117231
117231 82581
