450393 1
1 325895
1 413872
1 432705
1 447223
1 415412
1 409532
1 441681
1 433577
1 432530
1 331717
1 452126
1 450209
1 317963
1 335764
1 424280
1 259974
1 59921
1 56753
335764 380700
259974 259973
259973 26195
259973 8604
259973 8913
26195 61084
26195 110442
26195 133189
61084 33304
61084 14677
33304 110442
110442 32972
32972 330242
32972 8867
330242 14677
14677 327201
14677 16540
14677 8604
327201 16540
16540 123189
123189 59921
59921 196583
59921 49176
196583 49176
49176 21022
49176 1292
21022 59240
59240 56753
56753 19679
56753 36005
19679 29812
19679 68409
29812 22826
22826 68409
22826 9481
22826 173160
68409 68392
68409 152196
68409 36005
68409 9481
68392 91538
68392 9481
91538 152196
91538 36005
91538 9481
152196 36005
152196 9481
152196 2055
36005 9481
9481 191531
191531 173160
173160 5232
5232 67796
5232 1292
5232 8867
67796 1292
1292 245648
1292 97452
1292 8867
245648 404134
404134 2055
2055 455730
2055 199423
2055 93735
2055 181576
2055 8970
2055 244001
2055 105024
455730 6951
6951 260908
6951 47606
260908 30042
30042 199423
199423 62608
62608 11555
62608 93740
11555 93740
11555 93735
93740 93735
93735 181576
181576 26079
26079 307907
307907 306985
307907 31723
306985 31723
31723 118064
31723 65069
31723 56398
118064 65069
118064 8604
118064 8602
65069 172774
65069 8970
65069 64557
65069 72028
65069 8604
65069 9014
65069 8602
65069 8913
65069 8980
172774 8970
172774 8604
172774 9014
172774 8602
172774 105024
172774 8913
172774 8745
8970 88528
8970 8604
8970 9014
8970 8602
8970 167428
8970 105024
8970 8867
8970 8745
88528 64557
88528 48502
88528 8604
88528 47606
64557 72028
64557 8604
64557 8602
64557 8994
72028 48502
72028 8604
72028 9014
72028 8602
72028 105024
72028 8913
72028 8994
48502 125585
48502 8604
48502 8602
125585 8604
125585 8602
125585 8745
8604 97452
8604 8698
8604 49691
8604 105002
8604 9014
8604 244001
8604 8602
8604 167428
8604 105024
8604 8913
8604 68793
8604 65068
8604 8867
8604 8745
8604 47606
8604 105787
97452 8698
8698 49691
8698 8690
8698 8602
8698 8913
8698 8745
49691 8690
49691 9014
49691 8602
49691 8913
49691 8745
8690 105002
105002 9014
105002 8602
105002 8745
9014 244001
9014 8602
9014 167428
9014 8913
9014 8867
9014 105787
244001 8602
244001 8913
8602 167428
8602 105024
8602 8913
8602 8994
8602 65068
8602 8867
8602 8745
8602 47606
8602 56398
167428 105024
167428 8913
167428 8745
105024 8913
105024 8745
8913 68793
8913 8867
8913 56398
8913 133189
68793 8980
68793 8745
68793 56398
8980 65091
8980 8994
65091 8994
65068 8867
8867 8745
8867 47606
8745 47606
47606 56398
56398 105787
105787 177192
177192 133189
