374979 179472
374979 263205
179472 295682
295682 243650
295682 67792
295682 79647
243650 192889
243650 89011
243650 206072
243650 240828
192889 219973
192889 260708
192889 79647
219973 260708
219973 95900
219973 89011
260708 193008
260708 106951
193008 453258
453258 44715
453258 67792
453258 67774
453258 89925
453258 121349
44715 423907
44715 150170
44715 150192
44715 359125
44715 318535
44715 272202
44715 179550
44715 248703
44715 157559
44715 251062
44715 316264
44715 264019
44715 92574
423907 150170
150170 230587
150170 263735
150170 179550
150170 248703
150170 251062
150170 263205
150170 358795
150170 29069
150170 97181
150170 174817
150170 230586
150170 263203
150170 179509
230587 261990
230587 174817
230587 230586
230587 179509
261990 122469
261990 120354
261990 357788
261990 261959
261990 179509
261990 92574
122469 259657
122469 315423
122469 174817
259657 120354
259657 110215
259657 174817
259657 179509
120354 263735
120354 318535
120354 272202
120354 179550
120354 251062
120354 315423
120354 174817
120354 261959
120354 179509
120354 357362
120354 264019
120354 92574
263735 150192
263735 157559
263735 67792
263735 67774
263735 89011
263735 89925
263735 179509
150192 359125
150192 318535
150192 272202
150192 390848
150192 179550
150192 157559
150192 251062
150192 263205
150192 316264
359125 179550
318535 272202
318535 157559
272202 390848
272202 179550
272202 157559
272202 251062
390848 257295
390848 179550
390848 67774
257295 179550
257295 263205
179550 357788
179550 248703
179550 251062
179550 263205
179550 358795
179550 316264
357788 248703
248703 157559
157559 251062
157559 316264
251062 263205
263205 358795
263205 324127
263205 92574
358795 316264
316264 89008
316264 121237
316264 67792
316264 67774
316264 97181
316264 106951
316264 110215
316264 89925
316264 68277
316264 154033
316264 383
89008 243651
89008 349008
89008 95903
89008 89011
89008 230586
89008 283215
89008 218174
243651 121237
243651 106951
243651 89925
243651 383
121237 349008
121237 386280
349008 67792
349008 67774
349008 106951
67792 453450
67792 29069
67792 95903
67792 79647
67792 299140
67792 386280
67792 335188
67792 92569
453450 324127
324127 67774
67774 138315
67774 298985
67774 439959
67774 89925
67774 386280
67774 261959
67774 357362
67774 287456
67774 264019
67774 200104
67774 92569
138315 29069
29069 129180
29069 287456
129180 95900
95900 298985
95900 261908
298985 95903
298985 116616
95903 314420
95903 89011
95903 106951
95903 121349
314420 79647
79647 89011
79647 317042
79647 287456
79647 264019
89011 279604
89011 110215
89011 317042
89011 357362
89011 287456
89011 121349
89011 261908
279604 97181
279604 112053
97181 439959
97181 230586
97181 261959
97181 243062
97181 112053
97181 154033
439959 106951
106951 299140
106951 89761
106951 386280
106951 261959
106951 218174
299140 331870
299140 110215
331870 89761
331870 110215
89761 110215
110215 317042
110215 230586
110215 287456
110215 243062
110215 264019
317042 89925
89925 386280
89925 261959
89925 112053
89925 218174
386280 68277
68277 335188
68277 261908
335188 315423
315423 174817
174817 230586
174817 261959
174817 179509
230586 179509
261959 272940
261959 285946
261959 383
272940 311907
272940 285946
311907 407440
285946 263203
263203 179509
179509 357362
287456 121349
243062 112053
243062 154033
112053 154033
154033 121349
121349 261908
261908 312903
261908 206072
240828 264019
264019 283215
283215 116616
116616 218174
218174 200104
200104 92574
92574 92569
92569 383
383 5963
383 23345
5963 67802
67802 10446
10446 139719
139719 6746
6746 26848
26848 36490
36490 4525
4525 23345
23345 4533
