108826 250749
250749 72367
72367 9553
9553 280053
280053 280052
280053 280050
280052 280050
280050 2055
2055 350335
2055 93416
2055 365471
350335 57888
350335 15
350335 832
350335 78
57888 242004
57888 6929
57888 15
242004 6968
6968 448383
6968 27185
6968 132231
448383 27185
27185 132231
132231 14577
14577 186799
14577 14070
14577 31859
14577 6940
14577 29233
14577 14608
14577 319808
14577 35375
186799 14609
186799 6929
14609 232768
14609 31304
14609 31859
14609 14608
232768 21057
21057 71577
21057 14070
71577 155365
155365 101192
101192 335865
101192 4910
335865 14070
335865 4910
335865 22636
14070 33488
14070 37532
14070 31732
14070 6940
14070 15
33488 308061
33488 154834
33488 62584
33488 31859
33488 6940
33488 175210
308061 6929
308061 31304
308061 4910
308061 57138
308061 15
6929 39334
6929 175210
39334 154834
39334 29233
154834 34281
154834 29233
34281 31304
34281 125101
34281 49171
34281 14551
34281 4904
34281 22636
31304 335723
31304 62584
31304 31859
31304 4910
335723 37532
335723 4910
335723 22636
37532 399557
37532 64997
37532 6940
37532 35375
37532 118508
37532 86964
37532 15
37532 78
399557 64997
399557 15
399557 832
399557 78
64997 31799
64997 6940
64997 15
64997 78
31799 31732
31799 31220
31732 62584
31732 6940
31732 29233
31732 4910
31732 22636
62584 31859
62584 4910
62584 15
31859 106996
106996 6940
106996 29233
6940 202409
6940 14608
6940 14551
6940 35375
6940 28462
6940 15
6940 832
6940 78
202409 29233
29233 178413
29233 288437
29233 319808
178413 31220
31220 4910
4910 288437
4910 140041
4910 175210
4910 14608
4910 335204
288437 125101
125101 49171
125101 57138
125101 4904
125101 22636
49171 140041
49171 4904
140041 301612
140041 14551
301612 301614
301614 285260
285260 57138
57138 432272
57138 175210
57138 335204
57138 385774
432272 175210
175210 14608
14608 14551
14551 335204
335204 4904
4904 385774
385774 22636
22636 319808
319808 35375
35375 118508
35375 832
35375 78
118508 86964
86964 53018
86964 28462
86964 15
86964 78
53018 306882
306882 105940
105940 104478
104478 235
104478 274
235 126360
235 216356
235 274
126360 2902
2902 38728
38728 301672
38728 182111
38728 103741
38728 28462
38728 274
301672 274
182111 103741
182111 274
103741 216356
216356 297414
216356 101521
297414 274
101521 28462
28462 178099
178099 274
274 318470
274 321696
274 328051
318470 321696
318470 328051
321696 328051
328051 30651
30651 93416
93416 15
15 300473
15 832
15 365471
300473 190080
190080 41349
41349 165668
165668 6417
6417 121397
121397 832
121397 78
832 365471
365471 78
78 326669
