105478 169060
169060 52509
52509 338780
52509 356953
52509 268183
268183 244884
244884 171929
244884 115155
244884 410025
171929 157104
171929 115155
171929 2917
157104 2913
157104 410025
2913 103690
2913 3845
2913 38674
2913 1062
2913 59
103690 3845
103690 190561
103690 2934
3845 190561
190561 38674
190561 38030
190561 38692
190561 38738
38674 74738
38674 38030
74738 38030
38030 38692
38030 38738
38030 2934
38692 181715
38692 38738
38738 212782
38738 2934
212782 115155
212782 2917
212782 2934
115155 410025
410025 2917
2917 247283
247283 2934
2934 263945
263945 465
465 394531
465 222
465 11711
465 39470
465 50000
465 371991
465 88
394531 222
394531 88
222 46372
222 308
46372 397161
46372 1062
397161 1062
397161 43
1062 57042
1062 10910
1062 39470
1062 36887
1062 51285
1062 70324
1062 100409
1062 4821
1062 211334
1062 318
1062 334274
1062 12432
1062 59
1062 54471
1062 463
1062 371991
1062 88
1062 2055
1062 86585
1062 43
1062 318458
1062 16953
57042 302649
57042 7937
302649 10910
10910 187376
10910 11711
10910 7937
10910 50000
187376 11711
11711 134022
11711 7937
11711 15868
11711 50000
11711 123714
11711 35156
11711 51241
11711 152470
11711 16005
134022 7937
134022 88
7937 19246
7937 50000
7937 11027
7937 2055
19246 15868
19246 42420
15868 39470
15868 42420
15868 8381
15868 51285
15868 88
15868 51241
15868 13134
39470 50000
39470 42420
39470 4821
39470 463
39470 88
50000 42420
50000 11027
50000 88
42420 123714
42420 35156
42420 13134
123714 8381
123714 11027
123714 13134
8381 110725
8381 36887
8381 35156
8381 11027
8381 13134
8381 16005
110725 36887
36887 6855
6855 51285
51285 70324
51285 59
51285 463
51285 2055
51285 43
70324 22722
70324 59
70324 2055
70324 43
22722 35156
22722 59
22722 2055
22722 43
35156 100409
35156 11027
35156 4821
35156 88
35156 13134
100409 151368
100409 4821
151368 11027
11027 35830
11027 13134
35830 95582
35830 13134
35830 16005
95582 4821
95582 13134
4821 211332
4821 334274
4821 12432
4821 59
4821 54471
4821 2055
4821 43
211332 211334
211334 286140
286140 286139
286139 3158
3158 49539
3158 334274
3158 12432
3158 344732
3158 86585
3158 318458
49539 318
49539 59
49539 2055
49539 43
318 334274
334274 12268
334274 59
334274 2055
334274 43
12268 158410
12268 401861
12268 12432
158410 401861
401861 12432
12432 59
12432 88
12432 2055
59 54471
59 43
54471 463
54471 43
463 371991
463 88
463 344732
371991 88
88 51241
88 344732
88 152470
88 308
51241 3994
3994 344732
344732 2055
2055 64942
2055 86585
2055 88001
64942 93742
93742 86585
93742 43
86585 13134
13134 152470
13134 125407
152470 16005
152470 308
16005 125407
125407 88001
88001 77193
77193 43
43 181857
181857 308
308 318458
318458 5219
5219 16953
16953 86605
86605 8767
8767 64686
64686 6929
6929 33279
