47665 22990
47665 4740
22990 7843
22990 4740
22990 86496
22990 463
7843 4740
7843 463
7843 4259
7843 1062
7843 1274
7843 1247
4740 138969
4740 463
4740 46045
138969 42041
138969 3280
138969 1062
42041 40825
42041 1062
40825 3280
40825 7937
40825 2138
3280 17520
3280 1247
17520 14474
14474 11203
14474 4344
11203 4344
11203 1062
4344 84920
4344 59
4344 86496
4344 4259
4344 46045
4344 1062
4344 1274
4344 7937
4344 1247
4344 2138
4344 58256
4344 13383
84920 95568
84920 2236
84920 4259
84920 1274
84920 2138
95568 218976
95568 4259
218976 2236
218976 4259
2236 28651
2236 4259
2236 7551
2236 101290
28651 103092
28651 14590
28651 31836
28651 4259
28651 1062
28651 34923
28651 14664
28651 1274
28651 1247
103092 128100
103092 31836
103092 14664
103092 7551
103092 1274
128100 63123
63123 34719
34719 428863
34719 361811
34719 276331
34719 14590
34719 246670
34719 293222
34719 132001
34719 342345
34719 90123
34719 102458
361811 31957
361811 14590
31957 276331
31957 293222
31957 132001
31957 342345
31957 90123
276331 14590
14590 115756
14590 7551
14590 65008
14590 16533
14590 132001
14590 342345
14590 16514
14590 28102
115756 31836
115756 1062
115756 14664
31836 317033
31836 34923
31836 14664
31836 7551
317033 6951
6951 139081
6951 215246
6951 206542
6951 106959
6951 4259
6951 1274
6951 34800
6951 226955
139081 215246
215246 206542
206542 16462
206542 1062
16462 106959
16462 1062
16462 34923
16462 1247
106959 59
106959 1062
106959 1274
59 187021
59 222681
59 1062
59 4734
59 1247
59 25715
187021 37427
187021 463
187021 1062
37427 86496
37427 1062
37427 1274
86496 463
86496 4259
86496 1062
463 222681
463 1062
463 280522
222681 4259
222681 1062
222681 1274
222681 1247
4259 46045
4259 17001
4259 137495
4259 29259
46045 1062
46045 7937
46045 1247
1062 258294
1062 34923
1062 1274
1062 1247
1062 25715
1062 29259
1062 101290
1062 141156
1062 35280
1062 280522
1062 34800
1062 226955
1062 58256
1062 70120
34923 14664
34923 7551
34923 1274
14664 371179
14664 371176
14664 7551
14664 16533
14664 132001
14664 342345
14664 1247
14664 90123
371179 371176
371179 7551
371176 16533
7551 246670
7551 111006
7551 65008
7551 16533
7551 342345
7551 1247
7551 90123
7551 102458
7551 16514
7551 99060
7551 28102
7551 35280
246670 111006
111006 65008
65008 16533
65008 16514
16533 293222
16533 16514
132001 342345
342345 1274
1274 171719
1274 67647
1274 1247
1274 29259
1274 35280
1274 34800
1274 226955
1274 13383
171719 7650
7650 69595
69595 93526
93526 103316
103316 67647
67647 4921
4921 4734
4734 32632
4734 2138
32632 17001
17001 23403
23403 23434
23403 7937
23403 13383
23434 205894
23434 7937
23434 2138
205894 7937
205894 2138
7937 203983
7937 2138
7937 58256
203983 181436
203983 2138
181436 137495
137495 1247
1247 25715
1247 280522
1247 226955
25715 29259
29259 101290
101290 2138
2138 141156
2138 58256
2138 61073
141156 217313
217313 30476
30476 90123
90123 102458
102458 16514
16514 99060
99060 28102
28102 35280
35280 280522
280522 34800
34800 226955
58256 13383
13383 61073
61073 11874
11874 66109
66109 65569
65569 107811
107811 70120
