31694 12200
12200 236010
12200 12220
12200 38433
12200 87978
236010 90865
90865 12220
12220 119383
12220 92704
12220 87978
12220 96347
119383 12271
12271 3447
3447 445705
3447 46205
3447 92704
3447 115078
3447 6
3447 1852
3447 979
3447 87978
3447 96347
445705 10297
10297 1298
1298 121226
1298 2670
1298 6
1298 392772
1298 556
1298 88
1298 138
1298 73229
1298 383
121226 46205
121226 114514
121226 88
46205 92704
46205 38433
46205 2670
92704 45721
92704 96347
45721 114514
114514 115078
115078 140234
140234 38433
140234 2670
140234 87978
140234 138
38433 2670
38433 138
38433 383
2670 200275
2670 51863
2670 110769
2670 392772
2670 556
2670 75268
2670 87978
2670 22947
2670 138
2670 73229
2670 9833
2670 383
2670 384473
200275 42768
200275 138
42768 51863
51863 130695
51863 317
51863 138
51863 383
130695 51390
130695 88
51390 110769
110769 82728
110769 1852
110769 88
110769 383
82728 30631
82728 124739
82728 317
82728 6
82728 7644
30631 142578
30631 124739
142578 124739
142578 979
142578 138
124739 160246
124739 7644
160246 317
160246 88
317 145953
317 98148
317 231231
317 5673
317 73229
145953 6
145953 138
6 61413
6 392772
6 56231
6 556
6 88
6 94219
6 225995
6 73229
6 9833
61413 4717
61413 138
4717 392772
392772 1852
392772 88
392772 138
392772 41383
392772 383
1852 107829
1852 56231
1852 88
1852 130931
107829 110602
107829 56231
107829 979
107829 88
107829 138
110602 56231
56231 27979
56231 49460
56231 88
27979 34386
27979 138
27979 383
34386 141946
141946 49460
49460 90110
49460 31100
90110 31100
31100 27454
31100 88
27454 98148
98148 556
98148 979
98148 88
556 24195
556 979
556 88
556 138
24195 67848
24195 138445
24195 979
24195 138
24195 383
67848 138445
67848 979
138445 231231
138445 979
138445 383
231231 104606
104606 374717
374717 979
979 2345
2345 28586
2345 88
2345 138
28586 451628
451628 88
88 75268
88 70429
88 87978
88 5673
88 448944
88 9833
75268 155723
75268 383
155723 272026
272026 85365
85365 26508
85365 81383
26508 81383
81383 63850
63850 363687
363687 4888
4888 33653
4888 4895
33653 4895
4895 310397
4895 54039
310397 54039
310397 138
54039 381834
381834 381835
381835 61292
61292 396216
396216 48069
48069 94219
94219 7644
94219 383
7644 70429
70429 138
87978 22947
22947 96347
22947 383
96347 138
138 225995
138 73229
138 9833
225995 36877
36877 182409
36877 5673
5673 73229
73229 41383
73229 383
41383 448944
448944 9833
9833 364909
9833 383
364909 383
383 384473
383 197631
197631 123327
123327 130931
