189670 365034
365034 14659
14659 177981
14659 177979
14659 34308
14659 99182
177981 177979
177979 34308
34308 98290
34308 86382
34308 99182
34308 28165
98290 86382
86382 99182
99182 65171
65171 1416
1416 175237
1416 446104
1416 329072
1416 28165
175237 352
329072 29595
29595 307651
307651 7451
7451 183000
183000 79581
183000 1852
183000 383
183000 828
79581 252981
79581 271762
79581 6119
271762 250227
271762 216
250227 6496
6496 451994
6496 216
451994 216
216 68071
216 84510
216 116924
216 173387
216 194618
216 213
216 45242
216 16160
216 174362
68071 1852
68071 383
68071 213
68071 6119
68071 2670
1852 205039
1852 3526
1852 50816
1852 96009
205039 15930
15930 10457
15930 352
10457 89780
89780 65896
89780 383
89780 213
89780 2670
65896 3526
65896 408
3526 471
471 32385
471 408
471 174362
32385 54639
32385 828
54639 102747
102747 102750
102750 50816
50816 197153
50816 383
197153 58384
197153 383
58384 84510
84510 383
84510 2670
383 431959
383 31479
383 31402
383 179242
383 16160
383 16500
383 174362
383 2670
431959 116924
116924 275469
116924 4433
275469 4433
4433 31479
4433 408
4433 13881
31479 70374
31479 4420
70374 130882
70374 4420
130882 4420
130882 352
130882 12677
130882 26378
4420 139628
4420 12677
4420 32946
139628 79861
79861 22165
22165 68661
68661 173387
68661 213
173387 194618
173387 828
194618 42459
194618 213
194618 3419
194618 2670
42459 31402
42459 42447
31402 43541
31402 20022
31402 408
31402 213
31402 3419
31402 2670
43541 96009
43541 42447
43541 20022
96009 42447
96009 960
42447 20022
20022 84812
20022 408
20022 352
20022 3419
20022 960
84812 408
408 179242
408 352
408 213
408 16160
408 3419
408 16500
408 960
408 36360
408 828
408 174362
179242 352
179242 3419
179242 2670
352 187270
352 16160
352 13881
352 230247
352 3419
352 16500
352 960
352 174362
187270 213
187270 3419
187270 828
213 45242
213 960
213 174362
213 2670
213 28165
45242 37800
37800 2526
37800 6119
37800 828
2526 6119
6119 175879
175879 6679
6679 151686
6679 16160
151686 16160
16160 12677
12677 13881
12677 12668
12677 26378
12677 32946
13881 12668
12668 12726
12726 131567
131567 12685
12685 26378
26378 32946
32946 68353
68353 230247
230247 3419
3419 16500
3419 960
3419 174362
16500 960
960 183030
960 174362
183030 36360
36360 828
828 174362
828 28165
174362 2670
2670 28165
2670 125207
28165 111086
111086 125207
125207 37523
37523 276578
