203593 47490
203593 959
47490 169581
169581 959
959 64426
64426 10942
10942 318882
318882 29373
318882 2417
318882 677
29373 62632
29373 8582
8582 120164
8582 11868
8582 273198
8582 9831
8582 9574
120164 210757
210757 159240
159240 11868
159240 9574
159240 11888
11868 81473
81473 33672
81473 9574
33672 204290
204290 40429
40429 273198
9831 2417
9831 66372
2417 300716
2417 70094
2417 16822
2417 50591
2417 2138
2417 296641
2417 677
300716 597
300716 2138
597 329457
329457 101856
329457 95910
101856 32216
32216 169612
169612 9574
9574 256773
9574 49739
9574 53312
9574 201508
9574 1813
9574 254762
9574 45788
256773 52119
52119 170339
52119 122761
170339 49739
49739 24142
49739 11888
24142 83218
83218 33359
33359 62584
33359 123998
62584 46573
62584 6948
46573 93040
93040 31851
31851 149819
31851 6948
149819 34977
34977 333453
34977 53312
34977 123998
333453 186395
186395 53312
186395 6948
53312 123998
53312 11888
123998 192654
192654 6948
6948 30676
6948 131933
30676 30722
30676 30493
30722 29784
30722 30490
30722 30667
29784 30490
29784 30493
30490 39343
39343 30667
30667 30493
30493 131933
131933 31920
31920 201508
201508 1813
1813 210475
210475 254762
254762 11888
11888 122761
11888 157557
122761 45788
45788 93029
93029 70094
70094 12318
12318 84780
12318 125796
84780 16822
16822 385935
385935 92227
92227 125796
125796 39851
39851 50591
50591 12859
50591 9252
12859 52285
52285 32132
52285 9252
52285 2138
32132 9252
9252 29015
29015 2138
2138 296641
2138 677
296641 677
677 16889
677 5231
16889 7885
7885 5954
5954 31183
31183 59468
59468 66372
66372 17247
17247 117603
117603 5231
5231 279271
279271 208500
279271 95921
208500 321876
208500 272199
208500 95910
321876 157557
157557 272199
157557 95910
272199 95921
272199 95910
95921 284052
284052 95893
95893 296040
296040 95910
