220109 132245
132245 39524
132245 14590
132245 14648
39524 395384
39524 34312
39524 16344
395384 52355
395384 19150
395384 34312
395384 14648
52355 377128
52355 98470
377128 377129
377129 19150
19150 366421
19150 14590
19150 61895
19150 380046
19150 48501
19150 16344
19150 332962
19150 65591
366421 34312
366421 8721
366421 14648
34312 286277
34312 332962
34312 324533
286277 14590
14590 352157
14590 60005
14590 48501
14590 123904
14590 391712
14590 36418
14590 20939
14590 125824
14590 63699
14590 16344
14590 116511
14590 40271
14590 119325
14590 65591
14590 122272
14590 324448
14590 14648
352157 98470
352157 15
352157 19913
98470 61895
98470 16452
98470 29233
61895 60005
61895 16452
61895 16344
61895 29233
61895 19913
60005 104701
60005 123904
60005 16452
60005 19913
104701 58992
104701 16344
104701 35353
104701 14648
58992 380046
380046 48501
380046 29233
48501 123931
48501 29233
48501 19913
123931 123904
123931 29233
123904 28076
28076 33901
28076 16344
33901 30949
33901 16450
30949 125631
125631 16450
125631 465
125631 15
16450 365355
16450 100109
16450 107882
16450 35696
16450 74604
16450 16452
100109 107882
100109 74604
100109 16452
100109 37167
107882 35696
107882 19913
35696 74604
35696 465
35696 16452
74604 89560
89560 33903
89560 16452
33903 296811
296811 61649
61649 326455
61649 16452
61649 59141
326455 459
326455 16452
459 233910
233910 465
465 19011
465 20939
465 16344
19011 867
867 11325
11325 134040
134040 10651
10651 137421
10651 493
137421 987
137421 15
987 493
987 74260
493 74260
74260 7064
7064 170596
7064 15
170596 50122
50122 4363
50122 15
4363 79492
79492 79420
79420 132234
132234 397721
397721 16452
16452 391712
16452 277505
16452 31290
16452 315576
16452 171755
16452 280938
16452 91064
16452 59141
16452 289441
16452 63457
16452 36418
16452 16344
16452 29233
391712 29233
277505 31290
31290 315576
31290 59141
31290 289441
31290 36418
315576 36216
36216 171755
36216 269210
171755 240741
240741 89801
240741 50361
89801 269210
89801 50361
269210 50361
50361 280938
50361 91064
50361 116511
50361 300373
280938 37167
37167 289992
37167 54157
289992 91064
91064 54157
91064 59141
91064 19913
54157 59141
59141 289441
59141 63457
59141 36418
289441 63457
63457 36418
36418 20939
20939 125824
20939 116511
20939 8721
125824 33277
33277 63699
33277 16344
63699 16344
63699 19913
16344 22635
16344 116511
16344 119325
16344 35353
16344 8721
16344 19913
16344 324448
16344 14648
22635 15
22635 29233
22635 19913
15 116511
116511 40271
116511 8721
116511 14648
40271 394969
40271 57280
40271 119325
40271 35353
40271 300373
394969 57280
57280 119325
57280 35353
119325 35353
35353 300373
300373 29233
300373 14648
29233 332962
332962 8721
8721 65591
8721 14648
65591 122272
122272 19913
122272 14648
19913 324448
19913 14648
324448 14648
14648 324533
