344239 60619
344239 35248
35248 288076
35248 383
35248 19159
35248 1292
288076 59305
288076 383
383 123920
383 19159
383 51706
383 16531
383 102491
383 529
383 9893
383 49990
383 43002
383 204570
383 503
383 40814
383 7340
383 72916
383 148028
383 6081
383 1247
383 235116
383 1274
383 1062
383 160303
123920 19159
123920 14554
19159 51706
19159 16531
19159 65167
19159 20916
19159 1062
51706 14554
51706 16531
51706 1247
51706 1274
51706 1062
14554 38217
14554 16531
14554 102491
14554 65167
38217 16531
16531 102491
16531 339
16531 1247
16531 1062
102491 1062
65167 20916
20916 66051
66051 253
253 361
253 21211
253 503
361 1096
361 339
1096 46008
1096 1062
46008 54
54 21211
54 1062
21211 3140
21211 323
21211 1274
3140 339
339 80393
339 36468
339 1062
80393 4201
80393 1062
36468 529
36468 503
529 9893
529 31403
529 503
529 3280
529 40455
529 12755
529 16107
529 4201
529 64501
529 6081
529 1247
529 1274
529 1062
529 160303
9893 221298
9893 31403
9893 323
9893 50936
9893 16107
9893 4201
9893 64501
9893 38884
9893 6081
9893 1274
9893 1062
221298 31403
31403 12799
31403 323
31403 503
31403 12755
31403 16107
31403 4201
31403 1062
12799 43518
12799 503
12799 6081
43518 252852
252852 20011
252852 1062
20011 26368
20011 12755
26368 49990
49990 1664
49990 503
49990 7698
49990 6081
1664 43002
43002 323
43002 503
323 204570
323 503
323 185679
323 7340
323 81297
323 43539
323 81179
323 161794
323 39434
323 6081
323 1062
204570 503
503 185679
503 175003
503 7340
503 20067
503 201083
503 23938
503 50936
503 81179
503 234576
503 161794
503 39434
503 148028
503 155033
503 16107
503 151045
503 4201
503 1274
185679 40441
185679 3280
40441 175003
40441 40814
40441 143789
40441 20067
175003 40814
175003 3280
175003 6081
175003 1274
40814 3280
40814 7340
40814 115467
40814 143789
40814 40455
40814 6081
3280 89356
3280 7340
3280 81297
3280 143789
3280 40455
3280 43539
3280 20067
3280 3290
3280 1247
89356 7340
89356 3290
7340 115467
7340 81297
7340 40455
7340 20067
7340 81179
115467 81297
81297 143789
81297 40455
143789 40455
143789 1292
40455 12755
40455 20067
12755 43539
12755 20067
12755 50936
12755 16107
12755 4201
43539 20067
20067 3290
3290 10256
3290 1062
10256 13923
10256 72916
13923 72916
72916 64846
72916 1062
64846 133784
133784 201083
201083 23938
201083 6081
23938 50936
23938 39434
50936 10129
50936 4201
10129 81179
81179 6081
234576 10647
10647 130986
130986 7698
7698 161794
161794 39434
39434 148028
148028 155033
148028 1274
155033 16107
155033 4201
16107 151045
16107 4201
16107 64501
16107 38884
16107 6081
16107 1247
16107 1062
151045 6089
151045 4201
151045 6081
6089 82417
82417 4201
4201 64501
64501 38884
38884 6081
6081 195452
195452 1247
195452 1274
195452 1062
1247 235116
1247 1274
1247 1062
1247 160303
235116 243901
235116 1292
235116 1274
235116 1062
243901 1274
1292 7625
7625 230461
7625 1274
7625 1062
230461 1274
1274 249646
1274 1062
1274 160303
1274 155442
249646 1062
1062 72779
1062 160303
72779 160303
160303 67531
67531 155442
155442 263917
155442 197062
263917 197062
197062 19948
197062 46618
19948 46618
