208345 204629
204629 180703
180703 133790
180703 408
180703 960
133790 181821
133790 2417
181821 2417
181821 960
2417 19243
2417 103262
2417 408
2417 227948
2417 62483
2417 2670
2417 101138
2417 62021
2417 222372
2417 111450
19243 3419
19243 960
3419 63316
3419 408
3419 338781
3419 48200
3419 26244
3419 7804
3419 222372
3419 960
63316 12563
63316 5744
63316 960
12563 3064
12563 5744
3064 5744
5744 103262
5744 408
5744 2164
5744 2670
103262 66423
103262 2670
103262 14600
66423 27644
27644 124509
124509 333021
333021 23694
23694 310639
310639 94655
94655 290980
290980 42
42 193231
42 408
42 28473
42 19
42 62021
42 7451
42 108099
42 123955
193231 408
408 9962
408 227948
408 2164
408 946
408 338781
408 26244
408 303617
408 19
408 960
9962 13146
13146 227948
227948 2164
227948 3298
2164 50945
2164 62483
2164 43128
2164 48200
50945 62483
50945 960
62483 13943
62483 2670
13943 10662
10662 13941
13941 946
946 4009
946 3298
4009 4016
4009 960
4016 4004
4016 4013
4004 4013
4013 43128
43128 1322
43128 960
1322 40514
1322 7804
1322 4751
40514 9110
40514 2670
40514 19
9110 338781
9110 62021
338781 34506
338781 960
34506 15765
15765 139192
139192 46526
46526 80458
46526 128722
46526 128695
46526 48552
46526 164479
80458 128722
80458 20226
128722 20226
128722 14600
20226 68393
68393 128695
128695 48552
128695 2670
128695 14600
48552 164479
48552 14600
164479 288836
288836 2670
288836 14600
2670 41040
2670 62021
2670 123955
2670 33948
2670 222372
41040 35772
35772 85456
85456 101138
101138 28473
28473 73842
73842 35311
35311 160214
160214 14600
14600 48200
48200 26244
48200 960
26244 184687
26244 11444
26244 4440
26244 62021
26244 960
184687 2436
2436 34729
2436 7451
34729 3003
3003 7804
7804 4751
4751 41216
41216 180265
41216 19
180265 12708
180265 19
12708 410437
410437 15328
15328 303617
303617 11444
303617 960
11444 398256
398256 19
19 27574
19 62021
27574 4440
4440 62021
62021 7451
7451 108099
7451 123955
108099 123955
123955 43279
123955 960
43279 353649
43279 222372
353649 5198
5198 5375
5375 33948
33948 3298
3298 114243
3298 111450
114243 94163
114243 960
94163 222372
222372 191258
191258 111450
111450 960
