139762 57706
57706 301216
57706 1503
301216 30550
30550 190551
30550 55471
30550 49676
30550 138
30550 2055
190551 55471
190551 236
190551 138
55471 374896
55471 236
55471 138
55471 1503
55471 2055
374896 49676
374896 236
374896 138
374896 1503
374896 16452
49676 448622
49676 146617
448622 236
236 161066
236 972
161066 55240
55240 9523
55240 352
55240 1503
9523 38328
9523 1503
9523 38325
9523 5219
9523 531
38328 184171
38328 1503
38328 38325
184171 24220
184171 138
24220 201836
201836 816
816 41786
816 4223
816 352
816 230409
816 2055
816 221
816 972
816 76408
816 167898
816 330489
41786 111451
41786 352
41786 972
111451 449
111451 352
111451 2042
111451 8486
449 4223
449 1
4223 352
4223 2138
4223 1503
352 121032
352 2138
352 1503
352 100780
352 378095
352 972
352 11323
352 8486
352 167898
352 14162
352 330489
121032 2138
2138 187389
2138 138643
2138 56635
2138 6078
2138 9987
2138 12278
2138 1503
2138 54538
2138 378095
2138 972
2138 4934
2138 14162
187389 138643
187389 1503
138643 56635
138643 1503
56635 6078
56635 1503
6078 48246
6078 1503
6078 349
48246 9987
48246 1503
9987 248844
9987 1503
9987 20631
9987 378095
248844 2042
2042 129998
2042 221
2042 11323
129998 62
129998 8486
62 291350
291350 2266
2266 121719
2266 29213
2266 118329
2266 62073
2266 171588
2266 46339
2266 16140
121719 29213
29213 118329
29213 138
29213 2055
118329 83296
83296 16136
83296 62073
83296 46339
16136 62073
16136 16140
62073 171588
62073 46339
171588 46339
46339 16140
16140 1019
16140 138
16140 2055
1019 16790
16790 12475
12475 223653
12475 12278
223653 12278
12278 296205
12278 138
12278 1503
12278 972
296205 138
138 230409
138 2055
138 30802
138 16452
138 204887
138 33683
138 1455
138 7888
138 31978
138 47183
138 5606
138 167898
230409 1503
1503 361179
1503 326951
1503 33683
1503 1455
1503 31978
1503 221
1503 197238
1503 20631
1503 167898
1503 14162
361179 2055
2055 146617
2055 30802
2055 16452
2055 204887
2055 326951
2055 1455
2055 7888
2055 167898
146617 30802
146617 16452
30802 16452
16452 204887
326951 14805
326951 221
14805 38325
14805 7888
38325 33683
33683 1455
33683 7888
33683 531
33683 6854
1455 7888
1455 531
1455 6854
7888 5219
7888 6854
5219 31978
31978 47183
47183 221
47183 531
47183 349
221 5606
221 11323
221 167898
5606 531
531 18051
18051 54538
18051 972
54538 197238
197238 100780
100780 20631
378095 972
972 95184
95184 287695
287695 1
1 401892
1 444687
1 29147
29147 202167
202167 88467
88467 6854
88467 349
6854 5988
5988 76408
5988 349
76408 4934
4934 11323
11323 8486
8486 167898
167898 14162
167898 349
14162 14198
14198 330489
330489 349
349 139030
