112372 78586
78586 1248
1248 17834
1248 9653
17834 21517
17834 4177
17834 47010
17834 23956
21517 18865
21517 4177
21517 5288
21517 11112
21517 47010
21517 83
21517 23956
18865 57044
18865 4177
18865 47010
57044 50925
57044 4177
57044 5288
57044 11112
57044 47010
57044 9700
57044 4368
57044 352
50925 92151
50925 4177
50925 11112
50925 1426
50925 57648
50925 352
92151 4177
92151 11112
4177 5288
4177 11112
4177 47010
4177 55
4177 23956
4177 362
4177 41733
4177 37437
5288 11112
5288 47010
5288 23956
11112 93212
11112 47010
11112 23956
11112 41733
93212 47010
47010 9700
47010 83
9700 31437
31437 37671
37671 7445
37671 2662
7445 1808
1808 13874
1808 4210
1808 54274
1808 20934
13874 92999
92999 25478
25478 1426
25478 352
1426 30409
1426 14106
1426 83520
1426 86173
30409 126368
30409 352
126368 83
83 90027
83 42046
83 99695
83 69478
83 84015
83 159720
90027 55
55 6898
55 159720
55 362
6898 13036
13036 4210
4210 32664
32664 36808
32664 4344
36808 36493
36808 23956
36808 6429
36808 4405
36493 23956
36493 4368
23956 24215
23956 18217
23956 4344
23956 54274
23956 4368
23956 352
23956 41733
23956 4405
24215 38924
38924 18217
18217 42046
18217 2662
18217 83520
18217 4344
18217 20380
18217 4368
42046 182551
42046 2662
42046 4344
182551 6429
182551 2662
6429 99695
6429 69478
99695 85093
99695 142938
99695 69478
99695 53738
85093 159015
85093 53738
85093 53875
159015 142938
159015 53738
159015 103638
159015 190598
159015 53875
142938 79418
79418 85101
79418 69478
79418 53738
79418 103638
79418 53875
85101 69478
85101 53738
69478 53738
69478 53875
69478 2662
53738 103638
53738 190598
103638 190598
190598 53875
190598 298642
53875 298642
298642 2662
2662 24196
2662 4344
2662 54274
24196 14106
14106 83520
14106 42304
14106 4344
14106 4368
14106 4405
83520 42304
83520 818
83520 352
42304 132472
132472 86173
86173 84015
84015 67827
84015 4344
84015 4368
67827 14164
67827 4368
67827 352
14164 159720
159720 57648
57648 8163
8163 185457
185457 4344
185457 352
4344 20380
4344 54274
4344 818
4344 4368
4344 352
20380 54274
54274 362
54274 818
54274 4368
54274 352
54274 4405
362 9653
9653 19881
19881 80815
80815 60576
60576 97356
60576 7551
97356 99079
99079 16536
99079 7551
16536 112487
112487 7551
7551 60719
7551 55947
7551 20934
60719 55947
55947 20934
20934 70853
70853 62152
62152 98908
98908 27887
98908 59288
27887 309536
27887 59288
309536 59288
59288 437973
437973 818
437973 352
818 264091
818 4368
818 352
264091 4368
264091 352
4368 202647
4368 352
4368 41733
202647 352
352 329009
329009 41733
41733 37437
37437 14102
14102 4405
