198947 37049
37049 52753
52753 45
45 11600
11600 949
11600 969
949 167853
949 56236
167853 959
167853 969
56236 34367
56236 969
56236 759
34367 259680
34367 247159
34367 11601
259680 247159
247159 959
959 318646
959 969
959 144891
959 11601
318646 969
969 144891
144891 11601
11601 138711
11601 759
11601 8
138711 759
759 168625
759 240513
759 9630
759 69332
759 63231
168625 8
8 240513
8 154457
8 55471
240513 9630
9630 306
306 69332
69332 16785
16785 55681
55681 31921
31921 117734
31921 14572
117734 16540
16540 243237
16540 200609
16540 52474
16540 73186
16540 14572
16540 7551
16540 116774
16540 20920
16540 53903
243237 359696
243237 14572
243237 7551
359696 57138
57138 107207
57138 103168
57138 40328
57138 278526
57138 99112
107207 152554
152554 31957
152554 52474
31957 333324
31957 278526
31957 64725
31957 30230
31957 425947
31957 379418
333324 273071
273071 103168
273071 313761
273071 30230
273071 37555
103168 382454
103168 278526
103168 54037
103168 99112
382454 419862
419862 313761
313761 40328
40328 278526
40328 254323
40328 54037
40328 37555
40328 99112
40328 379418
40328 14572
40328 7551
40328 99156
40328 14674
278526 117921
278526 54037
278526 30230
117921 254323
254323 54037
254323 37555
54037 64725
54037 37555
54037 99112
64725 30230
30230 37555
30230 99112
30230 379418
30230 337408
30230 181019
30230 99156
37555 99112
37555 99156
99112 73161
99112 7551
73161 200609
73161 63231
200609 52474
200609 14572
200609 7551
52474 425947
52474 14572
425947 379418
379418 61555
61555 119970
119970 53001
119970 20920
53001 96813
53001 73186
96813 7551
73186 14572
73186 7551
73186 20920
14572 337408
14572 7551
14572 116774
14572 88536
337408 7551
7551 116774
7551 20920
7551 99156
7551 53903
116774 20920
20920 63231
20920 61722
20920 60356
63231 61721
61721 61727
61727 61731
61731 61722
61722 60356
60356 39192
39192 181019
181019 99156
99156 14674
14674 53903
53903 40227
40227 101802
40227 55471
101802 132194
101802 2902
132194 2902
2902 154457
154457 55471
55471 88536
88536 90771
88536 8781
88536 8598
88536 8605
90771 401886
90771 8781
90771 125150
90771 270917
90771 56389
90771 63687
401886 113807
113807 8781
8781 125150
8781 8598
8781 8605
125150 8598
8598 165634
8598 223742
8598 36223
8598 270917
8598 56389
8598 63687
8598 86770
8598 43689
8598 72013
165634 223742
223742 36223
223742 43689
36223 270917
270917 19984
19984 8605
8605 56389
8605 86770
8605 43689
56389 63687
63687 86770
63687 72013
86770 43689
43689 72013
