410227 328646
328646 62209
328646 30230
62209 163414
62209 90065
163414 190832
163414 30230
190832 342609
342609 30230
30230 185172
30230 444002
30230 102495
30230 93598
30230 31820
30230 16533
185172 287619
287619 132005
132005 303028
303028 31681
31681 444002
31681 102495
31681 71556
31681 304563
102495 95033
102495 31820
102495 44012
95033 123998
95033 107315
123998 95225
123998 71556
123998 31820
123998 16533
123998 102393
123998 107315
95225 71556
95225 90065
71556 93598
71556 102393
93598 31820
31820 304563
31820 102393
304563 44012
44012 16533
44012 102393
44012 107315
16533 110470
16533 102393
110470 79113
79113 102393
102393 298019
298019 107315
107315 90065
90065 184143
184143 123467
123467 101565
101565 365
101565 1881
365 101028
365 47597
365 60255
101028 5891
5891 163846
5891 3549
163846 40191
163846 47597
163846 3549
40191 129009
129009 3114
3114 23817
3114 7820
23817 109
109 6123
109 10
6123 7820
7820 310362
310362 619
619 47597
619 3026
47597 3549
60255 27829
27829 24620
24620 1665
1665 10590
10590 200441
10590 1759
200441 101405
101405 347828
101405 76619
347828 2934
2934 131087
2934 2875
2934 66793
131087 2875
131087 2918
2875 264337
2875 76619
2875 66793
264337 76619
76619 304884
76619 66793
304884 2918
2918 66793
66793 168158
168158 29149
168158 10
168158 1759
29149 186740
29149 1138
186740 1138
186740 3549
1138 23289
1138 7445
1138 3026
23289 7445
23289 313920
23289 1759
23289 65391
7445 7215
7445 10
7445 1759
7215 102253
7215 9162
102253 223
223 110483
223 126697
110483 253028
110483 174730
110483 81424
110483 88045
110483 92408
253028 174730
174730 81424
174730 88045
81424 236425
81424 88045
236425 88045
236425 5194
88045 92408
88045 5194
88045 102858
88045 5207
92408 578
92408 9162
9162 54596
9162 5194
9162 10
54596 11222
11222 184558
184558 1881
1881 126697
1881 10
126697 11894
11894 160346
160346 71737
71737 11192
11192 197351
197351 3549
3549 450648
450648 5194
5194 102858
5194 5207
102858 5207
5207 10
10 313920
10 3026
10 1759
10 65391
3026 1759
1759 65391
