55083 13570
13570 40180
13570 1988
13570 206
40180 148294
40180 206
148294 105820
105820 134773
105820 10373
105820 138
105820 206
134773 200879
200879 2515
2515 23709
2515 108948
2515 46539
2515 22527
2515 1031
23709 219793
23709 206
219793 1247
219793 138
219793 206
1247 33087
1247 383692
1247 36581
1247 5226
1247 6327
1247 138
1247 11792
1247 1988
1247 206
33087 150188
33087 2360
33087 138
33087 1988
33087 206
150188 165215
150188 150159
165215 2360
2360 383692
383692 122470
383692 206
122470 253107
122470 122452
122470 174821
122470 88566
122470 128853
122470 75369
122470 88858
122470 110215
122470 186958
253107 122452
253107 75369
253107 97190
253107 110210
122452 230586
122452 97190
122452 110215
122452 186958
122452 263716
230586 174821
230586 75369
230586 110215
230586 150182
174821 327027
327027 374423
374423 137960
137960 409725
137960 261959
409725 288272
409725 75369
288272 404701
288272 150182
404701 89011
404701 110210
404701 150182
89011 152889
89011 88566
89011 36587
89011 128853
89011 179516
89011 110215
89011 36581
89011 186958
152889 232653
152889 194495
232653 88566
232653 150182
88566 36587
88566 75369
88566 36581
88566 138
36587 317150
36587 252105
317150 260741
317150 194495
317150 206
260741 345744
345744 128853
345744 97190
345744 110210
128853 335498
335498 75369
75369 284147
75369 36581
75369 186958
75369 266849
284147 97190
97190 305222
97190 186958
97190 261959
97190 403142
305222 88858
305222 36581
88858 194495
88858 36581
194495 179516
194495 89935
194495 176039
179516 89935
179516 110215
179516 36581
89935 89928
89935 89946
89935 36581
89928 252105
89928 89946
252105 89946
252105 110210
89946 176039
176039 110215
110215 36581
110215 186958
36581 186958
36581 4821
36581 206
186958 266849
266849 266044
266849 261959
266044 261959
261959 110210
261959 138
261959 206
110210 403142
403142 150182
150182 263716
263716 5226
263716 138
263716 1988
5226 416143
5226 95871
5226 1988
416143 12221
12221 34046
12221 12465
34046 12465
12465 34022
34022 4821
4821 72959
4821 6327
4821 138
4821 46539
72959 10373
72959 206
10373 108948
108948 10132
10132 18284
10132 138
18284 6327
18284 138
18284 206
6327 63613
6327 206
63613 138
63613 206
138 165343
138 1988
138 40967
138 187519
138 233853
138 7590
165343 11792
165343 206
11792 187619
11792 3472
11792 150240
11792 206
11792 7590
187619 3472
187619 95871
3472 91557
3472 163865
91557 72273
72273 79955
79955 46539
46539 103843
46539 22527
46539 1031
22527 6668
6668 39033
39033 54405
54405 8498
8498 150240
150240 95871
95871 1988
1988 40967
1988 206
1988 187519
40967 206
206 163865
206 187519
206 7590
163865 150159
150159 10150
10150 1031
1031 187519
233853 7590
