254484 299409
299409 370359
299409 299441
299441 346461
346461 39523
346461 106758
346461 34306
346461 97023
346461 40293
39523 329196
39523 34306
39523 352033
39523 102528
39523 40293
329196 111658
329196 34306
111658 225112
111658 34306
225112 106758
106758 374817
106758 34306
374817 34306
34306 352033
34306 262135
34306 102528
34306 40293
34306 104894
34306 14564
352033 97023
97023 262135
97023 102528
102528 40293
102528 14564
40293 104894
104894 14564
14564 238582
238582 292
292 58186
292 2
58186 235425
235425 34971
235425 5199
34971 39235
39235 35128
35128 7959
7959 11856
11856 40717
11856 1988
40717 1298
1298 282751
1298 209474
282751 10073
10073 8473
8473 44250
8473 2
44250 113597
44250 1988
44250 5199
44250 2353
113597 48459
48459 113154
113154 242690
113154 707
242690 707
707 112990
112990 1988
1988 170654
1988 5199
1988 455311
1988 131911
1988 209474
1988 181714
1988 241427
1988 7782
170654 5199
5199 455311
455311 202390
202390 5521
5521 93310
5521 141608
93310 141608
141608 3054
3054 47534
3054 99901
47534 99901
99901 59780
59780 1164
59780 2
1164 131911
131911 209474
209474 12707
12707 12731
12731 83399
83399 181714
181714 7836
181714 2353
7836 241427
241427 7782
7782 19223
7782 66555
7782 70732
7782 136817
19223 66555
66555 132443
132443 94236
94236 85635
94236 2353
85635 70732
70732 188755
188755 21459
21459 7096
7096 14121
7096 2353
14121 136817
14121 2353
136817 133117
136817 2353
133117 56350
56350 17184
17184 148363
148363 17148
17148 2353
2353 65767
65767 2
2 37312
37312 23680
37312 14600
23680 150310
23680 385303
23680 91128
23680 79951
150310 292520
150310 44834
150310 9481
150310 14600
292520 104024
104024 72585
104024 14600
72585 218369
218369 44834
44834 385303
385303 9481
385303 14600
9481 91128
9481 53420
9481 20216
9481 79951
91128 14600
14600 91552
14600 79951
91552 64750
91552 20251
64750 20251
20251 53420
20251 42707
53420 42707
42707 20216
20216 79951
