112913 109904
109904 142474
142474 10
142474 750
10 95451
10 22131
10 44250
10 86481
10 179968
10 36290
10 1
10 1062
10 328678
10 55248
10 62045
10 25841
10 750
10 182991
10 759
10 301
10 42
10 192302
22131 16143
22131 1503
16143 37755
16143 102195
16143 1062
37755 102195
102195 16160
16160 63320
16160 1062
16160 750
16160 42
63320 2417
63320 1062
63320 1503
63320 759
2417 120381
2417 44250
2417 55529
2417 160316
2417 5006
2417 22518
2417 47524
2417 167574
2417 39625
2417 36290
2417 1062
2417 11850
2417 309937
2417 74019
2417 11711
2417 95761
2417 32669
2417 72400
2417 1503
2417 111244
2417 301
2417 192302
2417 10273
2417 92425
120381 81646
120381 5006
120381 520
120381 301
81646 44250
81646 1503
44250 55529
44250 1062
44250 1503
44250 301
55529 160316
55529 1503
55529 301
160316 5006
160316 1062
160316 11850
160316 13811
160316 1503
5006 195443
5006 167574
5006 74019
5006 8163
5006 139113
5006 95761
5006 32669
195443 87598
195443 520
195443 1503
195443 759
195443 301
87598 22518
87598 1503
22518 47524
22518 1503
47524 1503
47524 301
167574 39625
39625 86481
39625 1503
86481 520
86481 42
520 179968
520 301
179968 36290
179968 1062
179968 1503
179968 750
179968 759
179968 301
36290 285746
36290 1062
285746 1
1 323567
1 418438
1 203326
1 388737
1 416604
1 350505
1 6929
350505 27538
27538 21298
27538 10273
21298 1062
21298 759
1062 33749
1062 49736
1062 328678
1062 74019
1062 12929
1062 86049
1062 12870
1062 55248
1062 62045
1062 185659
1062 95761
1062 32669
1062 72400
1062 1503
1062 127261
1062 182991
1062 448592
1062 301
1062 192302
1062 82972
1062 10273
33749 49736
33749 301
49736 9021
9021 287656
9021 11850
9021 13811
287656 11850
11850 328678
11850 13811
11850 74019
328678 13811
328678 301
13811 309937
13811 50197
13811 74019
309937 50197
50197 74019
74019 12929
74019 301
12929 86049
12929 12870
12929 1503
86049 12870
86049 39643
12870 55248
12870 39643
55248 62045
55248 1503
55248 759
55248 42
62045 25841
25841 619
25841 759
619 58864
58864 185659
185659 8163
8163 168046
168046 139113
168046 11711
168046 1503
139113 11711
11711 95761
11711 1503
95761 32669
32669 209661
32669 1503
209661 23419
23419 414837
23419 1503
414837 66050
66050 72400
66050 11888
72400 1503
1503 179884
1503 111244
1503 182991
1503 448592
1503 301
1503 192302
1503 10273
179884 21296
21296 127261
127261 111244
111244 750
111244 301
750 182991
182991 759
182991 301
182991 42
182991 2127
759 448592
759 301
448592 301
301 369597
301 99606
301 42
301 147561
301 192302
301 82972
301 67320
369597 25292
25292 99606
99606 42
42 147561
147561 2127
2127 192302
192302 6929
192302 11888
6929 136154
136154 43914
43914 354062
354062 31681
31681 82972
82972 11888
11888 257084
257084 155354
155354 67320
67320 67466
67320 10273
67320 39643
67466 10273
10273 39643
39643 92425
