248388 3549
3549 13152
3549 370
3549 93220
3549 91254
3549 17884
3549 19083
3549 227821
3549 2138
3549 211420
3549 67918
3549 317706
3549 523
3549 455371
3549 1988
3549 677
3549 818
3549 336623
3549 7782
3549 207276
3549 10445
3549 72122
3549 8306
3549 25379
3549 11036
13152 370
13152 2138
13152 1988
13152 677
13152 818
13152 161
13152 2244
370 93220
370 383
370 161033
370 38499
370 7527
370 170743
370 91254
370 10895
370 125489
370 164254
370 227821
370 2138
370 83
370 1988
370 818
370 13423
370 23336
370 31114
370 2244
370 118913
370 68669
370 34852
93220 383
93220 2138
93220 1988
93220 677
93220 8
383 161033
383 38499
383 197309
383 7527
383 33629
383 119893
383 170743
383 316878
383 91254
383 125489
383 83
383 1988
383 818
383 23336
383 86523
383 46299
383 34852
161033 38499
161033 83
161033 1267
161033 8
38499 291940
291940 396128
396128 16783
16783 109281
16783 53246
16783 154184
16783 450662
16783 197309
16783 7527
16783 119893
16783 46299
16783 34852
109281 34236
34236 53246
53246 154184
53246 1988
450662 161
197309 79042
197309 57917
197309 83
79042 57917
57917 7527
57917 226287
7527 46290
7527 7522
7527 83
7527 1988
7527 1267
7527 8
7527 34852
46290 33629
46290 47666
46290 1988
46290 34852
33629 7522
33629 8
33629 34852
7522 7537
7537 226287
226287 16458
226287 8268
16458 303411
16458 8
303411 55513
55513 119893
55513 161
55513 8
119893 214090
119893 34852
214090 47666
214090 34852
47666 170743
170743 3237
170743 1988
170743 8268
170743 1267
170743 818
170743 2244
170743 8
3237 316878
3237 818
3237 104539
3237 1945
3237 82931
316878 4444
4444 234169
234169 21945
21945 91254
21945 11443
91254 10895
91254 2138
91254 83
91254 1988
91254 677
91254 7782
91254 10445
91254 11036
10895 125489
10895 2138
10895 677
10895 13423
10895 7782
10895 8306
10895 25379
125489 17884
125489 1988
125489 677
125489 26634
125489 818
125489 7782
125489 8306
17884 19083
17884 17877
17884 1988
17884 677
17884 7782
19083 17877
19083 1945
19083 7782
17877 164254
17877 1988
17877 677
164254 2138
164254 677
164254 7782
227821 2138
227821 83
227821 677
2138 211420
2138 455371
2138 1988
2138 677
2138 818
2138 22216
2138 3808
2138 23336
2138 7782
2138 207276
2138 72122
2138 8306
2138 118913
2138 25379
2138 68669
2138 11036
211420 83
211420 1988
211420 677
211420 8
83 67918
83 1988
83 10445
83 72122
83 86523
83 8
83 34852
67918 11443
67918 523
67918 1988
67918 818
11443 317706
11443 523
11443 181344
317706 523
317706 677
317706 818
523 455371
455371 1988
455371 677
455371 10445
1988 455912
1988 677
1988 181344
1988 3808
1988 73458
1988 2244
1988 7782
1988 10445
1988 23977
1988 11036
1988 92786
1988 423526
1988 8
455912 677
455912 2244
455912 8
677 41610
677 818
677 22216
677 3808
677 60236
677 13423
677 7782
677 207276
677 10445
677 72122
677 118913
677 23977
677 11036
677 86523
41610 8268
41610 1267
41610 1945
41610 8
8268 18335
8268 8
18335 26634
18335 1267
26634 25780
26634 1267
26634 818
26634 1945
25780 1267
1267 181344
1267 818
1267 104539
1267 1945
1267 60236
181344 818
818 104539
818 1945
818 82931
818 23993
818 13423
818 207276
818 10445
818 8
104539 1945
1945 205151
205151 82931
82931 23028
23028 94081
23028 22216
94081 22216
22216 3808
3808 23993
23993 161
23993 8
161 60236
161 72122
161 46299
60236 13423
60236 2244
60236 8
13423 23336
23336 31114
31114 11756
11756 3363
3363 73458
73458 2244
73458 8
2244 336623
2244 46299
336623 7782
7782 207276
7782 10445
7782 8306
7782 25379
7782 11036
207276 10445
10445 72122
72122 8306
8306 118913
118913 25379
25379 68669
68669 23977
68669 11036
23977 11036
11036 86523
86523 92786
423526 8
8 46299
8 34852
46299 34852
34852 42007
