200117 7783
200117 4368
7783 96181
7783 4368
7783 7028
7783 48204
7783 16003
7783 4362
7783 120403
7783 23959
96181 4368
96181 960
96181 4259
4368 59067
4368 7028
4368 204805
4368 134472
4368 26122
4368 67950
4368 4362
4368 120403
4368 960
59067 7028
59067 960
7028 26857
26857 451
451 18608
451 8724
451 81
18608 16242
16242 139637
16242 43151
139637 43151
139637 1276
139637 4259
43151 108744
43151 1276
108744 40125
40125 30954
30954 56179
30954 33400
30954 28455
30954 27180
56179 33400
33400 74469
33400 28455
74469 74464
74469 6960
74469 27180
74464 6960
6960 56492
6960 28490
6960 27180
56492 28490
56492 354
28490 33572
33572 33633
33633 188711
188711 277653
277653 122079
277653 28455
122079 28455
28455 27180
27180 96664
27180 138
96664 281094
96664 28476
281094 59417
59417 377445
377445 16529
16529 284759
16529 8724
284759 283268
283268 188925
188925 316071
316071 107210
107210 196858
196858 28476
28476 8724
28476 138
8724 290191
290191 49741
49741 124032
124032 8906
124032 8598
8906 65094
8906 138
65094 8598
8598 294675
294675 1276
294675 354
1276 204805
1276 167217
1276 345620
1276 832
1276 134472
1276 26122
1276 67950
1276 960
1276 138
204805 13773
204805 354
13773 167217
13773 67950
13773 15998
167217 2267
167217 67950
167217 4259
2267 345620
2267 26122
2267 67950
2267 960
2267 4259
345620 832
345620 138
832 134472
832 81
832 67950
832 84714
134472 81
134472 4362
81 103625
81 151898
81 7451
81 4362
81 84714
103625 25680
25680 174314
174314 354
354 21265
354 138
21265 13737
21265 95383
21265 13780
21265 61389
21265 4259
21265 3188
13737 335999
13737 95383
13737 13780
13737 151898
13737 61389
95383 13780
13780 151898
151898 129485
151898 3233
151898 4259
151898 138
129485 61389
61389 3233
3233 2100
3233 7451
2100 7451
7451 26122
26122 44617
26122 67950
26122 4259
44617 45948
44617 67950
45948 67950
45948 960
67950 15998
15998 48204
15998 4259
48204 16003
48204 4259
16003 188652
16003 4259
188652 11698
11698 4362
4362 120403
4362 138109
4362 3188
4362 84714
120403 191294
120403 23959
120403 960
191294 23959
23959 960
960 86916
960 11231
86916 4259
4259 134890
4259 96746
134890 138
138 5277
138 96746
5277 114386
114386 11231
11231 138109
11231 3188
138109 3188
3188 90313
3188 96746
90313 397748
90313 96746
397748 84714
84714 96746
