74861 94562
94562 21296
21296 108897
108897 6199
6199 109168
6199 2780
109168 11383
11383 54543
54543 17253
17253 4710
4710 63562
4710 188
63562 1003
63562 39
63562 188
63562 322
63562 2362
1003 39
39 129973
39 188
39 502
39 27656
39 400
39 322
129973 188
129973 2780
129973 1062
129973 322
188 502
188 6287
188 28995
188 37793
188 2780
188 5782
188 400
502 6287
502 28995
502 1062
502 69900
6287 28995
6287 2780
28995 37793
28995 87830
28995 2780
37793 87830
37793 2780
37793 1062
87830 2780
87830 1062
2780 27656
27656 129107
27656 40201
27656 1062
129107 40201
40201 21694
21694 61832
61832 8294
8294 5727
8294 69900
8294 21974
5727 5782
5727 400
5782 5779
5779 165131
165131 201770
165131 138277
138277 44139
138277 38226
138277 16607
138277 1062
44139 22846
44139 38572
44139 46756
44139 46730
22846 38572
22846 38226
22846 16607
38572 46756
46756 46730
46730 84684
84684 48138
84684 1062
48138 38226
38226 314437
38226 16607
38226 50583
38226 60490
38226 206950
38226 73350
314437 16607
16607 50583
16607 50865
16607 73350
50583 50865
50583 73350
50583 1062
50583 322
50865 93749
50865 73350
93749 60490
60490 206950
206950 73350
206950 1062
73350 440340
73350 322
440340 1062
1062 259515
1062 101825
1062 422637
1062 69900
1062 21974
1062 322
1062 188493
1062 110802
1062 180071
1062 99220
1062 169904
259515 101825
101825 215292
215292 68278
68278 383161
68278 412455
68278 443534
68278 260199
68278 393636
68278 332088
68278 68277
68278 169904
412455 95905
95905 443534
95905 393636
95905 79648
443534 172488
172488 370563
172488 117233
172488 179483
370563 117233
117233 260199
117233 179483
117233 122468
117233 365720
260199 179483
260199 122468
179483 122468
122468 343566
343566 254800
254800 365720
365720 256872
365720 79648
256872 393636
393636 181773
181773 185485
185485 185478
185478 79648
79648 455173
79648 304570
304570 332088
332088 95915
95915 422637
69900 36086
36086 11825
11825 400
400 21974
21974 322
322 188493
322 169904
188493 113181
113181 110802
113181 118622
113181 307564
110802 180071
180071 118622
118622 307564
307564 2362
2362 99220
99220 68277
68277 362751
362751 319038
319038 312382
319038 300417
319038 349294
300417 349294
349294 169904
