17386 16474
16474 16487
16487 331
16487 1274
16487 205
16487 15
331 208245
331 28423
331 205
331 327
331 158121
331 193028
331 165999
331 59
331 2266
331 5335
331 56481
331 10231
331 6660
331 315035
331 12003
208245 2688
208245 43
2688 237705
2688 26350
2688 87419
2688 139319
237705 1274
237705 15
237705 220
1274 26350
1274 17281
1274 191999
1274 252337
1274 327
1274 1548
1274 243101
1274 333741
1274 220
1274 345772
1274 7101
1274 163163
1274 2266
1274 56481
1274 152284
1274 174486
1274 1247
1274 10231
1274 124327
1274 1574
1274 6660
1274 168159
1274 8423
1274 16204
1274 239898
1274 12003
1274 153007
26350 87419
26350 17281
26350 205
26350 43
26350 15
87419 17281
87419 43
17281 139319
17281 205
17281 43
17281 327
17281 1896
17281 59
17281 1247
139319 242539
139319 43
139319 220
242539 96691
242539 24957
242539 124799
242539 43
242539 15
96691 2584
24957 124799
24957 205
24957 43
124799 28423
124799 327
124799 220
124799 59
28423 191999
28423 43
28423 327
28423 1896
28423 59
191999 205
191999 15
191999 59
205 433776
205 147493
205 1548
205 192580
205 333741
205 18044
205 140605
205 7101
205 1247
205 6660
205 315035
205 12003
205 153007
433776 3994
433776 15
3994 147493
3994 365
3994 259430
147493 43
147493 365
147493 220
147493 59
43 252337
43 1896
43 165999
43 59
43 7101
43 174486
43 306
252337 327
252337 59
252337 1247
327 221764
327 192580
327 243101
327 1896
327 7101
327 5335
327 9953
327 2584
327 10231
327 1574
327 12003
327 3052
327 51
221764 1548
1548 192580
1548 59
1548 5335
1548 1247
1548 10231
1548 1574
1548 6660
1548 153007
1548 27838
192580 5802
192580 17538
192580 2244
192580 220
192580 306
5802 243101
243101 17538
243101 15
17538 85562
85562 2244
85562 220
2244 333741
2244 7101
2244 5335
2244 1574
333741 38226
38226 455598
455598 16618
16618 66147
16618 18044
16618 59
66147 365
365 52882
365 259430
365 7101
365 153007
52882 259430
52882 220
259430 49577
259430 15
259430 220
49577 350565
49577 98139
98139 15
98139 220
15 158121
15 59
15 7101
15 22604
15 174486
15 1247
15 1574
15 239898
158121 220
158121 59
220 345772
220 140605
220 193028
220 387290
220 165999
220 7101
220 5335
220 67154
220 10231
220 51
345772 18044
345772 1896
18044 140605
18044 59
18044 1247
140605 8209
8209 193028
387290 1896
1896 165999
1896 59
1896 2584
165999 59
165999 306
59 7101
59 1247
59 10231
59 124327
59 6660
59 16204
59 12003
7101 27845
7101 1247
7101 306
27845 163163
27845 85305
27845 27838
163163 85305
85305 2266
85305 143
2266 341116
2266 5335
2266 56481
2266 10231
2266 184378
2266 42626
2266 124327
2266 274251
2266 1574
2266 277039
2266 6660
2266 315035
2266 120464
2266 16204
2266 239898
2266 12003
2266 153007
2266 27838
341116 5335
5335 56481
5335 37737
5335 10231
5335 42626
5335 124327
5335 1574
5335 6660
5335 168159
5335 315035
5335 16204
5335 12003
5335 306
5335 27838
5335 3052
56481 37737
56481 6660
37737 9953
37737 10231
37737 16204
9953 67154
9953 10231
67154 2584
2584 22604
22604 2462
2462 152284
152284 39738
39738 174486
174486 1247
1247 10231
1247 1574
1247 153007
10231 184378
10231 6660
10231 3052
184378 183330
184378 1574
184378 16204
183330 42626
183330 1574
42626 124327
42626 1574
42626 277039
42626 6660
42626 168159
42626 315035
42626 120464
42626 239898
124327 1574
274251 1574
1574 277039
1574 6660
1574 168159
1574 315035
1574 120464
1574 16204
1574 239898
1574 12003
1574 153007
1574 437980
277039 6660
277039 16204
6660 168159
6660 315035
6660 12003
168159 8423
8423 315035
8423 12003
315035 29217
315035 12003
29217 120464
120464 16204
16204 239898
16204 153007
239898 12003
12003 153007
153007 306
306 12534
306 143
306 437980
12534 143
143 437980
437980 50
50 27838
50 51
27838 3052
27838 51
3052 51
