201913 21061
201913 40323
21061 60386
21061 120040
60386 78488
78488 14548
78488 6948
14548 155096
155096 19153
19153 120040
19153 167065
19153 119689
19153 6948
120040 35356
120040 205
120040 6948
120040 33383
35356 327166
35356 119689
327166 39524
327166 6948
39524 380636
39524 203569
39524 56860
39524 374888
39524 215618
380636 35062
380636 6948
35062 203569
35062 372644
35062 324005
203569 372644
372644 175211
372644 56860
372644 6948
175211 324005
175211 56860
175211 220
324005 56860
56860 167065
167065 58066
167065 6948
58066 347063
347063 374888
347063 40323
374888 40323
40323 215618
215618 281036
281036 35864
281036 6948
35864 107722
107722 119689
119689 16358
119689 50361
16358 53223
53223 254387
254387 11881
11881 396076
11881 344763
11881 220
396076 13123
396076 220
13123 115943
115943 26152
26152 376966
376966 26153
26153 344763
26153 220
344763 12311
344763 205
344763 2680
12311 87352
12311 346455
12311 112624
87352 12464
12464 346455
346455 256907
346455 205
256907 31528
256907 205
31528 242126
31528 185129
242126 95
242126 205
242126 6948
95 11272
95 220
95 305071
11272 816
11272 220
816 50793
816 220
50793 220
50793 2680
220 190295
220 11379
220 27855
220 136206
220 59053
220 305071
220 2680
190295 11379
11379 158227
158227 205
205 76845
205 56477
205 9829
205 305071
205 185129
205 152733
205 33383
76845 13611
76845 2271
13611 102212
13611 56477
13611 27855
13611 2271
13611 136206
102212 56477
56477 27855
27855 74357
27855 2271
74357 69027
69027 271993
271993 2271
2271 136206
136206 114744
114744 2744
2744 9829
9829 172244
172244 59053
59053 393677
59053 2680
393677 30039
30039 415361
30039 305071
305071 30606
305071 960
30606 153528
30606 960
153528 173927
153528 960
173927 177988
177988 960
960 245243
960 10906
245243 10906
10906 27117
27117 15629
15629 279661
279661 2680
2680 112624
2680 185129
2680 152733
2680 33383
112624 185129
185129 37073
37073 37056
37056 241591
241591 81904
81904 152733
81904 117991
152733 117991
152733 6948
117991 139307
139307 6948
6948 274638
6948 50361
274638 50361
50361 288847
288847 349378
349378 33383
