9726 5957
9726 88
9726 138
9726 206
9726 223
5957 161225
161225 62414
161225 299
62414 275495
275495 335
275495 138
275495 206
335 67048
335 30241
335 322694
335 31133
335 119888
335 89428
335 71117
335 223
67048 24599
67048 138
24599 69443
24599 2507
24599 88
24599 956
69443 127362
69443 127371
69443 2507
127362 127371
127362 2507
127371 91700
127371 370847
91700 370847
91700 2507
91700 206
2507 196641
2507 956
196641 374294
374294 16358
374294 88
16358 78827
16358 39219
78827 30241
78827 88
30241 322694
30241 206
322694 1220
1220 129146
1220 206
1220 1840
129146 113602
113602 49202
113602 45075
49202 45075
49202 88
49202 138
49202 206
45075 120122
120122 137946
137946 124789
124789 31133
31133 364587
31133 138
31133 206
364587 206121
206121 517
206121 88
517 134889
517 223
517 120357
134889 6119
6119 269487
269487 131258
131258 11182
131258 17324
11182 4309
11182 88
11182 206
4309 132442
132442 88
88 231755
88 58107
88 39219
88 345922
88 92274
88 53967
88 24996
88 328365
88 28545
231755 138
138 119888
138 7590
138 40786
138 89428
138 78784
138 79577
138 71117
138 223
138 107948
119888 348027
119888 35772
119888 7590
119888 38164
119888 36241
119888 206
348027 35772
35772 322248
35772 294910
35772 40786
35772 36241
35772 89428
35772 197307
322248 38164
322248 36241
294910 7590
7590 251456
7590 38164
7590 40786
7590 36241
7590 89428
7590 36247
7590 277257
7590 28455
7590 197307
7590 206
251456 38164
251456 206
38164 40786
38164 89428
40786 36241
40786 36247
40786 28455
40786 206
36241 89428
36241 36247
36241 206
89428 36247
89428 206
36247 277257
36247 206
277257 28455
28455 197307
197307 206
206 78784
206 9014
206 123590
206 79577
206 223
78784 9014
9014 254097
9014 97427
254097 123590
123590 97427
123590 105007
123590 86597
97427 105007
97427 86597
105007 86597
86597 445947
445947 79577
79577 58107
58107 39219
39219 73337
73337 375518
375518 345922
345922 92274
92274 53967
53967 71117
71117 299
71117 223
299 378346
378346 956
956 24996
24996 765
24996 1037
765 328365
328365 223
223 107948
107948 120357
120357 408141
408141 1037
1037 3555
3555 1840
1840 28545
28545 66180
66180 66168
66180 102575
66180 99754
66168 102575
66168 102573
66168 99754
102575 102573
102575 99754
99754 102568
102568 32369
32369 95145
95145 155428
155428 256029
256029 17324
