136774 16783
136774 8767
16783 297482
16783 207170
16783 7542
16783 180902
16783 67898
297482 119690
119690 56631
56631 272586
272586 271664
272586 369469
369469 353179
353179 54796
54796 368694
368694 6584
6584 233468
6584 124893
6584 143939
6584 383
233468 977
233468 59
233468 383
233468 206
977 49429
49429 49463
49463 48687
48687 19142
19142 73832
19142 383
73832 7560
7560 10750
7560 4505
7560 4530
10750 4344
10750 3549
4344 197489
4344 11711
4344 3549
4344 59
4344 383
4344 206
197489 11711
11711 212641
11711 3549
11711 155834
212641 3549
3549 185602
3549 20054
3549 176231
3549 20493
3549 155834
185602 449
449 62107
62107 291368
62107 129129
62107 59
62107 383
62107 206
291368 383
129129 111057
129129 111491
111057 111491
111491 9793
9793 9221
9221 24629
24629 23
23 47132
23 59
47132 4505
47132 4530
47132 59
4505 4530
4505 4477
4530 22420
4530 4477
22420 4477
4477 276020
4477 1315
276020 190
190 48563
48563 48574
48574 218749
218749 59377
59377 364832
59377 207170
207170 173548
173548 57129
57129 7542
7542 31665
31665 20962
20962 56846
56846 8767
8767 122498
8767 8604
8767 124893
8767 180902
8767 70850
8767 18390
8767 71971
122498 8925
122498 8604
122498 8745
122498 19999
8925 87216
8925 8604
8925 80429
8925 8933
8925 70850
8925 383
87216 8604
8604 378712
8604 8745
8604 80429
8604 180902
8604 8985
8604 8933
8604 70850
8604 19999
8604 287014
8604 18390
8604 64576
8604 71971
8604 59
378712 8745
8745 124893
8745 80429
8745 8933
8745 19999
8745 18390
124893 80429
124893 64576
124893 383
80429 180902
180902 8985
180902 206
8985 8933
8933 70850
8933 19999
8933 206
70850 19999
19999 287014
19999 71971
287014 105790
105790 18390
18390 145613
18390 64576
18390 383
145613 64576
64576 71971
71971 1315
71971 206
1315 33931
33931 5919
5919 987
987 129114
129114 22723
129114 383
129114 206
22723 171218
22723 64952
22723 70328
22723 383
171218 51394
171218 50059
171218 59
171218 206
51394 66387
51394 64952
51394 50059
51394 81656
51394 70328
66387 64952
66387 50059
66387 81656
66387 383
64952 50059
64952 59
64952 383
50059 81656
81656 70328
81656 383
81656 206
70328 59
70328 383
70328 206
59 143939
59 383
59 206
59 155834
143939 383
143939 206
383 20054
383 176231
383 206
383 155834
20054 20039
20039 176231
176231 206
206 67898
206 20493
206 155834
67898 11889
11889 20493
20493 155834
