161294 30973
30973 19498
30973 71022
30973 383
19498 6971
19498 1274
19498 29233
19498 11894
6971 167881
6971 288594
288594 1274
1274 293030
1274 456
1274 71022
1274 3104
1274 443144
1274 301
1274 383
1274 18105
1274 4406
1274 279899
1274 2689
1274 240336
1274 200278
1274 210645
1274 356675
1274 11894
1274 107789
1274 138
1274 1973
293030 456
293030 301
293030 383
293030 43
293030 2689
293030 11894
293030 138
456 71022
456 418
456 301
456 383
456 43
456 2689
456 138
71022 11549
71022 301
71022 383
71022 43
71022 2689
71022 519
71022 29233
71022 11894
71022 138
11549 152260
152260 146625
146625 27158
27158 42379
42379 29639
29639 11488
11488 50546
11488 301
11488 383
50546 19132
19132 29333
29333 147352
147352 31216
31216 44939
44939 41477
41477 53974
41477 46485
53974 46485
46485 5932
5932 3104
5932 72273
3104 79657
3104 301
3104 383
3104 43
3104 138
79657 46657
79657 301
79657 383
79657 138
46657 44101
44101 28913
28913 72273
28913 168225
28913 87154
28913 31170
72273 16393
72273 22807
72273 383
16393 67091
16393 39683
67091 39683
39683 22807
22807 48930
48930 168225
48930 228029
48930 162090
48930 87154
48930 31170
48930 9545
168225 228029
168225 87154
168225 31170
228029 162090
228029 31170
162090 87154
87154 31170
31170 9545
9545 20440
20440 20443
20443 108904
108904 76473
76473 418
418 443144
418 2689
443144 301
443144 383
443144 43
443144 2689
443144 519
443144 138
301 141893
301 383
301 2743
301 43
301 2689
301 240336
301 11894
301 138
301 453438
301 1973
141893 103875
103875 383
383 2743
383 18105
383 168960
383 2689
383 240336
383 200278
383 272748
383 28141
383 89250
383 67741
383 123469
383 356675
383 1973
2743 10607
10607 6377
6377 18105
18105 4076
18105 138
4076 210135
210135 168960
168960 4412
4412 4406
4412 2689
4412 519
4412 1292
4406 43
43 279899
43 200278
43 107789
279899 2689
279899 138
2689 240336
2689 427677
2689 356675
2689 107789
2689 138
2689 1973
240336 519
240336 138
519 200278
519 1292
519 63990
519 50318
519 210645
519 67741
519 138
200278 1292
200278 11894
1292 272748
272748 63990
63990 50318
50318 29233
29233 210645
29233 170204
29233 57522
29233 123469
210645 170204
210645 83217
170204 28141
28141 107246
107246 107244
107244 73172
73172 57522
57522 57530
57530 108026
108026 69747
69747 89250
89250 67741
67741 128092
128092 79068
79068 83217
83217 123469
123469 69319
69319 427677
356675 11894
11894 107789
11894 138
107789 138
138 453438
138 1973
138 64470
138 12
453438 1973
1973 64470
64470 12
