282416 6969
6969 455213
455213 16783
16783 120904
16783 336451
16783 184431
16783 14602
16783 256324
16783 8895
120904 420121
420121 58744
420121 26352
58744 336451
58744 102505
58744 4893
336451 439992
439992 40337
40337 102505
40337 4893
102505 206
102505 26352
102505 8755
206 239501
206 1896
206 184431
206 14602
206 256324
206 8895
206 10831
206 76564
206 146878
206 960
206 104832
206 54960
206 44302
206 18873
206 83666
206 29188
206 1274
206 25600
206 96244
206 2854
206 129410
206 19343
206 105040
206 117406
239501 239502
239501 1896
1896 183121
1896 44302
183121 357
357 323494
323494 25094
25094 372894
372894 45009
45009 306666
45009 89252
306666 8268
89252 26352
26352 283499
26352 104587
26352 4883
26352 14602
104587 4893
104587 14602
4893 4883
4883 83764
4883 8755
83764 8755
8755 184431
184431 14602
184431 1274
14602 256324
256324 8895
8895 8
8895 2244
8895 1274
8 9734
8 10831
8 76564
8 146878
8 8268
8 7905
8 18873
8 83666
8 1274
8 92178
8 96244
8 2854
9734 10831
10831 76564
76564 1274
146878 8268
146878 1274
8268 381747
8268 218134
381747 40096
40096 149733
40096 38459
149733 38459
38459 104
104 3017
3017 215534
215534 13685
215534 3549
13685 338927
13685 2347
338927 960
338927 3549
960 156285
960 54960
960 76567
960 689
960 11705
960 195016
960 3549
960 17201
960 18873
960 83666
960 1274
960 25600
960 48319
960 46261
960 19343
960 105040
156285 2244
156285 3549
2244 104832
2244 54960
2244 7905
2244 17201
2244 19343
2244 174626
104832 165677
104832 54960
104832 3549
104832 19343
165677 54960
54960 76567
54960 689
54960 3549
54960 2836
76567 689
76567 3549
689 11705
689 361918
689 96752
689 89077
689 195016
689 3549
689 18873
689 28993
689 83666
689 25600
689 19343
11705 11168
11168 361918
361918 7905
7905 96752
96752 89077
96752 19343
89077 89065
89065 168615
89065 3549
168615 178156
178156 218134
178156 3549
218134 2347
2347 422018
422018 195016
422018 3549
195016 3549
3549 17201
3549 44302
3549 25600
3549 48319
3549 92178
3549 19343
17201 44302
44302 18873
18873 28993
18873 83666
18873 1274
28993 83666
83666 29188
83666 1274
83666 19343
29188 1274
1274 142586
1274 2854
1274 129410
1274 105040
1274 174626
142586 25600
25600 48319
48319 92178
92178 32334
32334 26927
26927 23251
23251 256
256 101504
101504 11844
11844 96244
11844 2854
96244 2854
2854 129410
129410 2836
2836 46261
46261 19343
19343 105040
105040 117406
117406 37394
37394 261252
261252 27861
27861 174626
