195732 13467
13467 1284
13467 459
13467 7698
1284 205117
1284 19540
1284 3369
1284 130746
205117 327
327 9572
327 4437
327 26414
327 106
327 18752
327 10151
327 47565
327 459
327 11106
327 227801
327 214589
327 71676
327 3369
327 30072
327 126331
327 43034
327 25783
327 83
327 7942
9572 191214
191214 127796
127796 16663
16663 368982
368982 96590
368982 213
368982 459
368982 63
96590 61773
96590 280
96590 213
61773 4437
61773 47565
61773 26
4437 25906
4437 280
4437 213
4437 4134
4437 83
25906 282254
282254 26414
26414 469
26414 280
26414 4134
26414 26
469 37455
469 10151
469 459
469 11106
469 6
469 130746
469 26
37455 855
37455 7698
855 3368
855 213
855 6
3368 189788
3368 213
189788 59100
59100 59108
59100 80291
59108 80291
59108 960
80291 47384
80291 213
80291 7698
80291 7942
47384 66008
47384 33034
47384 7942
66008 15348
15348 53386
53386 106
106 270463
106 11106
106 83
270463 96708
270463 213
96708 132194
96708 26930
132194 274063
132194 26930
274063 26930
26930 133922
133922 252
252 57026
252 249
252 212985
57026 249
249 212985
212985 280
212985 4446
280 18752
280 4435
280 30072
18752 3976
18752 6
3976 10151
3976 4134
3976 26
10151 213
10151 459
10151 6
10151 3369
10151 879
10151 26
10151 63
213 47565
213 11106
213 960
213 207478
213 96766
213 3369
213 130746
213 104073
47565 459
47565 26
459 11106
459 6
459 130746
459 26
459 63
459 83
11106 161920
11106 960
11106 83
161920 960
960 100747
960 33034
960 199945
960 338540
960 7942
960 86124
960 33564
100747 218034
218034 7698
7698 157073
7698 19540
7698 71676
7698 199944
7698 338540
157073 157076
157076 19426
19426 213511
19426 207478
213511 227801
213511 6
227801 16211
16211 207478
207478 33034
33034 215214
215214 6166
6166 19540
6166 94959
6166 373251
19540 96766
96766 214589
96766 94959
96766 7942
214589 94959
94959 71676
71676 10745
10745 199944
10745 7942
199944 199945
199945 119747
119747 59304
119747 6
59304 6
6 97658
6 26
97658 3369
3369 324037
3369 43034
324037 265172
265172 4134
4134 373251
4134 43034
373251 4446
4446 136044
136044 4435
4435 30072
4435 43034
30072 879
879 126331
879 43034
879 25783
126331 43034
43034 174140
174140 130746
130746 26
26 104073
26 63
104073 63
63 25783
63 83
25783 83
83 227492
83 13223
227492 13223
13223 130286
13223 338540
13223 86124
338540 7942
7942 86124
86124 33564
