5484 180082
180082 15486
15486 85847
85847 15
85847 88
85847 739
15 304211
15 1884
15 333317
15 359319
15 97751
15 191647
15 4821
15 965
15 59081
15 75091
15 54048
15 3972
15 377166
15 242678
304211 158
158 55980
55980 1884
55980 88
55980 2177
1884 451644
1884 2055
1884 88
1884 118384
1884 167871
1884 205
451644 2055
2055 333317
2055 189334
2055 34762
2055 36236
2055 80705
2055 4821
2055 140359
2055 2512
2055 1217
2055 8942
2055 167871
2055 75091
2055 3972
2055 242678
333317 4821
359319 88
359319 960
359319 465
359319 965
88 64612
88 960
88 401003
88 191647
88 465
88 19644
88 8942
88 13085
88 2177
88 155537
88 94707
88 75091
88 5110
88 54048
88 3972
88 80885
88 11998
88 190487
64612 383250
64612 465
64612 2177
64612 11998
383250 8385
383250 960
383250 7932
383250 465
383250 965
8385 118384
8385 11044
8385 9363
8385 10726
118384 11044
11044 210893
11044 960
11044 97751
11044 90135
11044 229372
11044 2177
11044 135664
210893 213250
210893 960
213250 960
960 401003
960 230863
960 97751
960 965
960 229372
960 213223
960 135664
960 155537
960 3972
401003 401004
401003 965
401004 7932
7932 230863
7932 10726
230863 9363
9363 97751
9363 11579
9363 965
97751 465
97751 205
11579 28963
28963 191647
191647 465
191647 205
465 101365
465 167871
465 13085
465 213223
465 2177
465 474
465 75091
465 3972
465 3146
101365 132327
132327 171435
171435 254495
254495 305096
305096 373331
373331 286050
286050 254452
254452 292070
292070 280929
280929 106525
106525 37043
37043 189334
37043 34762
37043 26105
189334 99381
189334 36236
99381 34762
34762 36236
36236 80705
36236 205
80705 4821
4821 140359
4821 135664
4821 49340
140359 23133
140359 205
23133 2512
2512 19644
19644 1217
19644 965
1217 50853
1217 965
50853 242255
242255 232102
232102 26105
26105 132055
26105 15409
132055 399420
132055 8942
399420 8942
8942 167871
8942 190487
8942 242678
167871 205
205 132511
205 213223
205 75091
205 242678
132511 739
739 23111
739 89075
739 3134
739 15694
739 2956
739 9303
739 13085
23111 89075
23111 3134
89075 3134
89075 9303
3134 15694
3134 2956
3134 9303
3134 2177
15694 2956
2956 9303
9303 13085
13085 965
965 90135
965 83117
965 213223
965 12771
965 10726
965 135664
965 3972
90135 39436
39436 229372
229372 83117
83117 213223
213223 2177
213223 10726
2177 12771
2177 14782
12771 14782
14782 10726
10726 135664
135664 49340
49340 155537
155537 15409
15409 94707
94707 474
474 59081
474 75091
474 5110
474 54048
474 3972
59081 75091
75091 5110
75091 3972
75091 11998
5110 54048
5110 3972
54048 3972
3972 80885
80885 11998
11998 190487
190487 3146
3146 377166
