280069 2347
2347 243593
2347 238442
2347 146515
243593 7212
243593 960
243593 205
7212 9797
7212 1274
7212 960
7212 205
9797 153949
9797 146515
153949 147109
153949 1274
153949 138
147109 28493
147109 1274
147109 3158
147109 138
147109 205
28493 139786
28493 28527
28493 1274
139786 28527
139786 1274
139786 138
139786 205
28527 37043
37043 297852
297852 33747
297852 1274
33747 238442
33747 138
33747 205
238442 1274
238442 138
238442 205
1274 214324
1274 113759
1274 160541
1274 45229
1274 142363
1274 44
1274 190316
1274 54948
1274 960
1274 304651
1274 138
1274 12003
1274 33938
1274 178849
1274 93225
214324 6016
214324 3158
6016 124068
6016 205
124068 463
124068 205
463 113759
463 160541
113759 973
113759 205
973 18038
973 190316
973 54948
18038 3595
3595 113559
113559 55532
113559 11868
113559 3158
55532 70261
55532 18634
55532 49208
70261 66370
70261 138
66370 18634
18634 160541
160541 73628
160541 1186
160541 3158
160541 138
160541 205
73628 49208
49208 45229
49208 9115
49208 205
45229 1186
45229 138
45229 205
1186 9115
9115 22661
9115 759
9115 2481
22661 142363
142363 46657
46657 174921
46657 46912
174921 174939
174939 90748
90748 215971
90748 46912
215971 46912
46912 84689
84689 23050
23050 4034
4034 158
158 36735
158 138
36735 759
759 103814
759 44
759 62423
759 146515
103814 44
103814 138
44 62423
44 138
62423 190316
190316 25756
190316 138
25756 82923
82923 11868
82923 2481
11868 146515
11868 2481
146515 2481
146515 138
2481 1485
1485 159877
159877 42340
42340 54948
54948 3998
54948 138
3998 115125
115125 104845
104845 349678
104845 3158
349678 960
960 304651
304651 3158
3158 178010
3158 97768
3158 178849
178010 144304
144304 62086
62086 166449
166449 138
138 128872
138 448186
138 12003
138 33938
138 44012
138 6940
448186 12003
12003 97768
12003 205
97768 33938
33938 178849
33938 93225
33938 205
178849 205
93225 205
205 199412
205 44012
205 19148
199412 44012
199412 31957
44012 19148
44012 430539
44012 6940
19148 35436
19148 6940
35436 47824
47824 57739
47824 6940
57739 39497
57739 4916
57739 337472
57739 62222
39497 100967
39497 4916
39497 337472
39497 62222
39497 165256
100967 4916
100967 31957
100967 62222
100967 6940
4916 430539
4916 62222
430539 31957
31957 337472
31957 165256
337472 62222
62222 165256
165256 352681
165256 31089
352681 31089
31089 88520
88520 34622
34622 6940
