315989 23680
315989 22779
23680 51631
23680 68679
23680 50535
23680 28304
23680 148736
23680 22779
23680 46907
23680 46526
23680 288683
23680 304604
51631 16382
51631 28304
51631 22779
51631 46526
51631 206
51631 1274
51631 3847
16382 16406
16406 74006
74006 37308
37308 68679
37308 28304
37308 44834
68679 88385
68679 396
88385 50535
88385 46526
50535 28304
50535 22779
50535 46526
50535 396
50535 206
50535 1274
28304 148736
28304 22779
28304 206
148736 22779
148736 46526
148736 206
148736 44834
148736 1274
22779 128721
22779 46907
22779 46526
22779 222638
22779 304604
22779 3847
128721 46907
128721 46526
46907 46526
46907 396
46526 222638
46526 288683
46526 206
46526 304604
222638 44834
222638 1274
288683 261304
288683 396
288683 206
288683 1274
261304 139726
139726 396
139726 206
139726 216
396 332812
396 24446
396 39080
396 178845
396 33819
396 57877
396 5062
396 19438
396 12814
396 7137
396 4563
396 167994
396 14449
396 110647
396 15664
396 110877
396 20080
396 38915
24446 206
206 375650
206 144158
206 44382
206 39080
206 57877
206 8189
206 6287
206 5116
206 304604
206 5062
206 41850
206 45018
206 7137
206 2153
206 167994
206 1274
206 346233
206 110877
206 38915
375650 216
216 167501
216 5116
216 21921
216 1274
216 110877
216 68162
216 78011
167501 144158
144158 44382
144158 1274
44382 39080
39080 178845
39080 1274
39080 68162
39080 5516
178845 33819
178845 1274
178845 5516
33819 57877
33819 8189
33819 6287
33819 1274
33819 38915
57877 8189
57877 2153
57877 1274
57877 3847
8189 6287
8189 1478
8189 38915
6287 1808
6287 5062
6287 1858
6287 1274
1808 61858
61858 1267
1267 249499
1267 36208
1267 5116
1267 26080
1267 63673
1267 304604
1267 21921
1267 82442
1267 1274
1267 110877
249499 3549
249499 352
3549 217691
3549 1478
3549 64165
3549 352
3549 452114
3549 252758
3549 186561
3549 167994
3549 20080
3549 61064
3549 38915
217691 1478
217691 352
1478 36208
1478 63673
1478 352
36208 5116
36208 1858
5116 26080
5116 63673
5116 1858
5116 1274
26080 63673
63673 87726
63673 1858
87726 44834
44834 304604
304604 5062
5062 41850
5062 1274
5062 38915
41850 45018
41850 1274
45018 58504
58504 21921
21921 867
21921 1274
867 64165
64165 1858
64165 352
64165 2153
64165 619
1858 19438
19438 12814
19438 3847
12814 1470
12814 3847
1470 7137
7137 4498
7137 1274
7137 3847
4498 4563
4498 4483
4498 352
4563 4483
4563 4481
4563 352
4483 59559
4483 4481
4483 352
59559 4481
4481 82442
82442 352
352 452114
352 167994
352 1274
352 20080
352 61064
252758 2153
2153 186561
2153 110877
2153 20080
2153 16003
2153 61064
2153 38915
186561 167994
167994 1274
167994 16003
1274 346233
1274 15094
1274 3847
1274 110877
1274 77188
1274 78011
1274 38915
346233 15094
15094 250696
15094 14449
15094 110647
250696 21490
250696 21489
21490 310698
21490 14449
21490 197866
21490 110647
310698 14449
310698 21489
14449 197866
14449 21489
197866 21489
21489 110647
110647 15664
15664 3847
3847 110877
3847 20080
3847 38915
110877 6643
110877 5516
6643 68162
68162 5516
5516 77188
77188 216128
216128 78011
78011 214570
214570 20080
20080 16003
16003 61064
61064 18117
18117 38915
38915 619
619 149119
