7172 7168
7172 33990
7172 1503
7172 39973
7172 15
7172 1062
7168 33990
7168 1062
33990 13928
33990 1503
33990 1062
13928 93712
93712 5115
93712 15484
5115 101730
5115 431
5115 52761
5115 7414
5115 15484
101730 431
431 226661
431 1503
431 7785
431 52761
431 15484
431 1577
431 2143
226661 17362
17362 44483
17362 417
44483 40853
44483 1503
40853 157469
157469 3419
3419 444532
3419 80160
3419 4526
3419 103968
3419 15783
3419 24141
3419 71159
3419 3393
3419 6753
3419 6912
444532 1503
444532 4526
444532 2179
444532 1062
1503 80160
1503 103968
1503 107545
1503 9180
1503 187449
1503 7785
1503 72067
1503 2179
1503 15783
1503 24141
1503 519
1503 71159
1503 145211
1503 148270
1503 274743
1503 21884
1503 318183
1503 6753
1503 127646
1503 6912
1503 164206
1503 80068
1503 20016
1503 62864
1503 150790
1503 76806
1503 220310
1503 1062
1503 286667
1503 11329
1503 191543
80160 4526
80160 2156
80160 15
4526 103968
4526 85908
4526 6753
4526 6912
4526 164206
4526 20016
103968 39973
103968 7785
103968 1276
103968 62864
103968 1062
39973 107545
107545 9180
107545 2179
107545 1062
9180 187449
9180 62864
9180 1062
187449 7785
187449 2179
187449 1062
7785 72067
7785 519
7785 14527
7785 62864
7785 150790
7785 1062
72067 62623
72067 2179
72067 1276
72067 1062
62623 85908
85908 2179
2179 138886
2179 519
2179 14527
2179 6912
2179 164206
2179 80068
2179 20016
2179 62864
2179 150790
138886 15783
15783 24141
15783 519
15783 2156
15783 1276
15783 6753
24141 21960
21960 210719
21960 6912
210719 519
210719 3393
519 106356
519 14527
519 145211
519 1575
519 2156
519 52761
519 148270
519 155521
519 1276
519 6912
519 62864
519 220310
519 1062
519 2143
106356 72123
106356 14527
106356 10401
72123 14527
14527 71159
14527 10401
71159 10401
10401 3872
3872 145211
145211 254177
145211 2156
145211 1276
145211 15
254177 1575
1575 2156
1575 1276
1575 15
2156 52761
2156 885
2156 155521
2156 220310
2156 2143
52761 417
52761 885
52761 1276
52761 15
52761 7414
52761 15484
52761 1062
52761 1577
52761 2143
417 148270
417 885
417 15484
417 1062
417 4778
148270 885
148270 1062
885 246421
885 1276
885 1062
246421 2873
246421 16313
246421 236
246421 1276
2873 85700
85700 250
85700 16313
85700 236
250 352400
250 258594
250 24159
250 236
250 249711
352400 52512
352400 236
52512 258594
258594 24159
24159 65420
24159 236
65420 16313
65420 15
16313 341186
16313 1276
16313 1062
341186 236
236 270592
236 249711
249711 52509
52509 155521
155521 1276
1276 377257
1276 15
1276 21884
1276 47539
1276 220310
1276 1062
1276 2143
377257 15
15 274743
15 318183
15 164206
15 62864
15 220310
15 1062
15 2143
274743 7414
274743 1062
7414 21884
7414 220310
21884 47539
21884 65537
21884 1062
65537 3393
3393 318183
3393 286667
318183 6753
6753 127646
127646 60852
60852 6912
6912 164206
6912 1062
164206 80068
80068 20016
80068 1062
20016 62864
20016 1062
62864 150790
62864 1062
150790 76806
76806 15484
76806 1062
15484 220310
220310 1062
1062 381240
1062 25562
1062 38846
1062 328
1062 2143
1062 201760
1062 11329
381240 20773
20773 25562
25562 4778
4778 38846
38846 328
328 1577
1577 286667
1577 2143
286667 2143
2143 201760
201760 11329
11329 191543
191543 15573
