213181 19342
213181 965
213181 689
19342 86236
19342 4977
19342 23027
19342 689
19342 51211
86236 4977
86236 23027
86236 465
86236 689
4977 23027
23027 19266
23027 10706
19266 10706
10706 3393
10706 965
10706 689
10706 407
3393 47223
3393 39666
3393 146001
3393 312604
3393 164087
3393 51211
3393 8296
3393 407
47223 51892
47223 67315
51892 419156
51892 112754
51892 130734
419156 112754
112754 93184
112754 7461
112754 322
93184 7461
93184 465
93184 965
93184 689
93184 3549
7461 93754
7461 134354
93754 134354
134354 407988
134354 465
407988 465
407988 965
465 89358
465 126094
465 160655
465 23566
465 241645
465 26984
465 109671
465 46031
465 407
465 35724
465 529
465 27692
465 25288
89358 40451
89358 965
89358 407
89358 3549
40451 126094
40451 43544
126094 965
126094 407
126094 3549
965 216513
965 689
965 10679
965 23566
965 67315
965 8296
965 45392
965 35724
965 3549
965 33948
216513 689
216513 8296
216513 3549
689 160655
689 10679
689 26984
689 312604
689 164087
689 51211
689 8296
689 407
689 529
689 15113
689 3549
160655 10679
160655 3549
10679 23566
10679 407
10679 529
10679 15113
10679 3549
23566 163698
23566 407
23566 3549
163698 54847
54847 108384
108384 1880
1880 241645
1880 106461
1880 7
1880 369
241645 41353
41353 26984
41353 43722
41353 4244
41353 146001
26984 57616
26984 3549
57616 41659
57616 847
41659 20799
20799 173617
20799 158316
20799 46031
173617 17909
173617 322
173617 1101
17909 106461
106461 311
106461 322
106461 7
106461 1101
311 2091
311 5962
311 17639
2091 77854
77854 5511
5511 28942
28942 43722
28942 4244
28942 4269
43722 4244
4244 12884
4244 4269
12884 67315
12884 4269
12884 50419
67315 39666
67315 50419
39666 146001
39666 4269
39666 50419
39666 3549
146001 4269
4269 109671
109671 50419
109671 3549
50419 158316
158316 91792
91792 181311
181311 847
181311 3549
847 46031
847 322
847 312604
847 47568
46031 322
46031 357
322 5962
322 357
322 35724
322 1101
322 529
322 135312
322 25288
5962 17639
5962 369
17639 7
7 169219
169219 357
357 312604
357 1101
312604 11349
11349 164087
164087 51211
164087 8296
164087 3549
51211 8296
51211 3549
8296 407
407 188492
407 529
407 15113
407 3549
407 25288
188492 45392
45392 8312
8312 3533
3533 35724
3533 369
35724 6661
6661 318648
318648 1101
1101 1226
1226 529
529 93478
529 15113
529 47568
529 369
93478 225616
93478 3549
225616 15113
15113 213070
15113 369
213070 3549
3549 387667
3549 43544
3549 47568
387667 43544
43544 47568
47568 369
369 33948
33948 7255
7255 43365
7255 43390
43365 43390
43365 135312
43390 135312
135312 130734
130734 27692
27692 115761
115761 25288
25288 118154
