51781 42447
51781 465
42447 20022
42447 465
20022 84397
20022 20080
20022 352
20022 689
20022 503
84397 20080
84397 1503
84397 13134
84397 4059
84397 352
20080 7012
20080 13134
20080 4059
20080 352
20080 689
20080 465
20080 220
7012 96354
7012 13134
96354 81602
81602 94121
94121 93168
94121 138
93168 33461
93168 465
93168 220
93168 40978
93168 18521
33461 117773
33461 220
117773 21946
117773 1503
117773 138
21946 6190
6190 34418
6190 1503
6190 138
6190 30185
6190 2670
34418 1503
34418 138
34418 2670
1503 21317
1503 9798
1503 13134
1503 151045
1503 41795
1503 352
1503 6436
1503 689
1503 503
1503 169176
1503 212691
1503 191465
1503 174187
1503 18679
1503 231062
1503 40978
1503 93280
1503 2689
1503 2670
21317 169111
21317 352
21317 6436
21317 503
21317 465
21317 138
169111 83494
169111 352
83494 9798
83494 13134
83494 6167
83494 689
9798 182125
9798 13134
9798 689
9798 503
9798 24676
182125 7961
182125 352
182125 689
182125 503
182125 465
182125 220
7961 52952
7961 352
52952 85908
52952 352
85908 13134
85908 352
85908 689
85908 503
13134 151045
13134 6436
151045 67278
151045 352
151045 689
151045 503
151045 220
67278 41795
41795 12824
41795 4059
12824 11573
12824 465
11573 4059
11573 503
4059 40381
40381 352
40381 138
352 6436
352 689
352 212330
352 374207
352 503
352 310692
352 465
352 2233
352 346015
352 148732
352 142578
6436 6167
6436 689
6436 503
6167 194068
194068 87670
87670 72186
72186 689
689 212330
689 503
689 310692
212330 32424
212330 503
212330 1014
32424 25759
32424 47477
25759 173010
25759 148732
25759 138
173010 88127
173010 138
88127 13739
13739 374207
13739 503
374207 503
503 310692
503 465
503 220
503 138
310692 465
465 169176
465 220
465 34792
465 19007
465 16344
465 142578
465 142579
465 40978
465 93178
465 243662
169176 24676
169176 220
169176 138
169176 18521
169176 2670
24676 212691
24676 191465
24676 232419
24676 174187
24676 2233
191465 25904
191465 2233
25904 232419
25904 2233
232419 174187
232419 2233
174187 2233
174187 138
2233 346015
346015 220
220 148732
220 33995
220 15347
220 19007
220 418952
220 142579
220 40978
220 93178
148732 18679
18679 18649
18679 2670
18649 33995
33995 34792
34792 1014
1014 15347
1014 19007
1014 28072
15347 19007
19007 28072
28072 59600
28072 16344
28072 16358
28072 138
59600 93430
59600 16344
93430 16344
16344 393787
16344 149121
16344 16358
16344 57375
16344 138
393787 70066
70066 298772
298772 34977
34977 149121
149121 16358
16358 119952
16358 119957
16358 57375
16358 231062
119952 119957
57375 59892
59892 231062
231062 138
231062 2670
138 418952
138 142578
138 40978
138 46923
138 223766
138 2689
138 2670
418952 30185
30185 142578
142578 142579
142579 47477
47477 40978
47477 18521
40978 93178
93178 18521
18521 52568
52568 93280
93280 12971
12971 141149
141149 46923
46923 223766
223766 2689
223766 2670
2689 243662
2689 2670
243662 2670
