325510 291052
291052 325521
325521 288147
288147 248705
288147 250719
288147 116106
248705 157550
248705 215107
248705 250719
248705 207752
157550 260185
157550 207752
157550 116106
260185 215107
260185 250719
215107 450007
450007 250719
250719 207752
207752 124225
124225 116106
116106 197138
197138 213117
213117 38804
213117 1274
213117 463
213117 1503
38804 148874
38804 327
148874 32040
148874 658
148874 327
148874 3419
32040 51921
51921 88992
88992 187974
187974 104954
104954 8556
104954 3369
8556 206614
8556 463
206614 267660
206614 148415
267660 148415
148415 216357
148415 3369
216357 22602
22602 180287
180287 120336
120336 79212
79212 83350
83350 499
83350 8498
83350 327
83350 1503
499 42580
499 49811
499 327
499 3369
499 3419
42580 49811
42580 327
49811 658
49811 327
49811 3419
658 25273
658 327
658 3369
25273 6417
25273 327
25273 3419
6417 8690
8690 103321
103321 28523
103321 8767
28523 117697
28523 67963
28523 8767
28523 16464
28523 16440
117697 67963
117697 44172
117697 8498
117697 8767
67963 44172
67963 8498
67963 8767
44172 343245
44172 7525
44172 8498
44172 8767
343245 7525
7525 8498
8498 338561
338561 8767
8767 289256
8767 283806
8767 239815
8767 38101
283806 1274
1274 90320
1274 26640
1274 72940
1274 119067
1274 231783
1274 327
1274 3369
1274 92967
1274 142944
1274 109257
1274 106375
1274 1503
1274 10260
90320 12270
90320 16464
90320 16440
90320 327
90320 463
90320 1503
90320 10260
12270 78068
12270 51073
12270 26640
78068 51073
51073 12425
12425 425862
425862 26640
26640 21057
26640 8942
26640 1503
21057 58186
21057 8942
21057 1503
58186 65248
65248 30243
30243 239815
239815 50290
50290 167359
50290 33476
167359 16464
167359 16440
16464 343395
16464 38101
16464 35461
16464 1503
343395 16440
16440 313624
16440 8942
16440 1503
16440 3419
313624 57886
57886 72940
72940 33476
72940 463
33476 119067
119067 308068
119067 231783
119067 6965
119067 8942
308068 231783
231783 6965
6965 83041
83041 38101
38101 35461
35461 327
327 282932
327 3369
327 92967
327 68962
282932 3369
3369 197965
3369 92967
197965 599
599 92967
599 106375
92967 149049
92967 8942
92967 1503
149049 142944
142944 109257
109257 142919
109257 1503
142919 8942
142919 1503
8942 106375
8942 1503
106375 463
463 395903
395903 1503
1503 209181
1503 10260
209181 68962
68962 10260
10260 281801
10260 3419
281801 3419
