125111 979
125111 6166
979 215443
979 453263
979 228091
979 6166
979 302992
979 13134
979 77769
979 195435
979 122174
979 17167
979 20004
979 270760
979 254292
979 194077
453263 10647
10647 438875
10647 6166
438875 4405
438875 88
438875 6166
438875 4259
438875 138
4405 444530
4405 77769
444530 88
444530 4259
88 228091
88 20004
88 325771
88 111580
88 1703
88 12750
88 115534
88 8
88 23835
88 8539
88 48611
88 415037
88 5953
88 35422
88 194077
88 153271
88 26055
88 3343
228091 6166
6166 227531
6166 302992
6166 77769
6166 45763
227531 302992
227531 4259
302992 13134
13134 77769
13134 17167
77769 195435
77769 965
195435 4259
4259 72456
4259 57754
4259 325771
4259 12251
4259 194077
4259 153271
72456 9993
9993 78667
78667 81662
81662 93744
81662 138
93744 51871
51871 114918
114918 138
138 118466
138 171
138 325771
138 12251
138 270760
138 23835
138 35422
138 194077
118466 58503
58503 280870
280870 171
171 122174
171 17167
171 24895
171 12750
171 30
171 3343
122174 17167
122174 8
17167 11162
11162 77916
77916 57754
57754 20004
20004 35840
35840 325771
325771 13193
325771 8
13193 3587
13193 30
3587 111580
3587 30
111580 6494
111580 8
111580 891
6494 1703
6494 72702
6494 1759
6494 13810
1703 24895
1703 30
24895 72702
24895 12750
72702 12750
12750 115534
12750 26478
12750 965
12750 43137
115534 26478
26478 53775
53775 12251
12251 270760
12251 8
12251 12265
270760 8
270760 12265
8 284449
8 23835
8 48611
8 35422
284449 891
891 23835
23835 33775
23835 3343
33775 124651
124651 5979
5979 177355
5979 1759
5979 13810
177355 1118
177355 1759
1118 8539
1118 1759
8539 48611
8539 1759
8539 5953
48611 69367
69367 965
965 415037
965 80867
415037 42993
42993 8302
8302 256182
8302 130445
130445 15991
15991 100818
100818 43137
43137 80867
80867 314995
314995 27076
27076 254292
27076 45763
254292 97126
254292 12475
97126 45763
45763 86824
45763 12265
45763 12475
86824 96720
96720 12265
96720 12475
12265 388043
388043 12475
12475 328706
328706 100376
100376 92928
92928 20805
20805 1759
20805 13810
1759 5968
1759 5953
5968 5953
5953 155
155 30
30 1886
30 3343
1886 13810
13810 35422
35422 154842
154842 194077
194077 153271
153271 27263
27263 26055
26055 3343
