327502 244273
244273 54168
244273 102624
54168 102624
102624 81822
81822 405659
405659 8914
405659 2055
8914 41931
41931 7515
41931 1274
41931 6948
41931 2055
7515 38204
38204 31059
31059 1852
31059 1274
1852 147573
1852 67504
1852 146728
1852 6948
1852 90530
1852 109246
1852 103827
147573 36049
147573 38226
147573 22781
36049 368674
36049 22781
368674 38226
368674 22781
38226 85503
38226 111747
85503 22781
22781 111747
111747 33153
33153 35829
33153 2055
35829 67504
35829 689
67504 36271
67504 3298
67504 1274
67504 2055
67504 220
36271 17198
36271 3298
36271 1274
36271 2055
36271 2700
17198 261111
17198 30543
261111 52180
261111 3298
261111 1274
261111 2055
52180 56222
52180 220
52180 4526
56222 93181
56222 3298
56222 220
56222 689
93181 143559
93181 220
143559 3298
3298 133872
3298 75006
133872 3067
3067 2274
3067 5335
3067 1274
2274 222291
2274 5335
2274 119452
222291 5335
222291 1274
5335 119452
5335 220
5335 689
119452 87137
87137 203058
203058 175699
175699 43702
175699 1274
175699 2055
175699 220
175699 4526
43702 185190
43702 1274
185190 107676
107676 1274
107676 2055
1274 75006
1274 146728
1274 6948
1274 2055
1274 170168
1274 2700
1274 343559
1274 220
1274 289622
1274 92439
75006 146728
75006 6948
75006 2055
146728 37967
146728 2055
37967 284151
284151 6948
6948 309220
6948 278901
309220 161124
309220 70337
161124 70337
70337 90530
90530 2055
2055 170168
2055 2700
2055 343559
2055 24800
170168 2700
170168 220
2700 343559
343559 16296
16296 217516
217516 220
217516 4526
220 30006
220 6585
220 48524
220 24800
220 109246
220 11230
30006 6585
6585 30543
6585 92439
30543 48524
48524 9271
48524 4526
9271 278901
278901 689
689 208814
689 85287
689 216584
689 24800
689 11044
689 17415
689 16983
689 163535
689 11230
689 9702
689 222721
208814 22678
208814 4526
22678 85287
85287 216584
216584 24800
216584 11044
24800 99286
24800 9702
24800 4526
99286 11044
11044 17415
11044 9702
11044 229879
11044 4526
17415 7998
7998 224382
7998 121073
224382 4446
4446 289622
4446 236774
4446 15831
289622 109246
289622 18487
109246 16983
109246 18487
16983 192950
192950 236774
192950 15831
192950 18487
192950 9702
236774 15831
236774 18487
15831 18487
15831 9702
18487 163535
163535 103827
163535 9702
163535 4526
103827 11230
11230 121073
121073 9702
9702 229879
229879 4526
4526 20628
4526 15859
4526 222721
20628 221743
221743 15859
15859 21412
21412 76919
76919 92439
92439 15570
15570 222721
222721 213936
