72377 12185
12185 389442
12185 184163
184163 48624
48624 72231
48624 342698
72231 54200
72231 1044
342698 54200
54200 279336
54200 1044
1044 10
1044 5245
10 236646
10 211
10 78770
10 186
10 243559
10 8425
10 286457
10 41341
10 418
10 93573
236646 463
236646 331
463 92688
463 64911
463 19870
463 13786
463 133008
463 7832
92688 64911
92688 19870
64911 5245
64911 19870
64911 67382
64911 53967
5245 197511
5245 246629
5245 19870
5245 72166
197511 1871
1871 2005
1871 211
1871 54656
2005 211
2005 331
211 20814
211 330
211 58768
211 243559
211 90641
211 331
211 54656
20814 45319
20814 330
45319 330
330 58768
330 90641
330 331
330 73552
330 54656
58768 42196
42196 4831
4831 91818
91818 122036
122036 246629
122036 186
246629 19870
19870 89791
19870 67382
19870 74778
19870 13786
19870 72166
19870 133008
19870 7832
19870 78770
89791 67382
67382 53967
53967 56966
56966 26171
56966 133008
26171 74778
26171 13786
26171 7832
74778 13786
13786 72166
13786 133008
13786 7832
72166 133008
133008 7832
7832 78770
78770 47481
78770 9682
47481 287423
47481 1793
287423 186
186 243559
186 235791
243559 6148
6148 317351
6148 235791
317351 42626
317351 6660
317351 331
42626 258280
42626 14729
42626 124329
42626 6660
258280 90641
90641 359948
90641 6660
90641 331
359948 162227
359948 14729
359948 6660
359948 331
162227 8425
8425 286457
8425 6660
286457 14729
286457 331
14729 124329
14729 6660
124329 63148
124329 6660
63148 165015
63148 6660
165015 6660
6660 418908
6660 331
331 384676
331 14140
331 47225
331 15994
331 61099
384676 10124
10124 160699
160699 60947
60947 14140
14140 47225
47225 15994
15994 35807
15994 15152
15994 56336
35807 25756
35807 56336
25756 15152
15152 56336
56336 27252
27252 73552
73552 2250
2250 5351
5351 1793
1793 41341
41341 418
418 54656
418 61099
54656 9682
9682 93573
93573 61099
61099 34810
34810 100664
100664 64827
64827 251607
251607 190625
190625 138581
138581 7599
7599 235791
235791 27180
27180 254682
254682 62199
62199 24171
24171 57177
57177 57166
57166 57194
57194 101799
101799 62164
