313931 50129
50129 50449
50449 59677
59677 78
59677 847
78 219316
78 221
78 130751
78 213500
78 35352
219316 847
847 156780
847 93555
847 8922
93555 5277
93555 221
5277 376
376 177883
177883 221
177883 88
221 346220
221 24561
221 47319
24561 174440
174440 11150
11150 47319
47319 36051
36051 93125
93125 170472
93125 12690
93125 8585
170472 12690
170472 8585
12690 8585
8585 280621
280621 280624
280621 16865
16865 130751
130751 88
88 298637
88 280516
88 159600
88 35352
298637 233856
233856 180148
233856 42922
180148 31004
180148 7533
180148 8767
31004 130802
130802 8984
8984 192350
8984 141584
8984 4895
192350 147334
192350 7533
192350 4895
147334 22634
147334 4895
22634 167046
22634 34306
22634 4895
22634 40298
167046 34306
167046 7551
34306 280516
34306 116670
34306 82641
34306 4895
34306 113924
34306 181676
34306 359763
34306 62205
34306 40275
34306 40298
34306 144197
34306 125317
280516 7533
280516 16783
280516 62205
7533 299115
7533 19150
7533 116670
7533 31213
7533 337670
7533 337672
7533 338971
7533 7594
7533 192848
7533 314057
7533 101152
7533 213500
7533 319582
7533 323241
7533 231955
7533 261930
7533 16783
7533 159600
7533 7551
7533 90938
7533 144197
7533 35352
7533 39231
299115 19150
299115 31213
19150 116670
19150 319582
19150 231955
19150 16783
19150 7551
19150 144197
19150 39231
116670 31213
116670 16783
116670 7551
31213 337670
31213 319582
31213 323241
31213 231955
31213 365570
31213 16783
31213 7551
31213 373606
31213 388640
31213 144197
31213 125317
337670 337671
337670 337672
337671 337672
338971 7594
7594 141584
7594 16445
7594 32467
7594 372056
7594 192848
7594 42922
7594 213500
141584 16445
16445 38175
16445 38164
16445 8767
38175 32467
32467 82641
82641 57924
82641 38164
57924 367939
57924 57235
367939 67553
67553 372056
372056 228283
372056 38164
228283 57235
228283 101152
228283 42922
57235 38164
57235 16783
38164 192848
38164 314057
38164 101152
38164 213500
192848 314057
192848 101152
192848 42922
314057 101152
314057 8767
314057 16783
101152 42922
42922 213500
213500 8922
213500 16783
8922 319582
8922 8767
319582 4895
319582 62205
4895 358695
4895 181676
4895 40298
4895 144197
4895 125317
358695 323241
231955 113924
231955 16783
231955 7551
113924 181676
113924 125317
181676 365570
181676 62205
365570 359763
359763 82942
359763 62205
82942 138632
138632 8767
8767 261930
261930 16783
16783 159600
159600 7551
159600 34247
7551 90938
7551 144197
7551 39231
7551 20911
7551 125317
7551 34247
90938 186369
186369 373606
388640 62205
62205 374542
62205 40298
374542 40275
40275 40298
40298 144197
144197 35352
35352 370656
35352 80855
370656 80855
80855 39231
39231 20911
20911 125317
125317 34247
