406105 88
88 284836
88 175010
88 101825
88 294325
88 25094
88 89916
88 57029
88 29978
88 98552
88 89034
88 8
284836 12781
284836 15
12781 145190
12781 2042
145190 24649
145190 15
145190 138
145190 1274
145190 2055
24649 14002
14002 32
14002 15
14002 34
14002 213
32 89
32 6386
32 431
32 5269
32 23326
32 34
32 1971
32 57029
32 51
32 39
32 25391
32 1511
32 47742
32 8
32 143833
89 6386
89 5269
89 1274
89 39
89 104609
6386 81413
6386 431
6386 891
6386 138
6386 1274
6386 1971
6386 39
6386 7353
6386 8
81413 2042
2042 270108
2042 386692
2042 14431
270108 33938
270108 431
270108 15
270108 138
270108 1274
270108 13892
270108 2055
270108 1971
270108 8
270108 213
33938 48879
33938 15
33938 138
33938 1274
33938 1971
33938 8
33938 213
48879 87058
87058 18654
87058 891
87058 138
87058 1274
87058 2055
87058 1971
87058 213
18654 173668
18654 431
173668 431
431 5269
431 1274
431 1971
431 57029
431 51
431 39
431 25391
431 143833
431 213
5269 15
5269 8
15 206203
15 294325
15 248885
15 98349
15 421112
15 125760
206203 175010
175010 237655
175010 214267
237655 348312
237655 214267
214267 101825
101825 294325
101825 138
101825 1274
101825 8
294325 89020
294325 1274
294325 1971
89020 327157
327157 1858
327157 138
327157 1274
327157 2055
327157 213
1858 147823
1858 343790
1858 143833
147823 25094
25094 343790
25094 356
343790 891
891 89916
891 57029
891 51
891 1511
891 57943
891 143833
891 1315
891 104609
89916 159571
89916 1274
89916 213
159571 2056
159571 1274
159571 8
2056 29491
2056 34
29491 23326
29491 138
29491 1274
29491 8
23326 34
23326 51
23326 39
34 18744
34 57029
34 51
34 23623
34 101019
34 10944
34 39
34 47742
34 143833
18744 138
18744 51
138 193169
138 1274
138 14431
138 356419
138 2055
138 110901
138 97874
138 57029
138 51
138 10959
138 113741
138 23623
138 77416
138 32826
138 58964
138 45339
138 104609
193169 1274
1274 386692
1274 356419
1274 248885
1274 2055
1274 110901
1274 1971
1274 57029
1274 113741
1274 356
1274 421112
1274 8
1274 143833
1274 125760
386692 14431
14431 356419
14431 8
356419 13892
356419 2055
13892 248885
13892 1971
13892 8
13892 213
248885 2055
2055 110901
2055 1971
2055 57029
2055 10959
2055 47742
2055 143833
2055 104609
2055 125760
110901 16753
110901 213
16753 97874
97874 106750
97874 8
106750 1971
1971 64873
1971 57029
1971 8
1971 213
64873 57029
57029 51
57029 1315
57029 213
51 143177
51 23623
51 10944
51 39
51 143833
51 1315
143177 10959
143177 29978
10959 77411
10959 23656
10959 98349
10959 29978
10959 98552
10959 113741
10959 23623
10959 77462
10959 77416
10959 32826
10959 111395
10959 36334
10959 89034
77411 142058
77411 23656
77411 98349
77411 77462
142058 98349
23656 98349
23656 29978
23656 23623
23656 32826
23656 89034
98349 98355
98349 29978
98349 77416
98349 32826
98355 29978
98355 77416
29978 98552
29978 23623
29978 77462
29978 32826
29978 36334
29978 89034
98552 113741
98552 32826
113741 10949
113741 89034
10949 23623
10949 10944
23623 77462
23623 77416
23623 32826
23623 36334
23623 10944
23623 8
77462 36334
77416 32826
77416 89034
32826 111395
32826 89034
111395 36334
36334 89034
36334 10944
89034 101019
101019 10944
10944 176
10944 1315
176 698
698 39
39 25391
39 47742
39 8
39 143833
39 22999
39 1315
39 213
25391 1511
25391 143833
25391 22999
1511 47742
1511 8
1511 143833
47742 7353
47742 8
47742 1315
7353 57943
57943 29713
57943 8
57943 213
29713 58964
58964 356
356 421112
421112 8
8 143833
8 22999
8 104609
143833 45339
143833 1315
143833 213
45339 22999
22999 1315
1315 104609
104609 213
213 125760
125760 59884
