102138 49011
102138 268
102138 248
102138 274
102138 51757
102138 68702
49011 286214
49011 88
286214 286215
286215 268
286215 1062
286215 206
286215 248
268 177159
268 1062
268 206
268 248
268 270662
268 190546
268 283
268 101385
268 2929
268 38041
268 274
268 51757
268 26936
268 160469
177159 1062
177159 206
177159 248
177159 68702
1062 36733
1062 22110
1062 41050
1062 206
1062 51757
1062 12517
1062 121750
1062 73473
1062 3047
1062 88
1062 49740
1062 224225
36733 4283
4283 2769
4283 206
2769 22110
2769 424
22110 5355
22110 1014
22110 750
5355 41050
5355 206
41050 206
41050 2780
206 385564
206 51757
206 26936
206 12517
206 15801
206 20390
206 121750
206 73473
206 114063
206 65696
206 224225
385564 248
385564 88
248 280760
248 270662
248 101385
248 346224
248 2919
248 107336
248 2929
248 2889
248 282549
248 254532
248 274
248 51757
248 26936
248 160469
280760 107334
280760 274
107334 270662
107334 2889
107334 274
107334 305099
107334 51757
107334 68702
270662 103207
270662 2919
270662 274
190546 283
283 101385
283 2929
283 274
283 238320
283 26936
101385 103207
101385 2919
101385 274
103207 298239
103207 392154
103207 346224
103207 254532
103207 274
392154 274
346224 2919
2919 107336
2919 2889
2919 282549
2919 2853
2919 254532
2919 26936
107336 2929
107336 2889
107336 2853
2929 2889
2929 2853
2929 51757
2889 282549
2889 2853
2889 38041
282549 2853
2853 38041
38041 254532
254532 274
274 238320
274 305099
274 187263
238320 51757
238320 68702
305099 51757
51757 187263
51757 68702
51757 26936
187263 68702
68702 26936
26936 160469
160469 1014
160469 750
1014 135395
1014 750
135395 10634
10634 82610
82610 724
724 12517
12517 13547
12517 88
13547 81941
81941 15801
81941 88
15801 16114
15801 19117
15801 90185
15801 980
15801 88
16114 19117
16114 90185
16114 20390
19117 154258
19117 90185
20390 121750
20390 13390
121750 73473
121750 88
121750 750
73473 2780
73473 88
73473 750
2780 42791
2780 6371
42791 142766
142766 24551
24551 424
424 3047
3047 13390
13390 186965
186965 980
980 12591
12591 12585
12585 12593
12593 11357
11357 52301
11357 14822
11357 14840
52301 14822
52301 88
14822 7680
7680 14840
14840 4059
4059 66102
66102 88
88 315215
88 224225
315215 7540
7540 49740
7540 65696
49740 8931
8931 178332
8931 65696
178332 8913
8913 112069
8913 64643
8913 143155
8913 48498
112069 114063
114063 64643
64643 143155
143155 8980
8980 192569
192569 128997
128997 8844
8844 65696
65696 8717
8717 48498
48498 1765
48498 750
1765 6371
1765 750
6371 224225
6371 750
750 115956
