174773 1
1 437909
1 268583
1 402791
1 379049
1 289449
1 333635
1 187609
1 427899
1 422467
1 384027
1 199674
199674 285912
199674 285904
199674 88040
285912 285904
285912 28593
285904 35962
285904 77180
285904 81426
35962 125436
125436 28593
28593 77209
77209 77180
77180 88040
77180 28601
77180 199848
88040 290304
88040 199848
290304 420114
290304 28601
28601 199848
199848 187547
187547 81426
81426 196143
196143 13660
196143 301
13660 216637
13660 24892
216637 114527
114527 43304
43304 24892
24892 19105
24892 301
19105 32650
32650 144131
144131 7691
7691 11478
11478 24857
24857 26531
26531 29642
29642 105864
105864 111528
105864 97264
97264 11522
11522 75784
11522 2374
75784 2374
2374 125067
125067 146543
146543 983
983 17252
983 265185
17252 33465
17252 59
17252 301
33465 29499
29499 2416
29499 59
29499 301
2416 158535
2416 59
158535 59
158535 301
158535 11792
59 65723
59 157304
59 2450
59 2553
59 301
59 75488
65723 121629
65723 157304
65723 301
121629 157304
157304 2450
157304 301
2450 265185
2450 2553
2450 18583
2450 301
265185 2553
265185 301
2553 18583
2553 301
18583 301
301 215156
301 38756
301 87949
301 153811
215156 11792
11792 128702
11792 61207
11792 86792
11792 90739
11792 82468
128702 61207
61207 28923
28923 86792
28923 90739
86792 155001
86792 90739
155001 90739
90739 82468
82468 20183
20183 28779
28779 38756
38756 59764
59764 40192
40192 158935
158935 21933
21933 74274
74274 146387
146387 9008
9008 33194
33194 87949
87949 12473
87949 12366
12473 153811
12473 38418
12473 40684
12473 7388
12473 12366
12473 75488
153811 24079
153811 12366
24079 127617
24079 38418
24079 236014
24079 12236
24079 40684
127617 38418
127617 12236
38418 236014
236014 12236
236014 12366
12236 40684
40684 7388
40684 12366
40684 27071
7388 12366
12366 27071
12366 12434
27071 364938
27071 12434
364938 75488
75488 12434
12434 12509
