298146 27582
27582 2680
27582 891
27582 1503
27582 206
27582 10783
2680 233528
2680 19
2680 3440
2680 15451
2680 206
2680 391171
2680 67806
2680 26695
2680 5115
233528 12708
233528 15451
233528 206
233528 15
12708 313248
313248 19
313248 15451
313248 4259
313248 206
313248 323
19 117571
19 15451
19 13787
19 1503
19 370
19 391171
19 15
19 598
19 259162
19 323
19 88
19 40974
19 10783
19 1062
19 174985
19 175749
117571 4788
4788 15042
15042 164424
164424 131505
164424 88
131505 39043
131505 1503
131505 370
131505 206
131505 679
131505 1062
39043 1561
1561 33942
33942 70281
33942 3440
33942 15451
33942 1503
33942 370
33942 206
33942 1062
70281 335590
70281 206
335590 102203
335590 1503
102203 3440
102203 370
102203 206
102203 15
102203 1062
3440 15451
3440 206
3440 679
3440 418
3440 23253
3440 40974
3440 175749
15451 266098
15451 169116
15451 1503
15451 383478
15451 370
15451 206
15451 391171
15451 67806
15451 1062
15451 175749
266098 5035
266098 1503
266098 370
266098 206
266098 15
266098 1062
5035 169116
169116 13787
169116 1503
169116 323
13787 316580
13787 3637
13787 188
13787 1062
316580 82774
316580 88
316580 2780
82774 368287
368287 891
368287 1503
368287 4259
368287 206
368287 15
368287 88
368287 1062
891 114490
891 67806
891 117695
891 26695
891 10783
891 36336
114490 1503
114490 206
114490 15
114490 88
114490 1062
1503 354127
1503 383478
1503 370
1503 260637
1503 230573
1503 414066
1503 391171
1503 78569
1503 679
1503 67806
1503 36421
1503 175371
1503 158490
1503 26695
1503 3637
1503 1062
1503 27290
1503 175749
1503 32846
354127 4259
354127 206
354127 88
354127 1062
4259 383478
4259 370
4259 67806
4259 2436
383478 370
383478 1062
370 260637
370 206
370 124193
370 10385
370 679
370 67806
370 175371
370 88
370 144568
370 1062
260637 288242
260637 161013
260637 33067
260637 206
260637 1062
288242 161013
161013 331055
161013 230573
230573 33067
230573 206
230573 1062
33067 414066
414066 206
206 391171
206 67806
206 598
206 323
206 158490
206 331563
206 26695
206 40974
206 1062
206 175749
206 36336
206 32846
391171 16398
391171 15
391171 88
391171 1062
16398 78569
78569 86771
86771 15
86771 88
15 124193
15 67806
15 598
15 158490
15 26695
15 40974
15 144568
15 1062
15 175749
124193 10385
10385 679
679 418
418 67806
418 40974
418 175749
418 36336
67806 598
67806 1062
598 259162
598 158210
598 36421
598 323
598 88
598 1062
36421 323
323 175371
323 1062
323 174985
323 27290
175371 158490
158490 331563
158490 88
331563 88
88 117695
88 26695
88 3637
88 48277
88 1062
117695 28462
28462 101521
28462 3840
28462 2846
28462 26695
101521 45519
101521 2846
45519 264331
45519 2846
45519 26695
264331 253768
253768 92611
253768 273322
92611 273322
92611 74700
273322 144250
144250 284988
284988 106282
284988 2846
106282 49671
49671 165547
49671 23253
49671 2846
49671 26695
165547 74700
165547 2846
74700 278948
74700 45505
278948 3840
278948 1062
3840 173946
173946 2806
2806 2822
2822 23253
23253 45505
23253 2846
45505 2846
2846 26695
26695 3637
26695 188
26695 1062
3637 48277
3637 188
3637 1062
48277 40974
48277 188
40974 188
40974 5115
188 10783
188 2436
188 2780
188 175749
10783 2436
10783 175749
2436 2780
2780 144568
2780 170592
2780 5115
144568 1062
1062 174985
1062 27290
1062 175749
1062 36336
1062 32846
174985 27290
27290 170592
27290 5115
170592 5115
5115 175749
36336 32846
