300809 283
283 279755
279755 38249
38249 73630
38249 503
73630 13256
13256 109941
109941 2347
109941 5218
109941 335
109941 6
109941 1062
109941 50
2347 163846
2347 127806
2347 243559
163846 38875
38875 127806
127806 503
127806 7932
503 215767
503 211
503 48673
503 178354
503 22362
503 59089
503 326
215767 7932
215767 301
7932 67451
7932 29179
7932 86115
67451 38756
38756 30887
38756 6
38756 301
30887 1618
1618 438
438 21913
438 335
438 1062
438 301
21913 1921
1921 1385
1921 211
1921 52
1385 211
1385 6
1385 301
211 48673
211 63045
211 59089
211 326
211 243559
211 6
48673 180
48673 983
48673 1062
180 5218
180 50
5218 13186
13186 364
13186 63045
364 63045
364 7315
63045 29467
63045 335
63045 1062
29467 7315
29467 335
29467 1062
29467 301
7315 12931
7315 83666
7315 52
7315 301
12931 158752
12931 335
12931 1062
12931 52
12931 301
158752 178354
158752 301
178354 11318
178354 301
11318 83666
83666 29179
83666 1062
29179 67299
29179 52297
29179 62929
29179 1062
29179 52
29179 301
67299 52297
67299 67467
67299 301
52297 67467
52297 1062
67467 62929
62929 22362
62929 301
22362 6783
22362 983
22362 6
22362 301
6783 32267
32267 10287
10287 75557
75557 983
983 240103
983 50
240103 31191
240103 301
31191 251308
31191 6
31191 1062
31191 301
251308 335
335 63043
335 243559
335 1062
335 414278
335 128787
335 192766
335 97170
335 301
63043 59089
59089 326
326 243559
326 414278
243559 6
243559 1062
243559 301
6 329600
6 1062
6 22124
6 192766
6 97170
6 326288
6 301
6 91191
6 318531
329600 1062
1062 414278
1062 22124
1062 172236
1062 128787
1062 192766
1062 97170
1062 301
1062 249593
414278 52
414278 301
52 22124
22124 86115
86115 36313
36313 30608
36313 18365
30608 152069
30608 11227
152069 18365
18365 168574
18365 11227
168574 235013
235013 30591
30591 11227
11227 172236
172236 160937
160937 139298
139298 389753
389753 60695
60695 68339
60695 39002
68339 39002
39002 128787
128787 76239
128787 301
76239 192766
192766 97170
97170 42626
97170 301
42626 326288
42626 301
326288 301
301 91191
91191 50
50 215065
50 318531
318531 293415
318531 157559
318531 157540
293415 257414
293415 157559
293415 157540
257414 157559
157559 327050
157559 157540
327050 327547
327050 157540
327547 293422
293422 157540
157540 274326
274326 97197
97197 249593
249593 257597
249593 68282
257597 68282
