113249 22734
113249 16603
113249 105961
113249 3720
113249 2397
113249 3726
22734 43844
22734 38592
22734 105961
22734 3720
22734 174934
22734 295186
22734 1267
22734 8
22734 2397
22734 3726
22734 164484
22734 44135
43844 38592
43844 16603
43844 44650
43844 3726
38592 16603
38592 44650
38592 164484
38592 155803
38592 84673
16603 105961
16603 3720
16603 8
16603 206
16603 2397
16603 3726
16603 84673
105961 3720
105961 8
105961 2397
105961 3726
105961 44135
3720 174934
3720 85505
3720 44650
3720 335
3720 2397
3720 211346
3720 3726
174934 85505
174934 192075
85505 252250
85505 206
85505 3726
85505 44135
85505 155804
85505 111118
85505 163115
85505 46682
85505 84673
252250 44650
252250 3726
44650 295186
44650 3726
295186 8486
295186 818
8486 544
8486 331
8486 220
8486 8
8486 206
8486 818
544 84012
544 335
544 8
544 206
84012 244534
84012 331
244534 23
244534 335
244534 331
244534 11339
244534 7675
244534 2994
244534 206
23 106376
23 183204
106376 6382
6382 34445
6382 8
34445 920
34445 220
34445 8
34445 206
34445 3549
34445 818
34445 7437
920 278693
920 335
920 7675
920 185609
920 3549
920 94955
278693 335
278693 11339
278693 206
335 184462
335 7675
335 12906
335 42843
335 84964
335 20379
335 185609
184462 331
184462 220
184462 8
331 399659
331 44277
331 11363
331 206
399659 182382
182382 26732
26732 44277
44277 11363
11363 115848
11363 11339
115848 11339
11339 11340
11339 7675
11339 368909
11339 12906
11339 42843
11339 206
11340 7675
11340 12906
11340 29021
11340 28936
11340 2994
11340 206
7675 368909
7675 12906
7675 8
7675 206
368909 12906
368909 206
12906 29021
12906 28936
12906 52189
12906 8
12906 206
12906 2397
29021 42843
29021 28936
29021 52189
42843 28936
42843 1267
42843 220
42843 8
42843 206
28936 52189
52189 6119
6119 9767
6119 1267
9767 155734
9767 1267
155734 2994
155734 206
2994 269966
2994 50962
2994 178334
269966 1267
269966 220
1267 42892
1267 818
42892 24510
24510 9497
9497 220
9497 181209
220 183204
220 281049
220 185609
220 3549
220 10257
220 178334
183204 8
8 84964
8 130457
8 20379
8 818
8 10191
8 178334
8 17747
84964 18035
18035 281049
281049 206
206 107912
206 20379
206 185609
206 818
206 178334
206 155803
206 84673
107912 63896
63896 178109
178109 29116
29116 90109
90109 1814
1814 50962
50962 17159
50962 130457
17159 130457
17159 155174
130457 20379
20379 185609
20379 3549
185609 152474
185609 3549
152474 181209
181209 16696
181209 7437
16696 215493
215493 3549
215493 7437
3549 191294
3549 194623
3549 818
3549 94955
3549 32672
191294 194623
194623 818
818 94955
94955 7437
7437 155174
155174 32672
32672 10191
10191 10257
10257 178334
10257 2397
178334 2397
2397 211346
211346 3726
3726 164484
3726 263382
3726 192075
3726 163115
3726 46682
3726 84673
164484 263382
164484 155804
164484 192075
164484 111118
164484 163115
263382 44135
263382 46682
44135 155804
44135 192075
44135 155803
44135 84673
155804 192075
155804 111118
155804 163115
192075 111118
192075 155803
111118 163115
163115 155803
155803 340513
340513 46682
46682 84673
84673 42703
42703 3614
3614 3691
3691 17747
