347399 261161
261161 6958
261161 6951
261161 1062
261161 6948
6958 322637
6958 409713
322637 6951
6951 266740
6951 409713
6951 65271
266740 220
266740 6948
220 147999
220 277315
220 2563
220 13275
220 44249
220 42896
220 83019
220 88032
220 526
220 590
220 2005
220 409
220 65996
220 67166
220 677
147999 301
301 277315
301 78237
301 316785
301 20379
301 424421
301 83019
301 59
301 88032
301 1062
301 22741
301 172993
301 109734
301 2697
301 2005
301 34583
301 40450
301 4214
301 241074
301 19162
301 19154
301 65271
301 49019
277315 78237
78237 316785
316785 11557
316785 7937
316785 3419
316785 59
316785 1062
316785 2179
316785 4214
316785 677
11557 2563
2563 13275
13275 44249
13275 7937
13275 3419
13275 1062
13275 2179
13275 677
13275 979
44249 42896
42896 2353
2353 252846
2353 424421
2353 7937
2353 194444
2353 3419
2353 109755
2353 65996
2353 112110
2353 218311
2353 250666
252846 159787
252846 3419
252846 4214
159787 20379
159787 2179
20379 13480
20379 3419
20379 1062
20379 677
20379 750
13480 213967
13480 1062
13480 4214
213967 23430
213967 1062
213967 2179
213967 677
23430 424421
23430 2179
23430 677
424421 7937
424421 1062
424421 2179
424421 677
7937 194444
7937 46590
7937 3419
7937 5762
7937 65996
7937 11193
7937 14463
7937 112110
7937 34583
7937 677
7937 17888
194444 46590
194444 3419
194444 4214
194444 677
194444 979
46590 443804
46590 3419
46590 112110
46590 4214
46590 677
46590 750
443804 3419
443804 4214
443804 677
3419 83019
3419 409
3419 5762
3419 65996
3419 40450
3419 17729
3419 364633
3419 218311
3419 677
83019 59
83019 677
59 88032
59 1062
59 526
59 590
59 409
59 447759
59 65271
88032 1062
88032 2697
88032 2179
88032 677
88032 750
1062 22741
1062 172993
1062 109734
1062 2697
1062 526
1062 2005
1062 447759
1062 40450
1062 110514
1062 65271
1062 43971
22741 172993
172993 46923
172993 2697
46923 109755
109755 109734
109734 2697
109734 750
2697 526
2697 2179
2697 40450
2697 65271
526 590
590 2005
2005 409
409 307501
409 677
307501 5762
5762 65996
5762 2179
5762 243690
5762 112110
5762 4214
5762 677
5762 979
65996 11193
65996 2179
65996 677
65996 979
11193 14463
11193 2179
14463 2179
2179 447759
2179 40450
2179 364633
447759 21978
447759 979
21978 104621
104621 243690
104621 979
243690 112110
243690 979
112110 34583
34583 40450
34583 4214
40450 17729
40450 4214
40450 677
17729 364633
17729 67955
17729 4214
17729 979
364633 67955
364633 4214
67955 218311
218311 4214
4214 67166
4214 43971
67166 677
67166 979
677 15554
677 17888
15554 17888
17888 18923
18923 979
979 110514
979 231207
110514 160017
110514 10063
160017 231207
231207 279227
279227 256926
256926 255959
256926 10063
255959 241074
241074 250666
241074 10063
250666 10063
10063 38526
10063 43971
38526 355903
355903 750
750 409713
409713 6948
6948 431543
6948 407454
6948 19162
6948 65271
431543 240652
240652 407454
240652 240645
240652 330882
407454 240645
240645 330882
330882 19162
19162 178609
19162 14603
178609 19154
178609 14603
178609 39521
19154 65271
19154 21009
19154 14603
65271 49019
65271 46991
65271 14603
65271 43971
49019 21009
21009 46991
46991 116808
116808 14603
14603 43971
43971 187374
187374 39521
39521 34233
