435642 1
1 451280
1 8400
1 46
1 463
1 5521
1 16225
1 979
8400 41864
41864 8643
41864 49421
8643 188481
8643 49421
8643 85817
8643 206
8643 979
188481 49421
188481 7016
188481 206
49421 85817
49421 317
49421 206
49421 979
85817 7016
7016 58589
58589 752
752 960
752 677
752 330
960 167807
960 160880
960 279832
960 16576
960 16577
960 199635
960 71164
960 7942
960 20426
960 23956
960 133860
960 3419
960 122152
960 32423
960 206
960 111844
960 979
960 287306
960 57573
960 8005
960 9647
960 80679
167807 677
677 160880
677 279832
677 8294
677 16577
677 199635
677 71164
677 12005
677 32663
677 46046
677 52434
677 7942
677 23956
677 205304
677 90099
677 133860
677 3419
677 122152
677 89771
677 287306
677 212076
677 57573
677 8005
677 9647
160880 3419
160880 317
279832 8294
8294 16576
8294 46046
8294 7942
8294 23956
8294 122152
8294 8303
16576 16568
16576 3419
16576 317
16568 16577
16577 10907
16577 7942
16577 8303
10907 199635
10907 3419
10907 122152
10907 8005
10907 80679
199635 7781
199635 8005
7781 71164
7781 208174
7781 46046
7781 52434
7781 32423
71164 12005
71164 23956
12005 208174
12005 46046
12005 52434
12005 23956
12005 463
208174 154671
208174 206
154671 131830
154671 160174
154671 32663
154671 979
131830 160174
160174 32663
32663 121478
121478 8581
121478 2003
121478 3084
121478 6664
121478 3755
121478 5521
121478 1574
121478 206
121478 979
8581 454139
8581 2003
8581 46
8581 330
8581 206
454139 330
2003 46
2003 9647
2003 80679
46 35611
35611 46046
46046 52434
46046 23956
46046 463
46046 8303
46046 979
52434 7942
52434 979
7942 20426
7942 3419
7942 122152
7942 8005
20426 23956
20426 3419
20426 8005
23956 205304
23956 158
23956 8303
23956 979
205304 463
205304 979
463 377472
463 36894
463 73367
36894 90099
90099 158
158 13607
13607 16147
13607 3755
13607 1574
13607 206
16147 196314
16147 93305
16147 3419
16147 317
16147 1253
16147 979
196314 3084
196314 6664
196314 1574
3084 111863
3084 3755
111863 6664
111863 1574
6664 126362
6664 6677
126362 3755
126362 5521
3755 93305
3755 5521
93305 73367
93305 6677
93305 1574
93305 206
73367 6677
73367 5521
73367 1574
6677 286249
6677 5521
6677 1574
6677 206
286249 5521
286249 206
5521 359229
5521 1574
359229 16225
359229 1574
359229 206
16225 267538
16225 337154
267538 337154
337154 1574
1574 133860
1574 979
133860 3419
3419 124949
3419 122152
3419 111844
3419 159617
3419 287306
3419 227358
3419 57573
3419 8005
3419 80679
124949 317
124949 8303
124949 8005
317 122152
317 410929
317 89771
317 287306
317 57573
122152 8021
122152 206
122152 979
122152 8005
8021 32423
8021 159617
32423 1253
32423 979
1253 140286
140286 3199
140286 330
140286 206
3199 410929
3199 330
3199 23130
410929 330
330 66937
330 89771
330 23130
66937 89771
89771 23130
23130 206
206 111844
111844 8303
111844 979
111844 8005
8303 159617
8303 979
8303 8005
159617 979
979 287306
979 212076
979 57573
287306 8005
212076 26256
26256 229660
229660 95577
95577 21278
21278 227358
227358 225422
225422 261313
225422 57573
261313 57573
57573 8005
8005 9647
8005 80679
9647 15960
15960 80679
