364196 335
335 49678
335 316
335 12
335 139271
335 259259
335 109055
335 33679
335 123413
335 151847
335 2086
335 9121
335 64044
335 37216
335 1971
335 370
335 65224
335 96822
335 10298
335 76044
49678 316
49678 1274
49678 1416
49678 1503
316 12
316 1416
316 33679
316 37216
316 370
316 96822
12 139271
139271 1274
139271 11956
139271 1793
139271 1971
1274 259259
1274 109055
1274 145997
1274 123413
1274 151847
1274 2086
1274 9121
1274 64044
1274 37216
1274 85952
1274 1971
1274 9849
1274 1503
1274 51335
1274 370
1274 65224
1274 96822
1274 134006
1274 76044
259259 109055
259259 370
109055 169599
109055 1416
109055 11956
109055 1793
109055 1971
109055 1503
169599 1416
169599 1971
1416 145997
1416 9849
1416 65918
1416 13918
1416 11264
1416 3765
145997 8498
8498 203233
203233 33679
33679 11956
11956 123413
11956 121459
11956 9849
11956 13861
123413 130902
123413 1503
130902 151847
151847 2086
151847 1971
151847 1503
2086 38941
2086 1971
2086 1503
2086 370
38941 9121
9121 41291
9121 1533
9121 1503
9121 370
9121 5439
41291 5988
5988 77132
5988 10455
5988 1971
77132 10455
10455 64044
64044 1793
64044 1503
64044 370
1793 57333
1793 11557
1793 173118
57333 68265
68265 19685
19685 17489
17489 9205
17489 13861
9205 1533
9205 370
9205 5439
1533 37216
37216 27839
37216 1971
37216 1503
37216 370
27839 85952
27839 1503
85952 1971
1971 121459
1971 9849
1971 51335
1971 65918
1971 370
1971 5439
1971 76044
1971 4304
121459 9849
121459 65918
121459 13918
9849 218972
9849 1503
9849 65918
9849 13918
9849 11557
9849 370
218972 1503
218972 11044
218972 370
1503 124643
1503 191006
1503 370
1503 96822
1503 60947
1503 81682
1503 15783
1503 5439
1503 134006
1503 152470
1503 152473
1503 5716
1503 54496
1503 4304
1503 88136
1503 3765
124643 82262
82262 325494
325494 13310
13310 11044
11044 39433
11044 191006
11044 152470
39433 51335
51335 32251
51335 11557
32251 65918
65918 13918
13918 63081
13918 11557
63081 11557
11557 13861
13861 10843
10843 173118
173118 191006
191006 370
370 65224
370 81682
370 15783
370 5439
370 152470
370 5716
370 4304
370 88136
65224 63259
65224 3765
63259 60994
60994 4875
4875 71218
4875 31936
4875 16519
4875 96823
71218 31936
71218 16519
31936 238653
31936 16519
238653 16519
16519 75990
75990 30639
30639 96823
96823 96822
96822 60947
60947 81682
60947 27819
81682 10298
15783 5439
15783 5716
5439 11264
5439 5716
5439 4304
5439 88136
5439 4977
5439 113192
11264 134006
134006 10298
10298 76044
10298 4304
76044 74993
74993 14154
14154 152470
152470 152473
152470 5716
152473 5716
5716 54496
5716 4304
5716 88136
54496 4304
4304 88136
88136 4977
4977 42236
42236 169764
169764 27819
27819 113192
113192 147804
147804 44132
147804 22849
44132 433516
44132 44146
44132 22849
44132 409871
433516 44146
44146 22849
22849 409871
409871 3765
3765 233747
