101280 310
310 337122
337122 1503
337122 1062
1503 98392
1503 98333
1503 11885
1503 503
1503 210991
1503 221212
1503 17729
1503 679
1503 28858
1503 11430
1503 155684
1503 29363
1503 79184
1503 10721
1503 36626
1503 17927
1503 9906
1503 164386
1503 13972
1503 117539
1503 38412
1503 18159
1503 197471
1503 1062
1503 73356
1503 20200
1503 270272
1503 217986
1503 26557
98392 98333
98392 206
98333 11885
98333 965
11885 27183
27183 2042
27183 206
27183 8
2042 36594
2042 323
36594 503
36594 206
36594 8
503 210991
503 679
503 28858
503 9101
503 70070
503 9110
503 29363
503 972
503 10721
503 3393
503 965
503 13972
503 677
503 323
210991 6
210991 965
210991 677
210991 1062
6 221212
6 679
6 1062
6 43246
6 217986
6 8
6 149344
221212 17729
221212 965
221212 1062
221212 8
17729 146331
17729 679
679 28858
679 10721
679 17927
679 9906
679 164386
679 18159
28858 11430
28858 9101
28858 972
28858 965
28858 677
28858 11792
11430 174022
11430 9101
174022 9101
174022 206
174022 1062
9101 70070
9101 965
9101 323
70070 97486
70070 965
70070 206
97486 178452
97486 89334
97486 70082
89334 97485
89334 155684
89334 70082
97485 155684
155684 89333
155684 965
89333 70082
89333 64916
64916 42151
42151 9110
42151 206
9110 29363
9110 972
9110 206
9110 323
29363 972
29363 3393
29363 965
29363 206
29363 677
972 79184
972 3393
972 90838
972 965
972 150490
972 206
972 677
972 323
79184 23943
79184 965
79184 677
23943 10721
23943 9906
23943 965
23943 206
23943 677
23943 18159
23943 1062
10721 3393
10721 965
10721 323
3393 36626
3393 17927
3393 164386
3393 13972
3393 677
36626 17927
36626 677
17927 9906
17927 206
17927 677
17927 1062
9906 164386
9906 13972
9906 206
164386 90838
164386 965
164386 677
90838 965
965 144931
965 150490
965 117539
965 677
965 355986
965 22808
965 209171
150490 13972
13972 117539
13972 677
13972 18159
117539 104498
104498 90652
90652 38412
90652 1062
90652 8
38412 75656
38412 24088
75656 84368
75656 23239
75656 27071
84368 108331
84368 24088
84368 190470
84368 23239
108331 24088
24088 190470
24088 23239
24088 146901
190470 23239
190470 8
23239 138361
23239 146901
138361 146901
138361 1062
146901 27071
27071 146963
146963 206
206 169063
206 1062
206 299012
206 171
206 43246
206 11792
206 73356
206 20200
206 293577
206 270272
206 217986
206 323
206 149344
169063 677
169063 8
677 355986
677 43246
677 217986
677 26557
677 209171
355986 18159
18159 197471
197471 1062
1062 299012
1062 43246
1062 323
1062 8
1062 149344
299012 171
171 27797
171 323
27797 137727
27797 43246
137727 43246
43246 22808
43246 8
22808 228048
22808 97949
228048 11792
228048 44135
11792 73356
11792 68417
11792 97949
11792 37307
11792 20200
73356 44135
73356 20200
44135 68417
44135 97949
44135 20200
44135 20142
44135 293577
68417 97949
68417 170953
97949 170953
170953 22798
22798 22810
22810 60488
60488 37307
37307 20200
20200 20142
20200 8
20142 293577
293577 89018
89018 270272
270272 91035
91035 289692
289692 25007
25007 217986
217986 26557
26557 209171
26557 8
209171 323
323 225876
225876 8
8 149344
