97812 70131
97812 57
70131 410450
410450 52248
410450 205
410450 15
410450 396
52248 773
52248 9903
773 234088
773 22450
773 170540
773 162607
773 1276
773 2164
234088 65919
234088 18325
234088 15
234088 396
65919 75454
65919 9903
75454 115554
75454 9903
75454 15
115554 450273
115554 9903
450273 40407
40407 52316
40407 9903
40407 205
40407 15
40407 396
52316 167658
52316 9903
52316 18325
167658 9903
167658 18325
167658 205
167658 396
167658 322
9903 135540
9903 18325
9903 22450
9903 12934
9903 3847
9903 396
9903 2164
9903 7782
135540 18325
18325 265828
265828 22450
265828 205
265828 396
22450 22375
22450 162607
22450 2164
22375 17468
22375 205
22375 1276
22375 396
22375 322
17468 51348
17468 15
51348 205
51348 396
51348 322
205 380583
205 162607
205 190769
205 152391
205 7079
205 367546
205 31222
205 37532
205 80328
380583 62036
380583 15
62036 153040
153040 15
153040 396
153040 2991
153040 57
15 170540
15 162607
15 123141
15 1276
15 7079
15 7420
15 92788
15 143577
15 367546
15 37532
15 80328
170540 162607
162607 12934
162607 123141
162607 1276
162607 2164
12934 123141
12934 2164
123141 1276
123141 2164
1276 190769
1276 7420
1276 27838
1276 79478
1276 16313
1276 37532
1276 80328
190769 144122
190769 3847
190769 396
144122 161345
144122 3847
161345 3847
3847 152391
3847 79478
152391 396
152391 322
396 7079
396 27838
396 79478
396 80328
7079 7420
7079 322
7420 92788
92788 8172
92788 2164
8172 238059
238059 2164
2164 47372
2164 42102
47372 7782
7782 42102
42102 15000
15000 36551
36551 62129
62129 97283
97283 46544
46544 37345
37345 59850
59850 2991
2991 46699
46699 57
57 143577
57 27838
57 79478
143577 3065
3065 27838
27838 424
424 79478
79478 322
322 367546
322 80328
367546 16313
367546 268
16313 293372
16313 307597
16313 245
16313 268
16313 374334
293372 51742
307597 245
307597 51742
245 146139
245 268
245 51749
245 51742
146139 268
268 360895
268 51749
268 374334
360895 51749
51749 374334
51749 51742
51749 201847
374334 51742
51742 201847
201847 36370
36370 143336
143336 335308
335308 17386
17386 83212
83212 24143
24143 70643
24143 26363
70643 56677
70643 31222
56677 194147
56677 31222
194147 31222
31222 34983
34983 26363
26363 388793
388793 37532
37532 97021
97021 40285
40285 447528
40285 209742
209742 36076
209742 102312
36076 102312
102312 135764
135764 60567
60567 52474
52474 80328
80328 47825
47825 118295
