50975 37231
37231 16067
16067 6874
6874 13390
13390 319536
13390 71914
13390 1564
319536 5
319536 12272
319536 8
319536 4416
319536 1858
5 163576
5 8
5 71914
5 11556
163576 15846
163576 8
15846 57747
15846 18147
15846 515
15846 409
57747 12272
12272 9970
12272 94091
12272 409
12272 139482
9970 227936
227936 182740
182740 142756
142756 40429
142756 8
142756 182283
142756 90259
142756 10044
40429 99409
40429 36989
99409 18147
18147 62687
18147 5116
62687 57827
62687 515
57827 15788
15788 36885
15788 8
15788 1858
36885 5193
5193 43272
5193 8
5193 25907
5193 5116
5193 36989
5193 107652
5193 174034
5193 41657
5193 2687
43272 8
43272 1858
43272 2687
8 81535
8 4640
8 5116
8 116952
8 94091
8 515
8 409
8 174034
81535 4444
4444 25907
25907 4640
25907 5116
25907 116952
25907 2687
25907 40190
4640 5116
4640 1858
4640 2687
5116 116952
5116 1858
5116 409
5116 1564
5116 13660
5116 2687
5116 40190
5116 136962
116952 167907
116952 1858
116952 2687
167907 37919
37919 36989
36989 75469
36989 7640
75469 75461
75461 10238
10238 52194
10238 12854
52194 182283
52194 12854
52194 25277
182283 90259
182283 10044
90259 47862
90259 71914
90259 10044
47862 71914
47862 29407
47862 4416
47862 55532
71914 29407
71914 55532
71914 10044
29407 94091
29407 4416
29407 55532
94091 4416
94091 1564
4416 55530
4416 55532
55530 55532
55532 10044
55532 11556
10044 11556
11556 67594
11556 7640
67594 182372
67594 12859
182372 6869
6869 168269
168269 207992
207992 78557
78557 3092
3092 43751
43751 23678
23678 28931
28931 515
515 275554
515 1858
515 409
275554 1858
1858 170227
1858 409
1858 174034
1858 2687
170227 409
409 139482
139482 60350
60350 142587
60350 7640
142587 7640
7640 107652
7640 2687
107652 82717
82717 67161
67161 12854
12854 84220
12854 12859
12854 136910
12854 11438
12854 25277
84220 12859
84220 11438
12859 1564
12859 11438
12859 25277
1564 4097
4097 44761
44761 101291
101291 8417
8417 286518
286518 216164
216164 186477
186477 13660
13660 174034
174034 21587
174034 2687
21587 136910
136910 11438
11438 25277
25277 50413
50413 41657
41657 2687
2687 40190
40190 136962
136962 129012
129012 161354
161354 194637
194637 932
932 49590
49590 48712
48712 58386
