181217 383
181217 8
383 226394
383 62044
383 133100
383 25017
383 145320
383 2697
383 280623
383 101858
383 187021
383 370
383 163874
383 2689
383 176411
383 48794
383 56116
383 10717
383 91361
383 79187
226394 3159
226394 8
226394 2697
226394 43
3159 154397
154397 95
154397 875
95 191068
95 349
95 220
95 8
95 369
191068 349
191068 220
349 5491
349 875
349 235345
349 19864
349 225562
349 7639
349 220
349 133100
349 3536
349 83435
5491 5322
5322 44423
5322 8
44423 54935
54935 875
875 235345
875 19864
875 225562
875 7639
875 220
875 10717
875 227336
235345 19864
235345 7639
19864 225562
19864 7639
225562 7639
7639 452941
7639 220
7639 8
7639 187021
7639 3536
452941 220
452941 317
220 62044
220 317
220 133100
220 97769
220 176411
220 48794
220 71858
220 369
220 93668
62044 8
62044 317
62044 2697
8 423095
8 133100
8 145320
8 154675
8 1
8 187021
8 19199
8 97769
8 72366
8 48794
423095 317
317 133100
317 377769
317 3536
317 10717
317 77900
133100 81644
133100 2697
133100 43
81644 25017
25017 10274
25017 43
10274 145320
145320 2697
145320 2689
145320 43
2697 195145
2697 2689
2697 176411
2697 56116
195145 8276
8276 47990
47990 154675
47990 370
154675 52922
52922 28006
28006 979
979 377769
979 101858
979 1
979 97769
979 26875
979 91361
979 207833
979 77900
377769 79653
377769 95899
377769 101858
377769 370
79653 375337
79653 370923
370923 284148
284148 366487
366487 241957
241957 297430
297430 95899
95899 353230
353230 280623
280623 229461
229461 160270
229461 257688
160270 160264
160264 318139
160264 252200
318139 101858
101858 259516
259516 285948
285948 160262
160262 314098
314098 372496
372496 324127
324127 252200
252200 274330
252200 192319
274330 192319
192319 257688
257688 308487
308487 1
1 165564
1 196666
196666 187021
187021 19199
19199 97769
19199 370
97769 370
97769 43
370 163874
370 2689
370 299
370 43
370 56116
370 91361
370 79187
370 132465
163874 2689
2689 176411
176411 299
176411 43
299 72366
299 48794
299 369
72366 22572
22572 48794
22572 43
48794 43
48794 369
43 71858
43 369
71858 3536
3536 369
369 56116
56116 8021
8021 26875
8021 16076
26875 10717
26875 8294
10717 91361
91361 13660
91361 8294
13660 207833
207833 227336
227336 93668
93668 77900
77900 8294
8294 107591
8294 79187
8294 75557
8294 16017
107591 56350
56350 79187
56350 83435
56350 75557
56350 16017
79187 16076
79187 75557
79187 16017
16076 83435
16076 75557
16076 16017
83435 75557
83435 16017
75557 16017
16017 132465
