171392 11027
171392 352
171392 370
171392 7782
171392 11711
171392 408
171392 465
171392 323
11027 68205
11027 6078
11027 408
11027 323
68205 91898
68205 4200
68205 7782
68205 14782
68205 408
91898 359074
91898 8294
359074 352
359074 1292
359074 5226
352 229184
352 430926
352 12042
352 10602
352 14782
352 11711
352 408
352 272978
352 205382
352 465
352 366979
352 87414
352 172720
229184 4200
229184 7782
229184 8294
4200 148977
4200 6078
148977 6078
148977 7782
148977 5792
148977 465
6078 41766
6078 10602
6078 11711
6078 408
6078 8294
6078 206
41766 229063
229063 1765
1765 242577
1765 27386
242577 142195
142195 231865
231865 13437
13437 348685
348685 3188
348685 370
348685 8294
348685 206
348685 465
348685 216
3188 436041
3188 408
3188 206
3188 27386
3188 1247
436041 370
436041 206
436041 43
436041 216
370 430926
370 10602
370 11711
370 408
370 220962
370 206
370 1247
370 205382
370 43
370 701
370 5226
430926 7782
430926 408
7782 12042
7782 14782
7782 11711
7782 213372
7782 408
7782 2185
7782 205382
7782 323
12042 10602
12042 11711
12042 408
10602 9533
10602 408
10602 206
9533 1033
1033 17834
17834 26906
17834 2185
17834 5226
26906 14782
26906 408
14782 11711
14782 408
14782 8294
11711 213372
11711 408
11711 8294
11711 2185
11711 465
213372 408
213372 8294
408 120523
408 206
408 465
408 323
120523 8294
8294 272978
8294 274984
8294 5226
272978 13920
13920 220962
13920 42647
220962 1292
220962 206
220962 1247
220962 2185
220962 465
220962 43
220962 5226
1292 274984
1292 5657
1292 199075
1292 5226
1292 172720
274984 206
274984 465
206 42141
206 1247
206 4156
206 205382
206 5657
206 199075
206 262927
206 41003
206 87414
206 701
206 5793
206 323
206 7275
206 172720
42141 27386
27386 42647
42647 120163
120163 99545
99545 5792
99545 701
99545 10174
5792 315186
5792 205382
5792 5657
315186 1247
315186 465
1247 258059
1247 5657
1247 31771
1247 701
1247 5226
258059 258058
258059 5226
258058 1926
1926 4156
4156 7481
4156 43
7481 2185
7481 465
7481 5226
2185 205382
2185 5657
2185 465
2185 5226
205382 5657
205382 465
5657 465
5657 5226
465 149524
465 366979
465 216
465 701
465 138454
465 5226
366979 4134
366979 43
4134 199075
4134 323
4134 7275
199075 4421
199075 43
199075 323
199075 5226
4421 262927
4421 41003
4421 17107
4421 323
262927 41003
41003 17107
41003 43
41003 323
17107 43
43 87414
43 701
87414 216
87414 323
216 301579
216 172720
301579 39377
39377 416702
39377 84344
84344 18388
18388 378411
378411 126260
126260 86379
126260 4875
86379 375312
86379 4904
86379 34279
375312 4904
4904 322354
322354 34279
34279 61449
34279 4875
34279 14551
61449 4875
4875 125763
4875 14551
125763 14551
14551 31771
31771 701
701 27656
701 32924
701 5226
27656 1630
1630 26271
26271 32924
32924 10174
10174 5793
5793 399057
399057 323
323 7275
7275 138454
138454 5226
5226 172720
172720 11931
