108884 6268
6268 2901
6268 240
6268 370
2901 240
2901 2935
2901 54449
240 13745
240 38001
240 54446
240 2870
240 217219
240 144011
13745 2935
2935 38001
2935 54446
2935 2827
38001 54446
38001 51732
38001 1858
54446 51732
51732 54449
51732 2870
54449 182443
182443 52501
52501 268061
268061 2870
2870 217219
2870 144011
217219 40216
40216 108900
40216 370
108900 2827
2827 181141
181141 144011
144011 290907
144011 370
290907 1276
290907 220
1276 40895
1276 117957
1276 80444
1276 5795
1276 349
1276 134553
1276 40983
1276 143531
1276 124383
1276 397057
1276 155631
1276 50122
1276 306
1276 27386
1276 25408
40895 139593
40895 143590
40895 115800
40895 370
139593 285142
139593 143590
139593 139729
139593 115800
139593 40879
285142 143590
285142 115800
143590 139729
143590 115800
143590 40879
139729 41596
139729 115800
41596 115800
41596 139730
41596 1858
41596 220
115800 40879
139730 40879
40879 1296
40879 891
1296 94088
94088 14902
94088 703
94088 220
14902 3268
14902 349
14902 220
3268 5121
3268 220
5121 117957
5121 80444
5121 220
5121 75080
117957 113540
117957 349
117957 306
113540 80444
80444 5795
5795 71851
5795 859
5795 122736
5795 1858
5795 220
5795 25408
5795 75080
71851 859
71851 55539
71851 349
71851 220
859 55539
55539 78048
55539 349
55539 220
78048 13048
78048 220
13048 349
13048 106
13048 220
349 32934
349 40983
349 171818
349 124383
349 92995
349 220
349 75080
32934 122736
32934 220
122736 80040
122736 370
80040 2134
2134 134553
134553 6650
134553 10101
134553 106
134553 489
134553 220
134553 306
6650 305542
6650 40983
6650 489
305542 370
40983 93150
40983 143531
40983 124383
40983 92995
93150 40991
93150 124383
93150 220
40991 143531
40991 171818
40991 124383
40991 92995
40991 220
143531 171818
143531 124383
143531 220
171818 124383
124383 92995
124383 220
124383 370
92995 70293
92995 220
70293 125386
70293 703
70293 489
70293 50122
125386 86290
125386 220
86290 10101
86290 220
86290 370
10101 155526
155526 1858
1858 231171
231171 703
703 148594
703 489
703 4433
703 370
703 75080
148594 30206
30206 891
30206 220
891 397057
891 11564
397057 3131
3131 106
106 866
866 1680
866 489
866 220
1680 155631
1680 306
155631 489
155631 306
489 194208
489 4433
489 220
489 50122
489 76474
194208 4433
194208 220
4433 190304
190304 220
220 158880
220 25408
220 75080
158880 50122
50122 109722
50122 370
50122 21864
109722 109723
109723 306
109723 370
306 11564
11564 232755
232755 86259
86259 34613
34613 109211
109211 95635
95635 370
370 76474
370 25408
76474 229121
229121 21864
21864 27386
27386 25408
25408 75080
