387264 162218
387264 6948
162218 86665
86665 251044
251044 260477
251044 57100
260477 35216
35216 288541
35216 138
35216 383
35216 6948
288541 288542
288541 6948
288542 74532
288542 7590
74532 264295
74532 36384
74532 189802
74532 331698
74532 189798
74532 144621
264295 36384
264295 6948
36384 42937
36384 138
36384 31448
36384 189802
36384 189798
36384 144621
36384 34852
36384 7590
36384 383
36384 370
42937 31022
42937 89567
31022 11872
31022 138
31022 317
31022 31448
31022 7590
11872 417281
11872 13513
417281 13513
13513 400142
13513 435023
400142 138
400142 383
400142 370
138 326103
138 5401
138 108943
138 59
138 435023
138 30661
138 362616
138 36229
138 36251
138 37084
138 34852
138 7590
138 233855
138 32986
138 63454
138 490
138 125384
138 62092
138 370
138 225666
5401 43
5401 59
5401 383
5401 370
43 108943
43 451913
43 59
43 36251
43 34852
43 63454
43 490
43 125384
43 62092
43 370
108943 130779
108943 383
130779 10288
10288 231243
10288 383
231243 317
317 451913
317 194684
317 71411
317 201756
317 80236
317 435023
317 490
451913 31617
31617 194684
31617 32986
194684 352
352 71411
352 242463
352 10033
352 59
352 9903
71411 242463
10033 27237
27237 16995
16995 86402
86402 167443
167443 59
59 201756
59 9903
59 31448
59 34852
59 383
59 370
201756 9903
9903 80236
80236 222
80236 383
222 435023
435023 4433
4433 397654
397654 172247
172247 352235
352235 285175
285175 86756
285175 6948
86756 31448
31448 30661
31448 39369
31448 37084
31448 325440
31448 189798
31448 34852
31448 7590
31448 32986
30661 36243
30661 36229
30661 36251
30661 383
30661 370
36243 362616
36243 37084
36243 195020
362616 36229
362616 62940
362616 383
36229 39369
36229 37084
36229 77498
36229 269411
36229 62940
36229 383
36229 6948
39369 67548
39369 37084
39369 6948
67548 36251
67548 37084
67548 77498
67548 62940
67548 6948
36251 37084
36251 77498
36251 383
37084 77498
37084 7590
37084 62940
37084 383
37084 370
37084 6948
77498 195020
77498 62940
77498 6948
195020 269411
195020 55185
269411 57100
269411 62940
269411 383
57100 84579
57100 189802
57100 325440
57100 293552
189802 325440
189802 172888
189802 7590
189802 6948
325440 7590
325440 6948
325440 55185
172888 331698
172888 144628
172888 7590
172888 6948
331698 189798
189798 144628
189798 7590
144628 144621
144628 7590
144628 6948
144621 33451
144621 7590
144621 6948
33451 89567
33451 7590
33451 383
33451 6948
89567 34852
89567 7590
89567 6948
89567 55185
34852 293552
34852 7590
34852 233855
34852 62940
34852 383
34852 370
293552 7590
7590 233855
7590 32986
7590 383
233855 297660
233855 383
233855 370
233855 6948
297660 62940
297660 383
297660 6948
62940 32986
62940 55571
62940 63454
32986 55571
32986 383
32986 6948
55571 63454
63454 490
63454 383
63454 370
63454 6948
490 125384
125384 383
383 62092
383 370
383 225666
62092 370
370 225666
225666 62209
62209 387655
62209 70106
62209 33650
387655 39510
39510 70106
39510 166441
39510 33650
70106 37527
70106 33650
37527 166441
166441 33650
33650 258799
258799 56860
56860 328040
328040 6948
6948 217512
217512 55185
