375680 1292
1292 195549
195549 541
195549 2397
541 245477
541 80890
541 33514
541 2397
245477 80890
80890 50157
50157 93747
50157 3297
50157 44329
93747 18736
18736 33514
18736 26481
18736 12695
18736 44329
33514 3297
33514 13328
3297 26481
3297 12695
26481 12695
26481 79189
26481 13328
12695 79189
12695 44329
79189 182041
79189 13328
79189 339
182041 44329
44329 13328
13328 54525
54525 88502
88502 1585
1585 13349
13349 30431
30431 214177
214177 7627
7627 405806
405806 4730
4730 79891
4730 18579
79891 255022
79891 981
255022 981
981 52052
981 112445
981 48702
52052 112445
112445 49499
112445 48702
49499 102943
102943 95165
102943 48702
95165 48702
48702 114654
114654 105314
105314 64625
64625 140598
140598 407053
407053 50782
50782 23823
23823 18579
23823 339
18579 339
339 352107
339 67092
339 2397
352107 8122
8122 5006
8122 388372
8122 679
5006 388372
5006 679
5006 73355
388372 679
679 21996
21996 224695
224695 28304
224695 11895
28304 397783
28304 20134
28304 20348
28304 20128
28304 231586
397783 20134
397783 20348
20134 20348
20134 20128
20348 72294
20348 20128
20348 20133
20348 114976
72294 67092
72294 345140
67092 345140
67092 38596
67092 2397
38596 20128
38596 114976
20128 20126
20128 20189
20128 87728
20128 20133
20128 20149
20128 4699
20128 114976
20126 20189
20126 20133
20126 20149
20126 4699
20189 87728
20189 20133
20189 20149
20189 4699
87728 20133
87728 4699
20133 20149
20133 4699
20149 4699
4699 3430
3430 2397
2397 231586
231586 114976
231586 11895
11895 106223
106223 21966
21966 73355
73355 16362
16362 245587
16362 69712
245587 31234
245587 72207
31234 79098
31234 69712
79098 352746
79098 72207
352746 28108
352746 72207
28108 69712
69712 72207
72207 59968
59968 31841
59968 61560
31841 167663
31841 61560
31841 99471
167663 61560
61560 66927
66927 99471
99471 58088
58088 72726
72726 53297
53297 20972
20972 14576
14576 354358
14576 56770
354358 56770
56770 355307
355307 57138
57138 377311
377311 124562
124562 124555
