3882 10967
3882 28404
3882 220
28404 9446
28404 213
9446 5974
9446 213
9446 88
9446 205
9446 759
9446 987
9446 998
5974 5948
5974 213
5974 357
5974 987
5974 998
5974 30085
5948 42885
5948 78774
5948 396
5948 27368
5948 503
42885 78774
42885 213
78774 213
213 251142
213 221069
213 86250
213 251241
213 5209
213 5211
213 88015
213 140695
213 42107
213 20074
213 408
213 503
213 151687
213 16772
213 146228
213 11559
213 30085
251142 1503
1503 135753
1503 2179
1503 221069
1503 5716
1503 142009
1503 43445
1503 16088
1503 86250
1503 248732
1503 205
1503 88015
1503 27368
1503 213577
1503 218358
1503 8208
1503 10753
1503 194624
1503 503
1503 356536
1503 818
1503 151687
1503 16772
1503 146228
1503 154550
135753 123144
135753 5716
135753 88
123144 2179
123144 5716
2179 221069
2179 48300
2179 142009
2179 16088
2179 86250
2179 396
2179 5211
2179 33544
2179 210713
2179 4368
2179 503
2179 51275
2179 151687
2179 43683
2179 16772
221069 10445
221069 408
221069 503
221069 4289
221069 818
10445 48300
10445 4368
10445 4289
10445 818
48300 5716
48300 44862
48300 205
5716 142009
5716 86250
5716 205
5716 33544
5716 51275
5716 16772
142009 44862
44862 43445
43445 16088
43445 83397
43445 10753
43445 408
43445 503
43445 4289
43445 51275
16088 86250
16088 4368
86250 396
86250 205
396 251241
396 119561
396 5209
396 326221
396 88015
396 27368
396 503
251241 88
251241 205
88 248732
88 3489
88 4368
88 356536
88 146228
88 30085
248732 205
205 119561
205 5209
205 88015
205 408518
205 3489
205 8208
205 503
205 818
205 151687
205 146228
119561 5209
5209 326221
5209 5211
326221 5211
5211 312768
312768 88015
88015 135734
88015 161
135734 9638
135734 96792
9638 96792
96792 759
96792 161
759 402991
759 140695
759 20074
759 408
759 43683
759 4668
402991 357
357 120897
120897 45651
120897 220
45651 101223
45651 27368
101223 27368
27368 987
27368 998
987 213577
987 998
987 43683
987 11559
987 30085
213577 408518
3489 7288
3489 503
3489 220
7288 225521
7288 4668
225521 40012
225521 818
40012 218358
218358 8208
218358 4289
8208 155770
8208 408
8208 503
8208 51275
8208 818
155770 43075
155770 408
155770 503
155770 4289
43075 83397
43075 503
83397 140695
83397 10753
140695 10753
140695 161
10753 42107
10753 210713
10753 408
10753 4289
10753 818
42107 20074
20074 80773
80773 73750
73750 49544
49544 3398
49544 408
49544 4368
3398 33544
33544 210713
210713 408
210713 4289
408 194624
408 4368
408 503
408 356536
408 4289
408 51275
408 818
408 161
194624 4368
4368 137678
4368 503
4368 51275
4368 818
4368 220
137678 503
137678 4289
503 356536
503 4289
503 51275
503 818
503 161
503 220
356536 4289
356536 818
4289 51275
4289 818
4289 19802
51275 818
818 151687
151687 998
151687 220
998 43683
43683 16772
16772 146228
16772 205487
146228 161
161 205487
161 61951
205487 61951
205487 187
61951 187
61951 220
187 19802
187 220
19802 6289
6289 2945
2945 10627
10627 4668
10627 220
4668 19590
4668 220
4668 11559
19590 12043
12043 4428
4428 197872
197872 90846
90846 220
220 154550
220 30085
154550 11559
11559 202892
202892 329217
329217 30085
