327917 19567
19567 81280
81280 88109
81280 93861
81280 3549
88109 96686
96686 93861
93861 16133
16133 8571
16133 216
16133 322
16133 13446
16133 327
16133 221
8571 75037
8571 431
8571 327
75037 214170
75037 221
214170 216
214170 221
216 168666
216 322
216 281874
216 80679
216 19
216 13446
216 2055
216 88778
216 36252
216 61920
168666 431
168666 322
168666 19
168666 327
168666 2055
168666 1062
431 38138
431 322
431 327
431 194763
431 81660
431 221
38138 322
38138 1062
322 281874
322 572
322 13483
322 327
322 194763
322 2055
322 30505
322 1062
322 88778
281874 703
703 94362
703 572
703 7782
703 3549
703 19
703 198533
703 327
703 221
94362 572
94362 221
572 148747
148747 7782
148747 3549
7782 80679
7782 123944
7782 8391
7782 3549
7782 23946
7782 1062
80679 8399
80679 10374
8399 123944
8399 3549
123944 8391
123944 3549
8391 3549
8391 13483
8391 23946
8391 17188
8391 5232
8391 13746
3549 13483
3549 23946
3549 17188
3549 22236
3549 25506
3549 35837
13483 227924
13483 23946
13483 62350
13483 54292
227924 37437
227924 5232
37437 23946
37437 17188
23946 62350
62350 17188
62350 5795
62350 54292
62350 5232
62350 327
62350 1062
17188 166728
17188 54292
166728 74355
74355 26090
26090 176535
26090 90442
26090 13746
176535 5795
176535 13746
5795 54292
5795 5232
5795 90442
54292 5232
5232 90442
5232 1062
90442 13746
13746 405
13746 82722
13746 17460
405 82722
82722 17460
17460 211107
211107 22236
22236 25506
25506 16011
16011 10374
16011 35837
10374 35837
35837 16307
35837 1062
16307 188026
16307 47934
188026 19
19 72438
19 4063
19 23312
19 327
19 194763
19 221
19 2055
19 30505
19 1062
72438 13255
72438 1062
13255 283620
283620 69488
69488 11468
11468 79547
79547 163370
163370 13446
13446 44472
13446 70191
44472 4063
4063 14822
4063 1062
14822 27494
27494 25116
27494 23312
27494 42611
25116 29002
29002 47934
29002 12937
29002 1062
47934 12937
47934 1062
12937 23312
12937 2055
12937 1062
23312 42611
23312 1062
42611 198533
198533 327
198533 11569
327 194763
327 81660
327 221
327 27541
327 30423
327 42942
327 194503
194763 2055
194763 1062
81660 154546
154546 221
221 344242
221 194503
344242 2055
2055 30505
2055 1062
2055 88778
2055 36252
2055 365626
2055 61920
2055 194503
30505 1062
30505 61318
1062 88778
1062 61318
1062 182372
1062 194503
36252 365626
36252 61318
365626 61318
61318 61920
61920 187125
187125 331317
331317 84320
84320 73235
73235 2462
2462 27541
27541 23463
23463 30423
30423 42942
30423 11569
11569 182372
182372 152989
152989 70191
70191 194503
