435820 88
88 311399
88 465
88 386402
88 369185
88 139944
88 2185
88 191013
88 2156
88 23973
88 4310
88 55813
88 8485
88 6948
88 7721
88 50212
88 128382
88 519
88 13133
88 77965
88 6
88 235505
88 121428
88 4367
88 4971
88 305990
88 179089
88 1881
311399 465
311399 352
311399 317
311399 1503
465 386402
465 369185
465 352
465 2185
465 23973
465 95656
465 327
465 10170
465 317
465 50212
465 519
465 13133
465 73153
465 56305
465 235505
465 121428
465 305990
465 214
369185 352
369185 1881
352 139944
352 23973
352 55813
352 171441
352 13642
352 30399
352 14199
352 14210
352 29620
352 2617
352 24873
352 215341
352 252487
352 1503
352 197571
352 4971
352 179089
352 450123
139944 2185
2185 191013
2185 327
2185 519
2185 73153
2185 56305
2185 305990
2185 214
191013 2156
191013 214
191013 1881
2156 23973
2156 6948
2156 7721
2156 50212
2156 128382
2156 519
2156 235505
2156 4971
23973 10191
23973 519
23973 13133
10191 4310
10191 1503
4310 2817
4310 39628
4310 55813
4310 4367
4310 3789
2817 39628
2817 983
2817 645
2817 1426
2817 1503
39628 55813
55813 9590
55813 519
55813 42
9590 95656
9590 3789
95656 1286
95656 519
95656 1503
1286 171441
1286 335
1286 8764
1286 6
1286 206
1286 235505
1286 1503
171441 335
171441 317
171441 206
171441 1503
335 107055
335 8764
335 271105
335 50212
335 216654
335 61340
335 235505
335 197571
335 179089
107055 983
107055 6
107055 206
107055 1503
983 13642
983 30399
983 75878
13642 317
13642 42
30399 14199
30399 1426
30399 1503
14199 14210
14199 645
14199 327
14199 1503
14210 295168
14210 645
14210 327
14210 317
295168 645
645 29620
645 327
645 206
645 42
29620 327
29620 1426
29620 6
29620 1503
327 114665
327 8485
327 2617
327 252487
327 4971
114665 828
114665 206
8485 10170
10170 1666
10170 5031
1666 5031
5031 1426
5031 206
1426 2617
1426 42
2617 24873
2617 1881
24873 439491
24873 317
439491 5496
5496 22126
5496 215341
22126 215341
215341 317
215341 214
317 75878
317 252487
317 121428
317 197571
317 179089
317 450123
317 1881
75878 8764
75878 8928
8764 271105
8764 206
8764 1503
271105 8928
271105 6948
271105 206
8928 105025
8928 145208
105025 145208
105025 6948
145208 6948
145208 1503
6948 60079
6948 291325
6948 392941
6948 519
6948 6
6948 42
60079 6942
6942 291325
291325 37563
37563 392941
392941 34268
34268 31670
31670 27747
27747 341948
341948 52551
52551 7721
7721 50212
7721 6
50212 25477
50212 6
50212 42
50212 1881
25477 216654
25477 6
216654 128382
128382 519
128382 1881
519 13133
519 73153
519 206
519 235505
519 121428
519 1503
519 4367
519 214
519 1881
13133 73153
73153 56305
56305 77965
77965 11339
77965 1503
11339 85442
11339 206
11339 235505
85442 828
85442 206
85442 1503
828 252487
828 206
828 235505
828 197571
828 4367
252487 2696
252487 6
252487 1503
2696 255664
2696 6
2696 206
2696 235505
2696 42
255664 6
255664 206
255664 42
255664 1503
6 237194
6 61340
6 235505
6 197571
6 4971
237194 206
206 61340
206 235505
206 197571
61340 1503
235505 42
235505 1503
235505 214
235505 1881
42 121428
42 197571
42 3944
42 134152
121428 1503
1503 197571
1503 179089
197571 3944
3944 4367
4367 3789
3789 134152
134152 4971
4971 17811
4971 214
4971 1881
17811 11902
11902 305990
305990 13910
13910 179089
179089 214
214 450123
450123 1881
