197253 204851
204851 213
213 140585
213 56042
213 960
213 95657
213 316
213 22806
213 46922
213 53685
213 79424
140585 56042
140585 211
56042 276421
276421 75365
75365 411165
411165 310
310 272908
310 316
272908 7698
7698 315206
7698 189067
7698 95657
315206 960
960 189067
960 25269
960 1597
960 95657
960 211
960 94461
960 38612
189067 134486
134486 34489
34489 25269
25269 5736
25269 19737
5736 1597
1597 12092
1597 7038
12092 15097
15097 14803
14803 99016
14803 27252
99016 27252
27252 13306
13306 242465
242465 4386
4386 95657
95657 435
435 1921
1921 19737
1921 316
1921 211
1921 987
19737 7038
19737 987
7038 316
7038 987
316 251273
316 104230
316 211
316 987
316 53686
104230 211
211 94461
211 96798
211 2673
94461 24236
24236 178634
24236 34746
178634 34746
34746 38612
38612 38631
38612 3765
38612 3726
38612 22734
38612 20230
38612 2673
38631 127227
38631 20230
38631 96798
127227 142680
142680 192078
192078 22779
22779 287637
22779 3765
22779 324438
22779 22806
22779 90746
22779 229248
22779 118211
22779 3726
22779 46922
22779 16604
22779 91548
22779 250472
22779 20263
22779 2673
287637 43605
287637 3765
287637 3726
287637 22734
43605 3765
43605 22734
3765 324438
3765 22806
3765 90746
3765 229248
3765 118211
3765 3726
3765 88408
3765 16604
3765 94784
3765 250472
3765 20263
3765 22734
3765 2673
324438 22806
324438 3726
22806 90746
22806 3726
22806 11794
22806 46922
22806 16604
22806 91548
22806 250472
22806 22734
22806 2673
90746 229248
90746 3726
90746 88408
90746 16604
229248 89191
229248 3726
229248 2673
89191 118211
89191 16604
118211 117340
118211 3726
118211 22734
3726 145467
3726 104731
3726 22826
3726 22795
3726 11794
3726 28301
3726 16604
3726 91548
3726 94784
3726 250472
3726 20263
3726 22734
3726 46549
3726 96798
3726 2673
145467 104731
104731 67097
104731 43603
67097 22826
67097 43603
22826 43603
22826 22795
22826 16604
22826 20263
43603 22795
43603 11794
43603 28301
43603 16604
22795 11794
22795 28301
22795 16604
11794 28301
11794 16604
28301 46922
28301 16604
28301 22734
28301 2673
46922 88408
46922 91548
46922 94784
46922 250472
88408 16604
16604 91548
16604 20263
16604 22734
16604 2673
91548 94784
91548 20263
91548 2673
94784 250472
250472 20263
20263 22734
20263 2673
22734 20230
22734 46549
22734 2673
20230 46549
20230 96798
96798 2673
2673 987
987 53686
53686 53685
53685 79424
79424 174229
174229 329551
329551 34977
34977 20959
20959 322198
322198 52548
322198 24143
52548 24143
24143 346479
24143 24161
346479 24161
24161 113686
113686 36055
36055 35003
35003 127185
35003 215142
35003 35006
127185 215142
215142 35006
35006 37486
37486 194190
194190 4915
4915 362350
