126887 23476
23476 50672
50672 759
759 196423
759 3447
759 34402
759 5882
759 22879
196423 1205
196423 8
1205 7118
1205 119365
1205 22879
7118 6075
7118 407
7118 383
7118 677
6075 137939
6075 407
6075 4372
137939 407
137939 677
407 171414
407 4372
407 51247
407 203206
407 3447
407 105956
407 41171
407 8
407 117246
407 188
407 677
407 5870
407 4384
407 5859
171414 4372
171414 677
4372 51247
4372 203206
4372 4730
4372 1276
4372 8
4372 1062
4372 677
51247 31171
51247 677
31171 203206
31171 81090
203206 141551
203206 1276
203206 138
203206 8
203206 188
203206 1062
203206 677
141551 12522
141551 1276
141551 2055
141551 1291
141551 1062
141551 677
12522 324927
12522 59721
324927 4730
324927 3015
4730 56165
4730 3786
56165 91260
56165 8
91260 26920
26920 67681
26920 26936
26920 7533
26920 8
26920 1062
67681 26936
67681 7533
67681 138
67681 383
67681 8
67681 1062
26936 7533
26936 1276
26936 8
7533 106458
7533 75184
7533 31213
106458 1276
106458 2055
106458 1062
1276 3447
1276 138
1276 376220
1276 348209
1276 8
1276 510
1276 117246
1276 81090
1276 1062
3447 280773
3447 87801
3447 8
3447 42
3447 1062
280773 213015
213015 105325
105325 21656
105325 21606
21656 228635
21656 21606
21656 119963
228635 21606
21606 119963
119963 87801
87801 2055
87801 383
87801 1062
2055 77567
2055 138
2055 75184
2055 109678
2055 141952
2055 73943
2055 117246
2055 2700
2055 81090
2055 1062
77567 55319
55319 138
55319 8
138 332070
138 75184
138 121213
138 141952
138 73943
138 348209
138 1291
138 119365
138 510
138 117246
138 2700
332070 7922
7922 75184
75184 31213
75184 383
75184 1062
31213 385774
31213 55970
385774 94355
94355 357200
357200 55970
55970 374121
55970 14633
14633 60159
60159 281275
60159 108752
108752 3786
3786 59721
59721 3015
3015 105957
105957 105958
105957 105956
105958 105956
105956 41171
105956 677
41171 252128
41171 677
252128 383
252128 8
252128 677
383 121213
383 109678
383 141952
383 73943
383 1291
383 119365
383 117246
383 2700
383 81090
383 1915
383 335265
383 1062
383 22879
121213 109678
121213 10005
109678 141952
109678 73943
109678 10005
141952 73943
141952 10005
141952 1062
73943 10005
73943 42
10005 376220
348209 1291
348209 677
1291 119365
1291 117246
1291 1062
119365 8
119365 1062
8 418168
8 510
8 117246
8 2700
8 81090
8 188
8 34402
8 1062
8 209494
8 22879
418168 510
510 193772
510 677
193772 7694
7694 65851
65851 42
42 117246
117246 2700
117246 1062
2700 81090
2700 188
2700 47768
2700 1062
81090 188
81090 1062
81090 677
188 1915
1915 47768
1915 110483
47768 34402
47768 28593
47768 1062
34402 110483
34402 28593
110483 82042
110483 1062
82042 28593
28593 335265
335265 1062
1062 450966
1062 209494
1062 5882
1062 22879
450966 11444
11444 209494
209494 677
677 5870
677 5859
5870 4384
5870 5859
5870 5882
4384 5859
5859 207105
5859 5882
5882 22879
