62754 62747
62747 62750
62750 107834
62750 42343
62750 24894
62750 465
107834 38011
107834 42343
38011 42343
42343 129877
42343 24894
42343 317
42343 465
129877 24894
24894 131058
131058 6844
6844 6864
6844 51119
6864 49302
6864 29559
6864 317
6864 465
49302 33413
33413 70422
70422 70413
70422 70332
70413 98933
70413 161118
70413 70332
70413 70338
98933 161121
98933 161116
98933 70333
161121 161118
161121 70332
161121 70338
161118 161116
161118 70332
161116 70332
161116 70338
161116 70333
70332 100624
70332 70338
100624 70338
100624 70333
70338 390064
70338 72773
390064 70333
70333 72773
72773 8942
8942 122456
8942 176532
8942 300895
122456 289889
122456 4259
289889 133335
133335 389561
133335 68278
389561 68278
68278 262379
68278 68280
68278 195138
68278 355975
68278 160383
262379 68280
262379 160383
68280 195138
68280 160383
195138 67792
67792 355975
355975 160383
160383 84012
160383 317
160383 465
84012 491
84012 465
491 51119
491 29559
51119 141857
141857 29559
29559 10548
10548 21286
21286 27794
21286 317
27794 7400
7400 26066
7400 410
26066 410
410 94017
410 176532
176532 39073
176532 4259
39073 47949
47949 3079
47949 317
3079 138941
3079 1553
138941 196073
138941 39043
196073 39043
196073 73361
196073 3068
196073 1553
196073 2278
39043 314295
39043 3068
39043 1553
314295 73361
73361 106292
73361 1553
106292 3068
106292 1553
3068 222284
3068 1553
3068 2278
3068 132729
222284 1553
222284 2278
1553 199136
1553 2278
199136 2278
2278 132729
2278 317
132729 317
317 371780
317 108561
317 217270
317 5082
317 2177
317 465
317 45183
371780 211964
211964 16013
16013 108561
16013 217270
217270 3398
217270 4259
3398 52992
52992 5082
52992 485
5082 485
5082 2179
5082 4259
485 96568
485 2179
96568 58353
96568 17122
58353 121304
58353 17122
121304 186319
186319 17122
17122 333395
17122 25784
333395 25784
25784 56604
56604 58292
58292 153726
153726 41665
41665 14527
14527 2179
2179 206354
2179 45183
206354 2177
206354 465
2177 294942
2177 465
2177 45183
294942 4259
4259 300895
300895 154093
300895 465
154093 59542
59542 352119
352119 224560
224560 224564
224564 465
465 45183
