272942 174811
174811 244997
244997 78657
78657 3619
3619 7892
7892 10423
7892 623
10423 2156
10423 4061
2156 247299
2156 126299
2156 7721
2156 13825
247299 1276
1276 239403
1276 398254
1276 84376
1276 28398
1276 2436
1276 7721
1276 13825
1276 46379
239403 186
239403 206
239403 383
186 297413
186 93730
186 398254
297413 216
216 220778
216 19
216 12622
216 2436
216 7721
220778 19
220778 206
19 179899
19 9719
19 2457
179899 93730
179899 206
179899 383
206 105905
206 12636
206 12622
206 383
206 56578
206 111252
206 120348
206 2457
206 103589
206 10241
206 98478
206 11331
206 28398
206 13825
105905 12636
12636 12622
12622 1348
1348 9719
9719 623
9719 2436
623 62843
623 26526
623 2371
623 2436
62843 42373
62843 2371
62843 2370
42373 96374
42373 46452
42373 26526
42373 20733
96374 46452
96374 2370
46452 26526
46452 2371
46452 18575
46452 2370
26526 2371
26526 125656
26526 20733
26526 18575
26526 126299
26526 46460
26526 2370
2371 125656
2371 19844
2371 28584
2371 126299
2371 46460
2371 2370
125656 19844
125656 20733
125656 18575
125656 46460
125656 2370
19844 136459
19844 20733
19844 161681
19844 126299
19844 46460
19844 2370
19844 232385
19844 308842
136459 20733
136459 28584
136459 18575
20733 24830
20733 18575
20733 126299
20733 2370
20733 232385
24830 28584
28584 161681
28584 18575
161681 18575
161681 2370
18575 126299
18575 46460
126299 46460
126299 2370
46460 2370
2370 50676
50676 232385
308842 383
383 398254
383 111252
383 2457
383 8155
383 102293
383 10074
383 10241
383 98478
383 11331
398254 70190
70190 56578
56578 77133
77133 111252
111252 139725
139725 80564
80564 319538
80564 120348
80564 1820
80564 11888
80564 1793
80564 175439
319538 133664
133664 120348
133664 1793
120348 188314
188314 231834
231834 1820
1820 89920
1820 364707
1820 1793
89920 390351
89920 377080
89920 45759
89920 1793
390351 11888
377080 45759
377080 11888
377080 1793
45759 49519
45759 1793
45759 10110
49519 11888
49519 1793
11888 364707
11888 144606
11888 175439
364707 144606
144606 1793
1793 2457
1793 38080
1793 10110
2457 38080
38080 175439
175439 103589
103589 11213
11213 8155
8155 26819
26819 193825
193825 102293
102293 84376
84376 14180
14180 16083
16083 10074
10074 10110
10110 52242
10110 98478
52242 11407
52242 11331
11407 10241
11407 98478
11407 11331
10241 11331
98478 11331
11331 4061
11331 28398
4061 28398
28398 2436
2436 7721
2436 13825
7721 13825
13825 27487
27487 46379
46379 8756
8756 52326
52326 28138
28138 116142
28138 69120
116142 69120
69120 4880
