288261 16452
16452 270557
16452 93024
16452 43944
16452 140889
16452 62225
16452 100223
16452 183968
270557 246394
270557 7533
246394 126181
126181 109348
109348 10078
10078 112403
112403 69727
112403 7533
69727 93024
69727 1298
93024 85768
93024 7533
93024 2662
93024 1988
93024 1503
93024 2670
85768 124243
124243 63724
124243 7533
63724 301258
63724 34719
301258 34719
34719 77396
77396 22630
22630 14616
22630 7533
22630 34797
22630 2662
22630 1503
22630 2670
22630 81
22630 1247
14616 44451
14616 115662
14616 7533
14616 58138
14616 100223
14616 34797
14616 1503
14616 322
14616 1247
44451 44438
44438 115662
44438 7533
115662 43944
115662 322
43944 140889
43944 7533
43944 34797
43944 1503
43944 2670
140889 7533
7533 62225
7533 58138
7533 100223
7533 183968
62225 58138
62225 1988
62225 1503
62225 322
100223 34797
100223 2670
100223 322
34797 183968
183968 5011
183968 2670
5011 215393
5011 1503
215393 21984
215393 2662
215393 1503
215393 2670
215393 1247
21984 155008
21984 1503
155008 2662
155008 1267
155008 1247
2662 330219
2662 313653
2662 1503
2662 1647
2662 202894
2662 1247
2662 1298
2662 24335
330219 7691
7691 313653
313653 1988
313653 1503
1988 396067
1988 1503
1988 151807
1988 1247
1988 121653
396067 78538
78538 1503
78538 1267
1503 378013
1503 183397
1503 234104
1503 5628
1503 179005
1503 2670
1503 202894
1503 269881
1503 26209
1503 18737
1503 101298
1503 23761
1503 119784
1503 121653
1503 257647
1503 47510
1503 1298
378013 4526
4526 380612
4526 180014
380612 183397
183397 54273
54273 24565
24565 79221
24565 83483
24565 151807
24565 9341
79221 83483
79221 26415
83483 26415
26415 151807
151807 9341
9341 14859
14859 362
14859 2294
14859 1267
14859 81
362 2294
362 6103
362 14534
2294 6103
2294 1298
6103 14534
14534 1267
1267 234104
1267 91411
234104 1647
234104 322
1647 39548
1647 135531
1647 120973
1647 180014
39548 135531
135531 5628
5628 120973
5628 179005
120973 42154
42154 179005
179005 2670
2670 202894
2670 81
2670 18737
2670 1247
2670 119784
2670 257647
2670 1298
202894 322
202894 1247
322 269881
322 18737
322 1247
322 119784
322 121653
322 257647
322 1298
322 200941
322 42055
269881 81
81 26209
81 121653
81 1298
81 79418
81 24335
26209 82884
82884 213219
213219 18737
213219 1247
18737 180014
180014 1247
1247 101298
1247 23761
1247 200941
101298 5822
5822 386813
386813 23761
23761 119784
23761 42055
257647 47510
47510 1298
1298 79418
1298 42055
1298 24335
79418 91411
79418 177212
79418 143027
79418 53820
79418 200941
79418 228539
79418 142962
79418 42055
91411 177212
177212 183656
177212 125049
183656 143027
143027 53820
143027 125049
53820 200941
53820 228539
53820 53860
53820 125049
53820 142962
200941 152996
200941 125049
152996 228539
152996 53860
228539 53860
228539 125049
53860 125049
125049 142962
142962 42055
42055 24335
