200192 519
200192 1503
200192 463
200192 56748
519 11534
519 54973
519 9855
519 89807
519 677
519 47566
519 54305
519 51206
519 265638
519 1503
519 42474
519 67203
519 463
519 60503
519 70290
11534 51630
11534 4344
11534 503
11534 11044
11534 677
11534 383
11534 1503
11534 463
11534 4821
11534 2662
11534 301
51630 8021
51630 677
8021 172379
8021 83094
8021 548
172379 106311
172379 503
172379 11044
172379 677
106311 4344
106311 1503
4344 54973
4344 9855
4344 89807
4344 79758
4344 210689
4344 503
4344 11044
4344 677
4344 383
4344 10896
4344 4642
4344 1503
4344 4821
4344 2662
4344 11128
4344 548
4344 301
54973 69377
54973 1503
54973 36808
69377 9855
69377 79758
69377 503
69377 11044
69377 677
69377 383
69377 1503
69377 2662
9855 89807
9855 11044
9855 677
9855 4642
9855 1503
9855 2662
89807 79758
89807 677
89807 2780
89807 383
89807 2085
89807 4642
89807 1503
89807 36808
89807 463
89807 4821
89807 2662
79758 83094
79758 11044
79758 383
79758 1503
79758 2662
79758 301
83094 46063
83094 677
83094 383
83094 10896
83094 1503
83094 36808
83094 301
46063 210689
210689 503
210689 677
210689 1503
503 209288
503 11044
503 296747
503 677
503 383
503 10896
503 14992
503 51206
503 23569
503 205774
503 1503
503 616
503 70290
209288 11044
209288 677
209288 1503
209288 12759
11044 296747
11044 677
11044 51206
11044 23569
11044 258335
11044 220263
11044 616
296747 677
296747 1503
677 40519
677 653
677 339
677 161189
677 15036
677 51206
677 23569
677 265638
677 205774
677 220263
677 616
677 36808
677 42474
677 195029
677 76284
40519 2780
40519 339
40519 383
40519 4642
40519 1503
40519 2662
40519 548
40519 301
2780 19417
2780 4821
19417 56329
19417 1503
19417 4821
56329 38534
38534 20422
38534 59888
38534 301
20422 653
20422 12806
653 339
653 51206
339 28620
339 47566
339 1503
339 301
28620 383
383 95016
383 35340
383 47566
383 72
383 36808
383 42474
383 463
383 59888
383 60503
383 70290
383 11128
383 62598
383 301
383 76284
383 31305
95016 35340
35340 99027
35340 59888
99027 8706
99027 1503
8706 1277
8706 2085
8706 65497
1277 436259
436259 4136
4136 177129
177129 12806
12806 47566
47566 72
47566 1503
47566 463
47566 2662
47566 548
72 54305
72 301
54305 148195
54305 301
148195 10896
10896 161189
10896 1503
10896 2662
10896 301
161189 36672
161189 23569
161189 2662
36672 15036
15036 26898
26898 26657
26898 14992
26657 14992
14992 67768
67768 51206
51206 23569
23569 3505
23569 1503
23569 2662
3505 174363
174363 2085
2085 134607
2085 36808
2085 42474
2085 60503
134607 4642
4642 265638
4642 2662
265638 205774
265638 1503
265638 463
265638 12759
205774 1503
1503 258335
1503 616
1503 59888
1503 4821
1503 60503
1503 2662
1503 70290
1503 11128
1503 18737
1503 62598
1503 301
220263 616
616 36808
616 42474
616 2662
36808 42474
42474 8582
42474 2662
42474 301
8582 67203
67203 463
463 59888
463 60503
59888 4821
4821 60503
4821 62598
4821 195029
60503 2662
60503 301
2662 70290
2662 301
70290 11128
11128 18737
11128 301
18737 548
548 62598
548 301
62598 301
301 195029
301 76284
301 103972
195029 12759
12759 309870
309870 2676
2676 76284
76284 103972
103972 65497
65497 177953
177953 31305
31305 246396
31305 187122
187122 58943
58943 56780
56780 56748
56748 33642
33642 14659
14659 4897
14659 80254
4897 80254
80254 95223
95223 106493
