180727 206
180727 317
180727 88
206 399601
206 81909
206 289825
206 58051
206 71319
206 72443
206 134
206 13780
206 21270
206 151898
206 198721
206 60493
206 60498
206 180384
206 21241
206 186892
206 10037
206 529
206 257114
206 38881
206 11126
206 131967
206 13102
206 83011
399601 81909
399601 1503
81909 289825
81909 1503
289825 69319
69319 220383
220383 58100
220383 327
58100 83209
83209 230131
230131 335723
335723 34312
335723 1503
34312 340267
340267 352652
340267 92131
352652 92131
92131 68362
68362 9520
9520 58051
58051 16358
58051 220
16358 71319
71319 1805
71319 88
1805 72443
72443 134
134 29643
134 21241
29643 10588
29643 983
10588 13780
10588 42
13780 10772
13780 10733
13780 151898
13780 13753
13780 198721
13780 60493
13780 211035
13780 117744
13780 60498
13780 180384
13780 21241
10772 10733
10772 34541
10772 86489
10772 151898
10772 13753
10772 60499
10772 48172
10772 34532
10772 117744
10772 60498
10772 180384
10733 48174
10733 34541
10733 21270
10733 60499
10733 48172
10733 180384
10733 88
48174 34541
48174 21270
48174 86489
48174 13753
48174 60493
48174 48172
48174 317
48174 1503
34541 129485
34541 21270
34541 108119
34541 86489
34541 60499
34541 48172
34541 34532
129485 21270
129485 108119
129485 151898
129485 60499
21270 283981
21270 108119
21270 86489
21270 60499
21270 48172
21270 34532
21270 60498
283981 108119
108119 86489
108119 60499
108119 34532
86489 151898
86489 34532
151898 13753
151898 60493
151898 48172
151898 34532
151898 60498
151898 42
151898 317
151898 1503
151898 88
13753 198721
13753 60499
13753 48172
13753 117744
13753 60498
13753 180384
13753 21241
13753 1503
198721 60493
198721 211035
198721 180384
198721 21241
198721 1503
60493 211035
60493 180384
60493 21241
60493 220
60493 327
60493 317
60493 1503
60493 88
211035 13818
211035 180384
13818 60499
13818 60498
60499 48172
60499 34532
60499 60498
60499 21241
48172 34532
48172 60498
34532 117744
34532 60498
34532 317
117744 60498
117744 317
60498 180384
60498 9851
60498 1503
180384 21241
180384 1503
21241 9851
21241 42
21241 220
21241 317
21241 1503
21241 88
9851 186892
9851 529
9851 13102
9851 407
186892 10037
186892 529
186892 317
186892 16088
186892 13102
186892 1503
186892 88
10037 529
10037 16088
10037 24911
10037 9974
529 946
529 42
529 16088
529 9974
529 23019
529 13102
529 407
529 1503
946 122806
122806 847
122806 9974
122806 407
122806 1503
122806 88
847 257114
847 220
257114 42
42 246772
42 82602
42 131967
246772 983
983 256242
983 16088
256242 220
256242 317
220 15331
220 97608
220 42867
220 317
220 210229
220 43348
220 78226
220 14721
15331 43806
15331 121996
15331 97608
15331 327
15331 407
43806 121996
121996 97608
97608 23656
97608 407
97608 88
23656 82602
82602 385
82602 327
82602 88
385 38881
385 42867
385 327
385 1503
38881 31387
38881 327
38881 9974
38881 407
38881 1503
31387 210046
31387 327
31387 13102
31387 1503
210046 142290
210046 317
142290 2144
2144 42867
42867 11126
42867 327
11126 327
327 263931
327 131967
327 13102
327 210229
263931 317
263931 88
317 346580
317 131967
317 210229
317 407
346580 41383
346580 1503
41383 386914
41383 131967
131967 16088
131967 1503
16088 24911
16088 9974
16088 407
16088 1503
24911 9974
24911 407
24911 7411
24911 50962
9974 23019
9974 13102
9974 407
23019 13102
23019 407
23019 1503
13102 210229
13102 407
13102 1503
210229 407
210229 1503
210229 7411
210229 88
407 130594
407 50962
130594 1503
1503 7411
1503 50962
7411 50962
50962 43348
50962 88
43348 78226
43348 14721
78226 14721
14721 417871
417871 88
88 83011
83011 66910
