310075 46544
46544 334186
46544 23680
46544 22734
46544 818
334186 23680
334186 22734
23680 253790
23680 22734
23680 383
253790 22734
22734 41854
41854 71806
71806 59035
71806 3847
59035 76050
76050 82438
82438 4564
4564 4567
4567 11180
11180 96277
11180 17874
96277 17874
17874 279999
17874 17885
17874 1503
17874 4259
17874 8294
17874 3847
279999 17885
17885 73732
17885 383
17885 1503
17885 4259
17885 8294
73732 383
73732 1503
73732 4259
383 253817
383 52653
383 5604
383 164438
383 254741
383 29264
383 12391
383 178147
383 175805
383 357746
383 59917
383 818
253817 1503
1503 52653
1503 5604
1503 7382
1503 87949
1503 254741
1503 9399
1503 26538
1503 11516
1503 121406
1503 89766
1503 178147
1503 175805
1503 818
52653 97680
52653 5604
97680 9559
9559 1122
9559 1361
1122 28783
1122 146
1122 2258
1122 1361
28783 132046
28783 146
28783 2258
132046 11131
11131 132528
132528 63318
63318 4259
63318 2258
4259 5604
4259 164438
4259 12391
4259 178147
5604 146
5604 5625
146 7382
146 1361
146 12391
7382 87949
87949 1030
1030 5625
5625 2258
2258 2008
2258 30354
2008 237266
2008 28629
2008 178147
237266 210475
210475 164438
164438 9864
164438 26538
9864 254741
254741 11558
254741 26538
11558 62371
11558 20695
62371 9399
62371 28629
9399 41117
9399 29264
9399 9407
41117 26538
26538 79271
26538 26535
26538 11516
26538 121406
26538 28629
26538 9407
79271 168211
168211 96827
96827 125076
125076 73354
73354 39867
39867 26535
26535 46507
26535 44503
26535 29264
46507 44503
44503 146473
44503 9407
146473 11516
146473 29264
11516 29264
11516 9407
29264 33125
29264 46469
29264 28629
29264 68888
33125 46469
46469 121406
46469 68888
46469 9407
121406 109479
109479 20695
20695 28629
28629 1361
68888 9407
9407 2010
2010 346418
2010 89766
2010 178147
346418 8294
8294 204004
8294 23956
8294 180706
204004 10907
10907 89766
10907 818
89766 57064
57064 30354
30354 1361
30354 818
1361 12391
12391 12499
12499 405729
12499 178147
405729 202241
202241 195344
202241 26596
195344 26596
26596 27078
27078 26580
26580 178147
178147 39660
39660 175805
357746 3847
3847 59917
59917 23956
23956 180706
180706 11655
11655 89547
89547 818
818 400303
400303 599
