211357 92339
211357 1503
92339 134516
134516 292678
292678 89020
89020 240831
240831 285707
240831 317
285707 159460
159460 297809
297809 86540
86540 179517
179517 244329
179517 95910
244329 157560
157560 406418
406418 95910
95910 290413
290413 136151
136151 125345
125345 63896
63896 86700
63896 138584
86700 71976
86700 8927
71976 86631
86631 8713
86631 1503
8713 138584
138584 105012
138584 8927
138584 14584
138584 7533
105012 123860
123860 8927
8927 19962
19962 65095
65095 193698
65095 14619
65095 14584
65095 16783
65095 7533
65095 4910
193698 14619
193698 7533
193698 6948
14619 116499
14619 106427
116499 44457
116499 7533
116499 4910
44457 67739
44457 14543
67739 178406
67739 64730
67739 1503
178406 30258
30258 64730
30258 21043
64730 21043
64730 16783
64730 4910
21043 14584
21043 7533
14584 93466
14584 53311
14584 106427
14584 330023
14584 6948
93466 16783
93466 7533
93466 6948
16783 126976
16783 7533
16783 53311
16783 4910
16783 7599
16783 1503
126976 283877
283877 7533
283877 1503
7533 53311
7533 125682
7533 6948
7533 153025
7533 27185
7533 301804
7533 7599
7533 57877
53311 4910
53311 6948
4910 125682
4910 14543
4910 106427
4910 35114
4910 95839
4910 58980
4910 153025
125682 14543
14543 106427
14543 95839
106427 128369
106427 1503
128369 35114
35114 95839
95839 129101
95839 58980
129101 58980
129101 317
58980 330023
330023 6948
330023 317
330023 1503
6948 279528
6948 153025
6948 5226
279528 147108
147108 6961
6961 153025
153025 71203
71203 27185
27185 301804
27185 7599
27185 57877
27185 1503
301804 7599
301804 1503
7599 57877
57877 43625
43625 641
43625 1503
43625 5226
43625 5193
641 35413
641 8005
641 11170
641 13069
35413 8005
35413 11193
35413 1503
8005 184442
8005 11170
8005 1503
8005 291614
184442 21432
21432 10911
10911 207381
10911 11170
207381 16092
207381 1503
16092 83110
16092 11193
16092 11170
83110 11193
11193 11170
11170 191286
191286 317
317 92303
317 291614
92303 170870
92303 1503
170870 403069
403069 1574
1574 166544
1574 158641
1574 1503
166544 158641
166544 1503
158641 6926
6926 161377
6926 4256
161377 10842
10842 4256
4256 13069
13069 1503
1503 184670
1503 5226
1503 291614
1503 5193
184670 5226
5226 291614
5226 5193
291614 5193
5193 235555
235555 277615
235555 78243
277615 78243
78243 74421
78243 68306
74421 68306
