178746 2188
2188 177540
2188 677
177540 132177
177540 352
177540 677
132177 159387
132177 352
159387 55797
159387 352
159387 677
55797 60219
55797 335
60219 171
171 78774
171 335
171 18705
78774 32924
78774 5794
78774 213
32924 5794
5794 76219
5794 8548
5794 43
76219 7268
76219 335
7268 8548
7268 213
8548 30018
8548 213
30018 48597
48597 6993
48597 352
48597 677
48597 891
48597 213
6993 7947
6993 17554
6993 677
6993 213
7947 254119
7947 891
254119 35071
254119 352
254119 677
35071 147517
147517 352
147517 677
352 134157
352 29035
352 17247
352 68351
352 209152
352 7921
352 222446
352 677
352 1896
352 115320
352 75091
352 70479
352 16440
134157 17027
134157 107770
134157 677
17027 107770
17027 213
107770 12688
12688 5361
5361 335
5361 22471
335 36454
335 44
335 23310
335 17247
335 75091
335 201883
335 376377
36454 70131
36454 44
70131 199508
199508 44
199508 891
44 164573
44 22647
44 50179
44 23310
44 43
44 75091
44 213
164573 22647
22647 50179
50179 23310
23310 1564
23310 43
23310 1896
23310 213
1564 29035
29035 43
29035 213
43 59369
43 17247
43 18705
43 68351
43 1896
43 81747
43 75091
43 70479
43 197824
59369 17247
17247 18705
17247 1896
17247 213
18705 68351
18705 677
18705 1896
68351 57065
68351 1896
57065 39415
57065 677
39415 148180
39415 15885
148180 209152
148180 15885
209152 209150
209152 91743
209152 213
209150 91743
91743 15885
91743 677
15885 133781
15885 17554
133781 214491
214491 79390
214491 77730
79390 57588
57588 95785
95785 17554
17554 24188
24188 7921
24188 677
7921 372190
7921 677
7921 213
372190 53429
372190 677
53429 222446
53429 677
222446 677
677 242412
677 75061
677 75091
677 3994
242412 1896
1896 81747
1896 75091
81747 77730
81747 213
77730 32263
32263 264524
264524 32330
32330 115320
115320 891
891 160469
891 75091
160469 22471
22471 75061
22471 5121
22471 75091
22471 3994
75061 5121
75061 75091
75061 3994
5121 75091
5121 3994
75091 3994
75091 213
3994 70479
70479 213
213 201883
213 16440
376377 42936
42936 71019
71019 16440
16440 35777
16440 143950
35777 225663
225663 233923
233923 64566
233923 197824
64566 197824
197824 95062
95062 77507
77507 243498
243498 21053
21053 58180
58180 143950
58180 26352
143950 38201
38201 47823
47823 26352
26352 387747
387747 54794
