305233 125635
305233 79687
125635 79687
125635 46985
79687 34684
79687 46985
34684 109778
34684 46985
109778 46985
46985 103786
103786 7550
103786 30837
7550 425753
7550 30837
7550 119901
425753 30837
30837 119901
30837 1503
30837 383
119901 35068
119901 383
119901 396
35068 88933
88933 87215
87215 1503
87215 383
1503 264517
1503 15158
1503 98698
1503 104217
1503 13134
1503 29945
1503 113577
1503 27205
1503 8005
1503 369310
1503 23944
1503 37745
1503 6661
1503 1574
1503 80207
1503 77332
1503 47944
1503 70357
1503 519
1503 94963
264517 383
264517 396
383 193046
383 15158
383 98698
383 113577
383 17896
383 23944
383 132817
383 1574
383 80207
383 77332
383 9956
383 10538
383 94963
193046 396
396 229602
396 15158
396 104217
396 107644
396 113577
396 1284
396 36009
396 1343
396 23944
396 37745
396 14731
396 77189
396 80207
396 9956
229602 211
211 15158
211 1343
15158 98698
15158 956
98698 104217
98698 17896
104217 12124
12124 13134
12124 1343
12124 519
13134 49349
13134 8005
49349 83521
83521 88218
83521 8005
88218 29945
88218 107644
29945 43115
29945 19215
107644 113577
107644 10110
113577 1284
113577 10110
113577 10010
1284 36009
1284 9956
36009 1853
36009 1343
1853 15360
1853 27205
1853 1343
15360 27205
15360 1343
15360 137195
27205 1343
27205 137195
1343 137195
1343 47944
1343 10538
137195 8005
8005 369310
369310 17896
17896 23944
23944 956
956 84076
956 14731
956 80207
956 9956
84076 52293
84076 10110
52293 10110
10110 203940
10110 150400
10110 28801
10110 185259
10110 26511
203940 169448
169448 150400
150400 325987
150400 28801
150400 26504
325987 28801
28801 13442
28801 92677
185259 10010
185259 13442
10010 9913
9913 33083
33083 132861
33083 26511
132861 132817
132817 2082
132817 519
2082 6656
6656 231004
6656 519
231004 13640
231004 1574
13640 37745
13640 292774
13640 324732
13640 1574
37745 14731
37745 6661
37745 1574
14731 292774
14731 77332
14731 9956
292774 6661
6661 324732
6661 1574
6661 47944
324732 1574
1574 77189
1574 80207
1574 77332
1574 47944
77189 80207
80207 77332
80207 810
77332 9956
9956 856
856 47944
47944 810
810 70357
810 120155
70357 83116
83116 13442
13442 120155
13442 6138
13442 98175
120155 81998
81998 6138
81998 1031
6138 89533
6138 1031
89533 1031
1031 92677
1031 98175
1031 10538
92677 98175
98175 70861
70861 20995
20995 519
519 401455
401455 18284
18284 18880
18284 21382
18880 133555
18880 21382
133555 21382
21382 43115
21382 19215
43115 19215
19215 26511
26511 10538
10538 26504
26504 94963
94963 45799
