75837 147897
75837 7533
147897 34806
34806 216338
216338 7533
216338 138
7533 396244
7533 61469
7533 122717
7533 76007
7533 76114
7533 30493
7533 39355
7533 39327
7533 30511
7533 50338
7533 455774
7533 34284
7533 237073
7533 170211
7533 288643
7533 35248
396244 53501
53501 61469
53501 288643
53501 138
61469 6971
61469 35248
6971 268376
6971 122717
6971 30511
122717 28527
28527 239832
239832 76007
239832 30687
239832 138
76007 285291
76007 67532
76007 31916
76007 37060
285291 67532
67532 31916
67532 76114
67532 138
31916 37060
37060 263749
37060 30687
37060 30511
37060 138
263749 30687
30687 76114
30687 39327
30687 30511
76114 30493
76114 39355
76114 39327
76114 138
30493 438446
30493 39355
30493 30511
30493 138
39355 39327
39355 138
39327 30511
39327 1276
30511 277294
30511 138
277294 50338
50338 101839
50338 64484
50338 11677
50338 1276
50338 82826
50338 8713
101839 64484
64484 62358
64484 35150
64484 35248
62358 3589
3589 89692
3589 15196
3589 1276
3589 110922
3589 83705
3589 92780
3589 6023
89692 11677
89692 1276
89692 138
11677 15196
11677 1276
11677 25089
11677 24704
11677 82826
11677 53140
11677 110922
11677 138
15196 153738
15196 1276
15196 24704
15196 6023
15196 518
153738 1276
1276 455774
1276 35248
1276 11125
1276 25089
1276 24704
1276 82826
1276 53140
1276 116084
1276 136446
1276 204992
1276 6023
1276 121404
1276 138
1276 960
1276 344732
1276 46733
1276 67692
455774 35150
35150 435832
435832 34284
34284 237073
34284 317
237073 170211
237073 35248
170211 31854
31854 288643
288643 35248
288643 138
35248 313298
35248 138
313298 313297
313297 114261
114261 12726
12726 13272
13272 122744
122744 128188
128188 85299
85299 44794
85299 960
44794 6406
6406 28231
6406 6023
28231 309
309 29429
309 1093
309 317
309 1884
29429 1093
29429 317
29429 11125
29429 138
1093 15581
1093 1884
15581 317
15581 80722
317 237234
317 80722
317 83705
317 121404
317 267372
317 214969
237234 44022
237234 960
44022 129112
44022 1884
129112 11125
11125 25089
11125 6023
11125 138
25089 24704
25089 518
24704 82826
24704 6023
24704 518
24704 5995
24704 138
82826 53140
53140 116084
53140 136446
116084 136446
116084 138
136446 73524
73524 1884
73524 138
1884 315534
1884 204992
1884 80722
1884 138
204992 27420
204992 138
27420 373545
373545 80722
80722 8713
8713 110922
8713 138
110922 83705
110922 92780
110922 6023
110922 138
83705 92780
92780 92155
92155 6023
6023 518
6023 5995
518 5995
5995 121404
121404 138
138 267372
138 344732
267372 67399
67399 960
960 214969
214969 9887
9887 344732
344732 242719
344732 67692
242719 46733
242719 67692
46733 67692
67692 179364
179364 66720
