129202 42
42 141136
42 301
42 176440
42 71137
141136 960
960 81728
960 20399
960 13115
960 94399
960 21431
960 41187
960 206
960 454
81728 156767
81728 4365
156767 20399
20399 13115
13115 13145
13115 4365
13115 11714
13115 2166
13145 50048
13145 4365
50048 69657
50048 4365
50048 206
69657 94399
94399 21431
94399 454
21431 4365
4365 41187
41187 11714
41187 206
41187 301
41187 2166
11714 225256
225256 31046
225256 301
225256 2515
31046 42029
42029 6974
42029 206
6974 356400
6974 89425
6974 53379
6974 23528
6974 70842
356400 16783
16783 89425
16783 62903
16783 259509
16783 59141
16783 74857
16783 45293
16783 31816
16783 313866
16783 4910
89425 62903
89425 206
89425 301
62903 259509
259509 145369
259509 206
145369 59141
59141 144598
59141 78795
59141 206
78795 122270
122270 28134
122270 324018
28134 101262
28134 6940
28134 4910
101262 271663
271663 161
161 87299
161 48955
161 31816
161 313866
87299 19995
87299 8928
19995 409817
19995 74857
409817 8928
8928 74857
74857 53379
74857 31534
53379 324018
53379 33751
324018 206
206 249987
206 46654
206 45293
206 48955
206 167277
206 301
206 176440
206 10210
206 84332
206 31816
206 6940
206 320774
206 20805
249987 46654
249987 22779
46654 37343
46654 22779
37343 76860
37343 45293
37343 301
76860 22779
22779 227855
22779 45293
22779 111409
22779 48955
227855 434741
434741 434742
434742 45293
45293 111409
45293 38224
45293 48955
45293 301
45293 2515
45293 31534
111409 38224
38224 48955
48955 4642
4642 167277
167277 301
167277 454
301 176440
301 10210
301 84332
301 31816
301 6940
301 20805
176440 2166
2166 10210
2166 454
10210 454
454 4219
454 2515
4219 84332
4219 7064
84332 2515
2515 323416
2515 33751
2515 22875
2515 7064
323416 31534
31534 280996
31534 280998
280996 280998
280996 280999
280998 280999
280998 175005
280999 175005
175005 31816
31816 51698
31816 33751
31816 56721
51698 219646
51698 6940
51698 4910
219646 33751
33751 23528
23528 70842
70842 71137
70842 27889
70842 27898
71137 27889
71137 27898
27889 27898
27898 52329
27898 6940
52329 100072
100072 313866
100072 4910
313866 31088
313866 4910
31088 34241
31088 6940
34241 57276
34241 4910
34241 56721
57276 61444
57276 4910
61444 35141
35141 381430
35141 4910
381430 6940
6940 320774
6940 56721
320774 4910
4910 89278
4910 56721
89278 56721
56721 58003
58003 7228
7228 20805
7228 22875
20805 132830
20805 22875
132830 22875
22875 7064
7064 132631
