265560 248
265560 236
248 178920
248 145035
248 257074
248 167932
248 236
248 421210
178920 40224
178920 245
40224 145035
40224 301
145035 52868
145035 236
52868 257074
257074 245
245 365240
365240 30554
30554 167932
30554 102725
167932 102725
167932 301
102725 236
236 421210
236 301
421210 220
220 48649
220 72916
220 141265
220 6363
220 25696
220 58688
220 51891
220 130783
220 5226
220 92174
220 50403
220 429523
220 2701
220 70978
220 15263
220 349
220 50942
220 13137
220 32226
220 132829
220 124380
220 18096
220 351914
220 28973
220 7408
220 30184
48649 97156
48649 12937
48649 14871
48649 88
48649 2701
97156 83404
97156 12937
97156 43
97156 301
97156 2670
83404 115484
115484 12937
115484 301
115484 28973
115484 24227
12937 90539
12937 301
12937 206856
12937 50942
12937 28973
12937 24227
90539 14871
90539 301
90539 88
14871 168503
14871 50942
14871 28973
168503 226
168503 4821
226 43
226 58688
43 156613
43 301
43 2670
43 141265
43 4821
43 6363
43 58688
43 92174
43 429523
43 82718
43 132829
43 30184
156613 301
156613 2670
301 81651
301 72916
301 2670
301 10114
301 123483
301 141265
301 14158
301 756
301 82718
301 351914
301 30184
81651 72916
81651 2670
72916 2670
2670 10114
2670 123483
2670 4821
2670 6363
2670 5288
2670 351914
2670 28973
10114 43693
43693 88
43693 349
88 350437
88 68563
88 206856
88 58688
88 51891
88 5226
88 15263
88 50942
88 82718
88 124380
88 351914
88 24227
88 7408
88 30184
350437 86
86 68563
86 6363
86 756
68563 1037
1037 33353
33353 5282
5282 125756
5282 7551
5282 22066
5282 349
125756 71288
125756 7551
71288 123182
71288 125758
71288 7551
123182 125758
123182 7551
125758 51686
125758 7551
51686 123483
123483 7551
123483 5226
7551 46381
7551 22076
7551 51713
7551 75502
7551 396649
7551 27738
7551 4875
7551 192182
46381 22057
46381 22066
22057 22066
22057 22076
22066 22076
22076 51713
51713 75502
51713 4875
27738 307883
27738 4875
307883 4875
4875 192182
192182 141265
141265 4821
141265 7637
141265 1416
4821 206856
4821 132829
206856 3233
3233 6363
6363 25696
25696 30061
25696 349
30061 58688
30061 7637
30061 130783
30061 18091
30061 13137
30061 82718
30061 132829
30061 124380
30061 18096
58688 7637
58688 51891
58688 349
58688 13137
58688 32226
58688 18096
7637 51891
7637 13137
7637 82718
7637 32226
7637 132829
7637 124380
51891 130783
51891 18091
51891 349
51891 132829
51891 124380
130783 18091
130783 132829
130783 18096
18091 5226
18091 18096
5226 92174
5226 50403
5226 349
5226 132829
5226 24227
5226 7408
92174 5288
92174 50403
5288 50403
5288 349
50403 179237
50403 26634
50403 349
50403 132829
26634 429523
26634 349
429523 2701
429523 349
2701 11252
2701 14158
11252 3804
11252 14158
3804 54056
54056 7627
7627 147317
147317 14158
14158 70978
70978 756
756 15263
15263 349
349 50942
349 13137
349 82718
349 24227
349 7408
349 30184
50942 13137
50942 24227
13137 82718
13137 132829
13137 124380
13137 351914
82718 32226
82718 132829
82718 18096
32226 132829
132829 124380
132829 18096
124380 18096
18096 351914
351914 1416
1416 28973
28973 24227
24227 7408
7408 30184
