200572 196994
196994 89859
196994 3191
89859 9395
89859 17173
89859 2401
89859 3191
89859 53572
9395 17173
17173 154451
17173 2401
17173 3191
17173 53572
17173 370
17173 396
154451 2401
154451 53572
2401 295137
2401 3191
2401 53572
295137 3191
3191 53572
3191 311826
3191 28670
3191 276723
53572 311826
311826 28670
28670 276723
276723 29420
276723 6416
29420 1941
29420 2244
29420 370
29420 396
1941 358417
1941 83273
1941 15
358417 6416
358417 2347
6416 83273
83273 26900
26900 133889
26900 20454
26900 15127
26900 19791
133889 20454
20454 15127
20454 15119
15127 163198
15127 15119
163198 19791
19791 15119
19791 2244
15119 35164
35164 15
15 254140
15 14330
15 11981
15 56986
15 70664
15 233925
15 262066
15 107923
15 153336
15 5232
14330 11981
14330 2244
14330 5232
11981 56986
11981 70664
70664 198387
198387 79046
79046 104698
79046 34284
79046 14648
104698 4819
4819 41950
41950 282115
282115 2244
2244 94933
2244 370
94933 11711
94933 7782
94933 2347
11711 356077
11711 7782
11711 370
356077 7782
7782 291095
291095 370
370 85535
370 396
370 233925
370 108890
85535 396
396 233925
396 44042
396 108890
262066 2347
2347 213818
2347 131016
213818 386648
386648 31957
386648 14648
31957 228939
31957 338978
31957 179690
31957 410074
31957 107923
31957 14648
31957 308323
31957 280414
228939 40283
40283 338978
40283 86393
40283 35036
40283 34280
40283 57138
40283 35365
338978 86393
338978 35036
338978 14648
338978 57138
86393 179690
86393 14625
86393 322953
179690 35036
179690 14648
179690 34280
179690 35365
35036 144225
35036 57275
35036 99106
35036 34280
35036 52204
35036 14625
35036 322953
35036 105232
35036 308323
35036 35365
35036 153336
144225 57275
144225 34284
57275 410074
57275 34280
57275 14625
57275 322953
57275 308323
57275 57138
57275 35365
410074 14677
410074 35365
14677 99106
14677 14591
14677 44042
14677 412561
14677 14648
99106 14591
99106 21100
99106 34280
99106 14625
99106 57138
99106 35365
99106 31723
14591 44042
44042 55955
44042 34280
55955 448046
55955 21100
448046 21100
21100 412561
412561 34284
34284 107923
34284 14648
34284 322953
107923 14648
107923 35365
14648 263602
14648 34280
14648 322953
14648 308323
14648 280414
263602 34280
263602 57138
263602 35365
34280 66607
34280 322953
34280 35365
66607 52204
52204 14625
14625 322953
14625 35365
322953 105232
322953 57138
322953 35365
105232 308323
308323 57138
308323 35365
57138 280414
280414 35365
35365 153336
153336 117379
153336 31723
117379 207772
207772 37101
37101 239579
37101 31723
239579 31723
31723 362873
362873 299426
299426 305579
305579 333061
333061 274622
274622 131016
131016 52669
52669 289637
52669 108890
289637 5232
5232 108890
