58368 26654
26654 936
26654 2285
26654 48697
26654 27979
936 8640
936 48697
936 27979
8640 2285
8640 48697
8640 27979
2285 5943
2285 160481
2285 48697
2285 27979
2285 55167
5943 161811
5943 1564
5943 381
161811 1564
1564 23367
1564 25293
1564 81943
1564 124546
1564 9910
23367 295
23367 206
23367 2417
295 184581
184581 1959
184581 206
184581 1337
184581 381
1959 41866
1959 206
1959 108313
1959 236
1959 124546
1959 1337
1959 59083
1959 381
41866 47577
47577 139725
47577 206
139725 9149
9149 225894
9149 9251
225894 6659
225894 9251
225894 206
225894 2417
6659 9251
9251 152093
9251 206
152093 206
152093 2417
206 338518
206 6951
206 292668
206 25293
206 108313
206 299337
206 236
206 2417
206 81943
206 27979
206 124546
206 30477
206 81918
206 19638
206 122526
206 1337
206 381
206 55167
338518 6951
6951 292668
6951 108313
292668 13813
13813 25293
25293 143373
25293 2417
143373 97157
143373 2417
97157 108313
97157 103220
108313 74275
108313 2417
108313 3419
74275 103220
103220 132036
132036 52512
52512 377339
52512 258385
52512 239344
377339 51749
377339 245
51749 258385
51749 57021
51749 2934
51749 236
51749 245
258385 132365
132365 270317
132365 57021
270317 299315
299315 296078
299315 299337
296078 370997
296078 299337
296078 360237
370997 299337
299337 360237
360237 346286
346286 345699
345699 165554
165554 374164
374164 415867
374164 236
415867 126508
415867 236
126508 146345
126508 108058
146345 57021
146345 245
57021 212777
212777 2934
2934 277350
2934 236
2934 245
2934 110998
277350 108058
277350 236
108058 160481
108058 245
160481 236
236 239344
239344 245
245 110998
110998 93
93 411348
93 15118
411348 40326
40326 60166
60166 129775
129775 144184
144184 7411
7411 269028
269028 2417
269028 3419
2417 332080
2417 81943
2417 87525
2417 55167
332080 2161
2161 81943
2161 13544
2161 87525
81943 13544
13544 87525
87525 3419
3419 31123
3419 27979
31123 142734
142734 52657
52657 48697
48697 27979
27979 52890
52890 15118
15118 124546
124546 30477
30477 81918
81918 9910
9910 19638
9910 18607
19638 140269
19638 18607
140269 140259
140269 582
140269 18607
140259 582
582 18607
582 122526
18607 122526
122526 1337
122526 381
1337 59083
1337 381
59083 381
381 1141
381 55167
1141 55167
55167 267
267 115956
115956 208059
