208170 1291
1291 350733
1291 2697
350733 33138
350733 16783
350733 6948
350733 2697
350733 14584
33138 97455
97455 113882
97455 16783
97455 8944
97455 71889
97455 2697
113882 95071
95071 60000
95071 34797
95071 14584
60000 28067
60000 14549
28067 130558
28067 16783
28067 8721
28067 14572
28067 161
130558 16783
130558 14572
130558 6948
130558 14584
16783 332315
16783 8721
16783 14572
16783 8944
16783 114066
16783 68818
16783 73887
16783 74142
16783 10011
16783 71628
16783 83189
16783 140766
16783 127587
16783 82553
16783 408859
16783 126189
332315 35062
35062 375135
35062 8721
35062 102313
375135 8721
8721 61280
8721 83189
8721 14648
61280 308439
61280 14549
308439 209504
308439 14648
209504 14572
14572 22698
14572 14648
14572 34797
14572 82553
22698 53267
53267 33420
53267 14648
33420 227722
33420 86966
227722 8926
227722 8956
227722 31290
8926 125147
8926 8593
8926 8944
8926 8956
8926 14549
125147 81513
125147 8593
125147 8956
125147 6948
81513 8736
81513 8593
81513 8944
8736 247526
8736 8593
8736 8944
8736 8956
247526 8593
247526 8956
247526 6948
8593 125060
8593 8944
8593 8869
8593 114066
8593 8860
8593 8956
8593 86966
8593 71889
8593 127921
125060 8988
125060 11997
8988 49687
8988 114066
49687 8944
8944 8869
8944 71997
8944 8860
8944 103170
8944 8956
8944 71889
8944 103780
8944 8757
8869 114066
8869 8866
8869 8956
8869 71889
8869 8757
8869 6948
114066 68818
114066 8866
114066 8956
68818 71997
68818 64580
68818 6948
71997 64580
71997 8866
64580 8866
64580 8757
64580 6948
8866 8860
8866 8956
8866 8757
8860 103170
8860 8757
8860 98916
103170 8956
8956 86966
8956 73887
8956 103780
8956 8757
8956 127921
8956 31290
86966 73887
86966 71889
73887 71889
73887 6948
71889 103780
103780 8757
103780 6948
8757 127921
127921 98916
127921 31528
98916 152952
152952 11997
11997 74142
11997 14648
11997 14549
11997 137214
11997 2697
11997 310
11997 31290
74142 149512
74142 37072
74142 31290
74142 126189
74142 14584
149512 203921
149512 31290
203921 95028
203921 37072
95028 37072
37072 10011
10011 126274
10011 6948
10011 31290
126274 71628
71628 83189
71628 31528
71628 34797
71628 31290
71628 14584
83189 31528
83189 6948
83189 31290
83189 14584
31528 456545
31528 127587
31528 246399
456545 6948
6948 102313
6948 140766
6948 14648
6948 111015
6948 450859
6948 137214
6948 127587
6948 82553
6948 408859
6948 14584
102313 140766
140766 14648
14648 344438
14648 49171
344438 62227
344438 14549
62227 102528
62227 14549
102528 49171
102528 14549
49171 401388
49171 14549
401388 14549
14549 111015
14549 137214
111015 34797
34797 450859
34797 127587
450859 61632
450859 34798
61632 34798
34798 137214
34798 127587
137214 127587
127587 53896
127587 31290
53896 82553
82553 2697
82553 14584
2697 247224
247224 7451
247224 161
7451 172857
172857 605
605 50752
50752 16107
16107 15793
15793 7126
7126 17039
17039 161
161 135306
135306 310
310 50296
50296 408859
408859 31290
31290 126189
126189 246399
246399 14584
