228522 142813
228522 53802
228522 93809
228522 53710
228522 118623
228522 119771
228522 126644
142813 53865
53865 143032
53865 53802
53865 142865
53865 119796
53865 142877
53865 93840
53865 125046
53865 80274
53865 143020
53865 53755
53865 118623
53865 119771
53865 126644
53865 190599
53865 125042
143032 143243
143032 53806
143032 247085
143032 125046
143032 142971
143032 53878
143032 141045
143032 143020
143032 53717
143032 131647
143032 118623
143032 119771
143032 79480
143032 125042
143243 177251
143243 53802
143243 53710
143243 125046
143243 53717
143243 190595
143243 142875
143243 119771
143243 79480
177251 53706
177251 53802
177251 119796
177251 125046
177251 150769
177251 118623
177251 119771
177251 126644
177251 125042
177251 25648
53706 53802
53706 119796
53706 142877
53706 53710
53706 125046
53706 180076
53706 118623
53706 119771
53706 79480
53706 190599
53706 25648
53802 142865
53802 119796
53802 142877
53802 53806
53802 247085
53802 125046
53802 177230
53802 150769
53802 142927
53802 141045
53802 53717
53802 118623
53802 142875
53802 119771
53802 245357
53802 53675
53802 190599
53802 125042
53802 25648
142865 119796
142865 125046
142865 25648
119796 142877
119796 93840
119796 125046
119796 177230
119796 150769
119796 53717
119796 53755
119796 190595
119796 118623
119796 119771
119796 53675
142877 18044
142877 93809
142877 148515
142877 93840
142877 53806
142877 125046
142877 53878
142877 141045
142877 53717
142877 131647
142877 118623
142877 142875
142877 245357
142877 126644
142877 53675
142877 118097
142877 79480
142877 53736
142877 213
18044 93809
18044 53710
18044 247085
18044 80274
18044 53717
18044 131224
18044 119781
18044 53755
18044 159023
18044 143047
18044 79442
18044 12124
93809 148515
93809 93840
93809 53710
93809 142971
93809 80274
93809 143020
93809 53717
93809 131224
93809 119781
93809 131647
93809 53755
93809 126644
93809 143047
148515 93840
148515 53710
148515 141045
148515 53717
148515 53736
93840 53710
93840 247085
93840 125046
93840 142971
93840 143020
93840 53717
93840 53755
93840 119771
53710 53806
53710 80274
53710 180076
53710 119771
53710 53675
53710 147529
53806 132518
53806 125046
53806 143020
53806 53717
53806 53755
53806 119771
53806 126644
53806 53675
53806 79480
53806 143047
53806 147529
53806 190599
132518 247085
132518 119771
132518 190599
247085 125046
247085 126644
125046 177230
125046 150769
125046 80274
125046 190595
125046 118623
125046 119771
125046 190599
177230 142971
177230 150769
177230 142927
177230 118623
177230 119771
177230 125042
177230 25648
142971 150769
142971 53878
142971 141045
142971 143020
142971 53717
142971 131647
150769 142927
150769 80274
150769 190595
142927 80274
142927 53717
142927 119771
142927 53675
142927 79480
80274 53878
80274 143020
80274 53717
80274 119771
80274 157284
80274 53675
80274 190599
53878 141045
53878 53717
53878 131647
141045 143020
141045 53717
141045 53755
141045 119771
141045 213
143020 53717
143020 119771
53717 131224
53717 131647
53717 53755
53717 118623
53717 119771
53717 126644
53717 85101
53717 79480
53717 131226
53717 213
131224 119781
131224 126644
131224 143047
119781 180076
119781 126644
119781 53675
119781 79480
119781 53736
119781 79442
119781 131226
180076 448911
180076 53675
180076 79480
180076 147529
448911 131647
131647 53755
53755 118623
53755 53675
53755 79480
53755 147529
190595 118623
118623 142875
118623 119771
118623 53675
118623 190599
118623 125042
118623 25648
142875 119771
142875 25648
119771 245357
119771 53675
119771 79480
119771 190599
119771 125042
245357 126644
245357 157284
245357 53675
126644 85101
126644 190599
126644 53736
85101 118608
85101 53675
85101 118097
85101 79480
85101 25648
85101 53736
118608 345540
345540 157284
157284 159023
157284 118097
159023 53675
159023 131226
53675 118097
53675 147529
53675 125042
53675 53736
118097 79480
79480 143047
79480 25648
79480 53736
79480 79442
143047 147529
190599 125042
190599 131226
125042 381186
125042 25648
381186 25648
25648 53736
53736 79442
79442 131226
79442 213
131226 142085
142085 7421
142085 213
7421 50102
50102 12124
50102 3549
12124 145869
12124 122923
12124 180568
12124 3549
145869 122923
145869 145895
122923 145895
122923 180568
122923 213
145895 180568
180568 51891
180568 7782
180568 213
180568 3549
51891 49974
49974 32843
32843 1785
32843 213
1785 85367
85367 11357
11357 86418
86418 9104
9104 37196
37196 168454
168454 19004
19004 40356
40356 67763
67763 7782
7782 70093
7782 3549
7782 190917
70093 36894
70093 213
70093 3549
36894 89670
36894 7370
89670 7370
7370 346016
346016 76385
76385 85505
76385 213
85505 44154
44154 98736
44154 2060
98736 2060
2060 51080
2060 40143
51080 297347
51080 213
297347 12427
12427 40143
40143 213
213 207349
213 195002
207349 3549
3549 190917
190917 7691
7691 195002
