339295 339296
339296 8095
8095 375712
375712 336518
336518 1806
1806 11550
11550 2366
11550 134731
2366 29263
2366 28664
2366 2357
2366 46489
2366 2356
2366 220536
29263 57604
29263 2357
29263 2356
29263 134731
57604 79547
57604 46489
57604 57607
79547 28664
79547 57607
79547 79564
79547 2356
28664 160373
28664 2357
28664 44738
28664 57607
28664 254181
28664 134731
160373 2357
160373 117514
160373 2356
2357 46489
2357 57607
2357 79564
2357 254181
2357 134731
2357 220536
46489 44738
46489 57607
46489 2356
46489 33067
46489 354
44738 57607
57607 117514
57607 254181
57607 139926
117514 79564
117514 2356
79564 254181
79564 139926
139926 138495
138495 29124
29124 328655
29124 2356
328655 2356
2356 134731
2356 220536
2356 28683
134731 33067
33067 220536
33067 420805
33067 195307
420805 28683
420805 301
28683 195307
195307 96781
195307 138
96781 38338
38338 6078
6078 407
6078 206
407 16702
407 160639
407 3549
407 262889
407 50962
407 137880
407 13808
407 8711
407 35362
16702 8159
16702 3549
8159 160639
8159 206
160639 3549
3549 424957
3549 120569
3549 137880
3549 13808
3549 243674
120569 5602
5602 154139
154139 301
301 223270
301 162163
301 2697
301 221
301 137880
301 243674
301 138
301 38133
301 206
301 14577
301 8711
301 14572
301 53256
301 94963
301 118632
223270 26381
223270 138
26381 56161
26381 206
56161 2746
2746 162163
162163 2697
162163 206
2697 248347
2697 262889
2697 38133
2697 189064
2697 94963
2697 118632
262889 221
262889 138
262889 206
221 260021
221 354
221 237832
221 118632
260021 354
354 58263
354 138
58263 108373
58263 206
108373 50962
50962 137880
50962 13808
137880 13808
137880 138
137880 206
13808 243674
13808 206
243674 36278
243674 206
36278 427381
427381 138
138 339478
138 38133
138 14577
138 31752
138 14572
138 237832
138 16452
138 300033
138 83340
138 118632
339478 38133
339478 14577
339478 14572
339478 16452
38133 12389
38133 206
38133 16452
38133 53256
12389 80147
12389 31752
80147 206
206 189064
206 14577
206 31752
206 60414
206 8711
206 448394
206 14572
206 237832
206 300033
206 342794
206 83340
206 118632
189064 14577
189064 16452
14577 31752
14577 19913
14577 290935
14577 34959
14577 14607
14577 8711
14577 35362
14577 268307
14577 19150
14577 14572
14577 16452
31752 19913
31752 14650
31752 8711
31752 35362
31752 19150
31752 14572
19913 290935
19913 34959
19913 325739
19913 14607
19913 102363
19913 35362
19913 14572
19913 53256
290935 34959
290935 19150
34959 325739
34959 14650
34959 8711
34959 102363
34959 67721
34959 19150
325739 14650
14650 60414
14650 8711
14650 35362
14650 268307
60414 14607
14607 8711
14607 14572
8711 102363
8711 35362
8711 99085
8711 14572
102363 35362
268307 99085
99085 67721
99085 19150
99085 14572
67721 228745
67721 19150
228745 19150
19150 448394
448394 14572
14572 237832
237832 16452
16452 300033
16452 342794
16452 94967
16452 94963
16452 83340
16452 118632
300033 342794
342794 94967
94967 53256
94967 94963
94967 118632
53256 94963
94963 83340
83340 100831
83340 118632
100831 118632
118632 153921
