453694 87319
87319 162548
87319 259055
162548 264917
264917 259055
259055 156337
156337 10382
10382 216
216 209738
216 7333
216 201500
216 278043
216 6660
216 19
216 1274
216 972
216 1988
209738 11405
209738 17507
209738 352
209738 19
11405 329009
11405 5823
11405 208828
11405 17507
11405 195445
329009 46817
329009 352
329009 1988
46817 41723
46817 15788
46817 7333
46817 383
46817 1852
46817 2634
41723 15788
41723 383
41723 1852
41723 2634
41723 1988
15788 5823
15788 5804
15788 23956
15788 1988
5823 20025
5823 7320
5823 5804
5823 17507
5823 352
5823 383
5823 1274
5823 972
5823 1988
20025 7320
20025 5804
7320 5804
5804 208828
5804 17507
208828 17507
208828 7333
208828 352
208828 7942
208828 1274
17507 220132
17507 7333
17507 383
17507 1988
220132 7333
220132 383
220132 1274
7333 84384
7333 331
7333 4214
7333 1988
84384 36713
84384 5716
84384 7942
84384 4380
84384 2662
84384 4214
36713 5716
36713 383
36713 7942
36713 4380
36713 8021
36713 4214
5716 83952
5716 23956
5716 135542
5716 9797
5716 144456
5716 7942
5716 98308
5716 4380
5716 104188
5716 16987
5716 342964
5716 2662
5716 1988
83952 23956
83952 4214
23956 227587
23956 2177
23956 352
23956 32274
23956 4309
23956 1852
23956 4380
23956 1988
227587 2177
227587 1988
2177 118710
2177 352
2177 135542
2177 144456
2177 4380
2177 178381
2177 1988
118710 352
352 201500
352 32274
352 135542
352 166966
352 98308
352 4380
352 1274
352 17247
352 972
352 21423
352 195445
352 1988
201500 4974
201500 331
4974 32274
4974 1988
32274 4309
32274 2662
4309 135542
4309 9797
4309 4214
135542 9797
135542 7942
9797 276367
9797 144456
9797 383
9797 221377
9797 2662
9797 213100
9797 4214
9797 84906
276367 3176
3176 285331
285331 331
285331 383
285331 4380
331 144456
331 6660
331 101431
331 104188
331 972
331 16987
331 84204
331 22470
331 77692
144456 383
144456 1274
144456 972
144456 1988
383 278043
383 6660
383 101431
383 18533
383 4380
383 106293
383 1274
383 3929
383 3608
383 104188
383 17247
383 81656
383 51345
383 213100
383 84204
383 9608
383 4214
383 195445
383 1988
383 190780
278043 6660
278043 1274
6660 101431
6660 1274
6660 2662
101431 1852
101431 1274
101431 2634
101431 1988
1852 166966
1852 19
1852 123068
1852 104188
1852 27214
1852 1988
166966 19
19 18533
19 1274
19 17247
19 972
19 1988
18533 36524
18533 1274
18533 2662
36524 7942
36524 4380
7942 98308
7942 4380
7942 4214
7942 1988
98308 221377
98308 4380
98308 1274
98308 2662
98308 4214
98308 1988
221377 92303
92303 123068
123068 4380
123068 972
123068 1988
4380 106293
4380 1274
4380 178381
4380 1988
106293 1274
1274 3929
1274 104188
1274 17247
1274 51345
1274 190780
3929 3687
3929 3608
3929 104188
3929 4214
3687 3608
3608 104188
3608 2662
3608 4214
104188 122633
104188 2634
104188 1988
122633 4120
4120 17247
17247 81656
17247 2662
81656 51345
51345 972
972 178381
972 21423
972 39666
972 4214
178381 21423
21423 16987
16987 2662
16987 4214
342964 2662
342964 1988
2662 213100
2662 195445
213100 8021
213100 4214
8021 84204
84204 4055
4055 9608
4055 22470
9608 39666
39666 22470
22470 260437
22470 77692
22470 40969
22470 2634
22470 1988
260437 4214
4214 234532
4214 84906
4214 72184
4214 195445
234532 77692
77692 51891
77692 40969
77692 27214
51891 40969
40969 27214
27214 84906
27214 2634
27214 1988
84906 72184
72184 195445
195445 2634
2634 86365
2634 1988
86365 1988
1988 97448
97448 19997
19997 123044
123044 8598
8598 190780
190780 49710
