448776 308
308 198449
198449 701
701 111768
701 750
111768 1715
1715 1704
1715 4028
1715 1754
1715 1722
1704 750
750 12385
750 245631
750 262335
750 214294
750 2481
750 25044
12385 20139
12385 3158
20139 190204
20139 46914
190204 3721
190204 14600
3721 156668
3721 84680
3721 46914
156668 91545
91545 84680
91545 46914
91545 14600
84680 91541
84680 91112
84680 97700
84680 256013
84680 128600
91541 91112
91541 97700
91541 14600
91112 97700
91112 256013
91112 128600
91112 14600
97700 256013
97700 14600
256013 128600
256013 14600
128600 313099
313099 182927
313099 14600
182927 37343
37343 73345
73345 46914
73345 14600
46914 387525
46914 14600
387525 48684
48684 14600
14600 39371
14600 356268
39371 15634
39371 263749
15634 263749
15634 16344
263749 68775
68775 125632
68775 94568
125632 37968
125632 94568
125632 16344
37968 94568
94568 40129
40129 65450
65450 128660
128660 73188
73188 64158
64158 16344
16344 14554
16344 91297
16344 60727
14554 91297
14554 60727
91297 91305
91305 60727
60727 356268
356268 245631
245631 262335
262335 214294
214294 2748
2748 156483
156483 33943
33943 8629
8629 255805
255805 5663
5663 2481
2481 271359
271359 3158
3158 211790
211790 2042
2042 25044
25044 673
673 9698
9698 18353
18353 8209
8209 153893
8209 10016
8209 960
153893 56304
56304 41828
41828 4028
4028 4031
4028 1722
4031 67481
4031 11396
4031 21309
67481 10016
10016 91688
10016 132803
10016 2696
91688 132803
91688 67487
91688 143314
91688 11396
132803 67487
132803 143314
67487 143314
143314 11396
143314 960
11396 21309
21309 191130
191130 107989
191130 960
191130 3419
107989 48549
107989 960
48549 7300
48549 960
7300 1236
7300 1754
7300 960
1236 1754
1754 1722
1722 172857
172857 2696
2696 306874
2696 42759
42759 15998
15998 164882
164882 11185
164882 3419
11185 259153
259153 14800
259153 3419
14800 131064
131064 66551
131064 3419
66551 369367
369367 960
369367 3419
960 258686
960 3419
258686 3419
