417188 364577
364577 3298
3298 281949
3298 53592
3298 96933
3298 13126
3298 60351
3298 48033
3298 120702
3298 22421
281949 7752
7752 53592
7752 30061
7752 1062
53592 88
53592 2138
88 323715
88 2138
88 212209
88 228761
88 206533
88 143510
88 96933
88 54516
88 15359
88 70305
88 344579
88 6081
88 1062
88 17382
323715 12746
323715 2138
323715 2417
12746 219572
12746 2417
12746 48033
219572 2138
219572 2417
2138 212209
2138 2417
2138 132882
2138 84373
2138 6081
2138 2167
2138 22421
2138 32592
2138 805
212209 228761
228761 2417
2417 206533
2417 108925
2417 120702
2417 292216
2417 132882
2417 135552
2417 84373
2417 6081
2417 1062
2417 104819
206533 12675
206533 1062
12675 143510
12675 96933
143510 96933
143510 30061
96933 54516
96933 30061
96933 13913
96933 51402
54516 30061
54516 1062
30061 171788
171788 15359
171788 13126
15359 13126
13126 12699
12699 108925
12699 60351
12699 48033
12699 32239
12699 51402
12699 1062
108925 60351
108925 32239
108925 70305
108925 51402
60351 48033
60351 120702
60351 32239
60351 13913
60351 70305
60351 51402
60351 64954
48033 120702
48033 32239
48033 13913
48033 51402
120702 32239
120702 161
32239 13913
32239 70305
32239 51402
32239 64954
32239 60695
13913 70305
70305 51402
70305 1062
51402 64954
64954 6869
64954 60695
6869 85364
85364 298073
85364 393052
85364 412706
85364 393158
85364 344579
85364 285328
85364 280111
85364 280135
85364 288234
85364 348403
85364 430518
85364 59516
85364 273824
85364 280118
85364 295151
298073 412198
298073 59539
298073 252497
412198 369579
412198 363719
412198 393052
412198 59539
369579 363719
363719 393052
363719 393158
363719 59516
393052 412706
412706 60695
412706 59539
60695 393158
393158 59539
59539 313337
59539 279132
59539 59516
59539 273824
59539 280118
59539 295151
59539 322943
313337 59337
313337 242865
59337 448888
59337 344579
344579 285328
344579 242865
285328 280111
285328 288234
285328 59516
285328 280118
280111 280135
280111 288234
280111 280118
280135 288234
280135 280118
288234 279132
288234 242865
288234 59516
279132 242865
279132 59516
242865 292216
242865 1062
292216 384546
292216 348403
384546 348403
430518 59516
59516 273824
273824 280118
273824 295151
280118 295151
295151 322943
322943 252497
252497 53947
53947 161
161 132882
161 1774
132882 135552
135552 10287
10287 84373
84373 6081
6081 2167
6081 32592
2167 1774
1774 22421
22421 1062
1062 32592
1062 17382
1062 165448
1062 104819
1062 4287
32592 17382
17382 9556
9556 6493
6493 12983
12983 112033
112033 18958
18958 156166
156166 38016
156166 750
38016 60776
60776 70176
70176 36834
36834 1037
1037 139584
1037 192
1037 23626
1037 4287
139584 750
750 139532
139532 14819
14819 165448
14819 192
165448 192
192 23626
23626 805
805 104819
104819 768
768 4287
4287 248432
