130826 4479
130826 2138
130826 677
4479 15858
15858 18692
15858 42
15858 45
15858 1531
15858 3115
18692 203822
18692 3115
203822 42
42 302226
42 515
42 55245
42 173477
42 217324
302226 138
302226 383
138 351009
138 40819
138 3115
138 173477
138 206583
138 69032
138 456391
138 153629
138 179828
138 1754
138 134684
351009 26153
26153 335849
26153 387978
26153 13811
26153 677
26153 43
387978 13811
13811 122755
13811 383
13811 54387
122755 689
122755 677
122755 2164
689 86123
689 58256
689 2138
689 7782
689 373791
689 17538
689 515
689 55245
689 400
689 6993
689 677
689 2164
86123 58256
86123 7782
86123 515
86123 677
58256 2138
58256 7782
2138 35632
2138 7782
2138 373791
2138 17538
2138 400
2138 6993
2138 677
35632 7782
35632 515
35632 400
35632 677
35632 979
35632 383
7782 373791
7782 17538
7782 6993
7782 677
7782 7997
7782 30365
373791 17538
373791 677
17538 390320
17538 20021
17538 40819
17538 677
17538 5873
17538 979
390320 359813
390320 73744
359813 73744
73744 20021
20021 40819
40819 515
40819 677
40819 383
515 14983
515 677
515 30052
515 30365
14983 6558
14983 677
6558 2707
2707 55245
2707 400
2707 6993
2707 1438
2707 1474
2707 2164
55245 400
55245 677
400 36264
400 5873
400 1474
36264 6993
36264 677
36264 2164
6993 677
6993 58624
677 194331
677 173477
677 870
677 1438
677 6725
677 7997
677 54387
677 349
677 134684
677 2164
677 30365
194331 45
194331 1531
194331 349
45 30052
45 1754
30052 1531
1531 5873
1531 1622
5873 3115
3115 173477
173477 979
979 166997
979 69032
979 6725
979 138050
979 134684
166997 16215
16215 297333
16215 206583
206583 69032
69032 257296
69032 122033
69032 217324
257296 122033
122033 217324
217324 383
383 456391
383 138050
456391 43
43 153629
153629 100458
153629 349
100458 16242
16242 179828
16242 870
179828 870
870 1754
1754 1622
1754 2164
1622 4672
4672 1438
1474 6725
6725 41605
41605 7997
7997 58624
58624 57176
57176 27750
57176 72783
57176 92829
27750 57132
27750 7551
57132 54791
57132 57958
57132 7551
54791 72783
54791 7551
72783 57958
72783 186803
72783 92829
57958 186803
186803 57404
186803 7551
186803 19153
57404 148769
57404 92829
57404 7551
57404 19153
148769 39252
148769 7551
39252 35443
35443 92829
35443 7551
92829 134864
92829 7551
134864 7551
7551 364931
7551 322450
7551 103091
7551 138050
7551 54387
322450 150927
150927 300038
150927 56797
300038 56797
56797 321140
321140 19153
19153 103091
103091 124163
103091 138050
103091 138075
124163 138050
124163 138075
138050 138075
138050 45005
45005 54387
45005 349
54387 349
349 134684
134684 2164
2164 30365
