5791 4431
4431 360531
360531 230316
230316 205396
205396 215468
215468 965
965 412842
965 176460
965 44174
965 409
965 94697
965 464
965 40378
965 36669
176460 88
88 324295
88 293799
88 44446
88 409
88 1250
88 355198
88 284854
88 294325
88 93109
88 157607
88 36669
88 187242
88 130613
88 82687
324295 38155
324295 1274
38155 293799
38155 14031
293799 6968
293799 1274
6968 365812
365812 40533
40533 3969
3969 106338
3969 43987
106338 9360
9360 2011
2011 10344
2011 396
10344 2684
2684 1274
2684 396
2684 2680
2684 15451
1274 39118
1274 62168
1274 44174
1274 178090
1274 409
1274 284854
1274 294325
1274 93109
1274 464
1274 199207
1274 36669
1274 187242
1274 5128
1274 130613
1274 2680
1274 85970
39118 43987
39118 14031
39118 29233
43987 34241
43987 14031
34241 91238
34241 62215
34241 31088
34241 39511
34241 31955
34241 373857
34241 35365
34241 54794
34241 83183
91238 310781
310781 62215
310781 31955
310781 54794
62215 328166
62215 39511
62215 31955
62215 35365
62215 54794
328166 39928
328166 39511
39928 104556
104556 44446
104556 396
104556 14031
44446 62168
44446 82687
44446 102511
44446 85970
62168 7594
7594 44174
44174 396
396 178090
396 40378
396 199207
396 187242
396 129468
396 84448
396 130613
396 15451
396 85970
178090 30084
178090 21278
178090 2680
30084 7998
30084 4412
7998 222570
7998 54417
7998 409
7998 36785
7998 464
7998 130613
222570 54417
222570 409
54417 409
409 36785
409 13082
409 3801
36785 1250
1250 355198
1250 284854
284854 4412
4412 294325
4412 13082
294325 13082
13082 94697
94697 93109
93109 24387
24387 464
464 3801
3801 40378
40378 19264
40378 40369
40369 2433
2433 199207
199207 21278
199207 15451
21278 101781
101781 157607
101781 36669
157607 36669
36669 187242
187242 129468
129468 5128
5128 84448
84448 130613
130613 2680
2680 354054
2680 15451
354054 15451
15451 82687
82687 19539
82687 29233
19539 31088
31088 39511
31088 31955
31088 54794
39511 207033
39511 170779
39511 31955
39511 373857
39511 35365
39511 54794
207033 44019
207033 31955
44019 255740
255740 102511
102511 61876
102511 29233
102511 51686
61876 115600
115600 125988
125988 85970
85970 14031
85970 29233
14031 46158
46158 155372
155372 90946
90946 72207
72207 344054
72207 170779
344054 170779
170779 31955
170779 35365
170779 29233
31955 373857
31955 35365
31955 54794
31955 83183
373857 35365
373857 54794
35365 273455
35365 83183
273455 54794
54794 83183
83183 29233
29233 192340
192340 51686
