296581 27869
27869 324188
324188 2287
324188 1274
2287 369406
2287 178808
2287 47958
2287 13633
2287 142114
369406 6689
6689 165964
6689 2278
165964 2278
165964 14729
165964 216
2278 178808
2278 14729
2278 87075
2278 47958
2278 103532
2278 35088
2278 13633
2278 1274
178808 14729
178808 13633
14729 87075
14729 13633
87075 8406
8406 47958
8406 37722
47958 37722
47958 5380
47958 1274
47958 1062
37722 103532
37722 35088
103532 35088
35088 76719
76719 44970
44970 92601
44970 1274
92601 71460
71460 126703
71460 84716
71460 8582
71460 2342
126703 84716
84716 3805
3805 80582
80582 329676
329676 34452
34452 8292
34452 2342
8292 1047
1047 13667
13667 87399
13667 2673
87399 51500
87399 2673
51500 2673
2673 226061
2673 173314
226061 159574
159574 194085
194085 162317
162317 140447
162317 167232
162317 111118
162317 117073
162317 192075
140447 167232
167232 111118
167232 117073
167232 192075
111118 173314
111118 89474
111118 192075
173314 175358
175358 187062
187062 38631
38631 89474
89474 117073
117073 192075
192075 91116
192075 9985
9985 125782
9985 158176
125782 158176
158176 171574
171574 84679
84679 39695
39695 119310
39695 2342
119310 119943
119310 1062
119943 39463
39463 411445
411445 8582
8582 263155
263155 13633
13633 5380
13633 216
13633 1062
5380 77175
5380 1062
77175 1274
77175 1062
1274 82564
1274 6948
1274 16461
1274 89428
1274 188726
1274 63002
1274 216
1274 2342
1274 250037
1274 1062
82564 44194
82564 6948
82564 6971
82564 1062
44194 201517
44194 35456
44194 31028
44194 6971
201517 6948
6948 86633
6948 307697
6948 89428
6948 188726
6948 135850
6948 63002
86633 114573
86633 6971
114573 103936
103936 123033
103936 57958
123033 35481
35481 307697
35481 135850
35481 138463
307697 16461
307697 31028
16461 89428
16461 188726
16461 135850
16461 63002
89428 35456
89428 31028
89428 19947
89428 1062
35456 188726
35456 1062
188726 31028
188726 6971
188726 19947
188726 1062
31028 135850
135850 6971
135850 2342
6971 63002
6971 250037
63002 19947
63002 1062
19947 124567
19947 138463
19947 76001
19947 39371
19947 1062
138463 76001
76001 39371
39371 57958
57958 29922
29922 216
216 45119
45119 120018
45119 30021
45119 1062
120018 30021
120018 1062
30021 78830
78830 2342
2342 250037
250037 1062
1062 142114
1062 3357
142114 30923
30923 38898
38898 3357
