300933 27861
27861 27838
27838 739
27838 1267
27838 79
27838 891
739 136907
739 70601
739 79
739 920
739 10
136907 70601
136907 79
70601 12874
12874 11363
12874 11348
12874 816
11363 189048
11363 12872
11363 12892
189048 2353
189048 352
189048 960
2353 202372
2353 529
2353 258444
2353 2593
2353 352
202372 529
202372 2670
529 107545
529 40760
529 46824
529 920
529 120381
529 91356
529 370
529 71
529 205
529 2670
107545 40760
107545 920
107545 370
107545 205
107545 2670
40760 81298
40760 46824
40760 920
40760 370
81298 46824
81298 960
81298 370
46824 172733
46824 891
172733 1267
172733 1881
172733 891
172733 370
172733 10
172733 78
172733 205
172733 2670
1267 435284
1267 1881
1267 37869
1267 93
1267 408305
1267 38984
1267 2593
1267 129497
1267 816
1267 17073
1267 164416
435284 1881
435284 78
1881 100290
1881 10
1881 164416
1881 54924
100290 79925
100290 10097
100290 370
100290 78
100290 205
79925 79913
79925 10097
79913 12872
12872 63625
12872 10097
12872 10
12872 78
63625 11348
11348 143927
143927 79
143927 352
143927 205
143927 2670
79 37869
37869 93
93 408305
93 38843
408305 891
891 258444
891 96017
891 920
891 17073
891 42786
258444 352
258444 960
96017 12898
12898 12892
12892 65916
12892 14914
12892 370
65916 106163
106163 209796
106163 13894
209796 26242
209796 10
26242 177197
26242 13894
177197 53417
53417 9423
53417 71
9423 39682
9423 13894
39682 38984
38984 4271
38984 13894
38984 816
38984 960
4271 2593
4271 352
2593 920
2593 816
2593 352
2593 370
2593 205
2593 2670
920 38843
920 352
920 960
920 370
920 42786
38843 174470
38843 960
174470 88028
174470 2670
88028 534
88028 370
88028 71
88028 205
88028 2670
534 10344
534 78
10344 92037
10344 10097
92037 10097
92037 960
92037 370
10097 129504
129504 129497
129497 76885
129497 10320
76885 139679
139679 14914
139679 370
139679 205
14914 120381
14914 816
14914 370
14914 71
14914 205
14914 2670
120381 10320
10320 10150
10150 13894
13894 78458
13894 164416
78458 816
816 312808
816 352
312808 352
352 91356
352 960
352 36498
352 126664
352 46442
91356 960
960 36498
960 370
960 164416
36498 370
370 268844
370 126664
370 71
370 42786
370 78
370 15511
370 205
370 2670
126664 71
71 1075
71 10
71 17073
71 205
71 94829
71 2670
1075 2368
2368 125649
2368 11464
2368 17073
125649 11464
11464 10
10 17073
10 12033
10 363643
10 2670
17073 187158
17073 78
187158 42786
42786 56115
56115 125257
125257 43725
43725 164416
164416 78
78 54924
54924 15511
54924 205
15511 46442
15511 205
46442 12033
363643 205
205 353670
205 72662
205 2670
353670 94829
94829 72662
72662 2670
2670 339896
339896 286789
