426208 34268
34268 339866
34268 49182
34268 376352
339866 49182
49182 376352
49182 53504
49182 78956
376352 53504
53504 45433
45433 54794
45433 16344
54794 427001
54794 14056
54794 31086
54794 16519
54794 78956
427001 14056
14056 53894
14056 31086
14056 16519
53894 31086
53894 16519
31086 170897
31086 16344
31086 65299
31086 16519
170897 16344
16344 201969
16344 88
16344 53289
16344 6940
16344 78956
16344 40295
201969 31510
31510 47628
47628 103253
103253 109891
109891 38164
109891 7585
38164 242009
38164 243443
38164 175154
38164 64203
242009 7585
242009 2670
7585 135943
7585 243443
7585 175154
7585 306059
135943 243443
135943 331
135943 16457
243443 164664
243443 88
164664 23192
164664 2670
164664 6940
23192 92170
92170 1881
92170 88
92170 8209
1881 247479
1881 88
1881 22465
247479 88
88 109616
88 310300
88 218500
88 161691
88 3549
88 4368
88 22465
88 19270
88 162857
88 29417
88 6940
88 78956
109616 68102
109616 71240
109616 72451
68102 428347
68102 71240
68102 72451
68102 65838
428347 71240
71240 310300
310300 66874
66874 71370
71370 72451
72451 405422
72451 65838
72451 2670
405422 65838
65838 266784
266784 76294
76294 77875
77875 12498
12498 75442
12498 95804
75442 95804
95804 322768
322768 2670
2670 418174
2670 29417
2670 175154
2670 421197
2670 6940
418174 331
331 218500
331 19270
331 162857
218500 8209
218500 352
218500 3549
8209 221814
8209 352
8209 3549
8209 4368
8209 2164
221814 352
221814 3549
221814 4368
221814 2164
221814 7932
352 5808
352 161691
352 3549
352 4368
352 22465
352 19270
352 226897
352 100587
352 78956
5808 19339
5808 3549
5808 7932
19339 21456
21456 20047
21456 3549
20047 161691
20047 3549
161691 11572
11572 133777
133777 3549
133777 62448
3549 371890
3549 163859
3549 4368
3549 22465
3549 2164
3549 19270
3549 162857
371890 4259
4259 202781
4259 22465
4259 19270
4259 86222
4259 62448
4259 162857
4259 100587
202781 7956
7956 163859
163859 4368
4368 22465
4368 2164
4368 19270
22465 2164
2164 19270
2164 100587
2164 181027
2164 29417
2164 6940
19270 34546
19270 7932
34546 86222
86222 62448
62448 162857
162857 7932
7932 226897
226897 100587
100587 8381
8381 177639
177639 173085
177639 213253
173085 213253
173085 53572
213253 181027
181027 53572
53572 89877
89877 93052
93052 29417
175154 64203
64203 306059
306059 8914
8914 421197
421197 16457
16457 32505
32505 65299
32505 6940
65299 16519
16519 53289
16519 78956
16519 40295
53289 6940
6940 78956
78956 40295
