156486 33501
33501 81619
81619 2236
81619 206
81619 330
81619 403
2236 2130
2236 18513
2236 11185
2236 175577
2130 3196
3196 17650
3196 1988
3196 2739
3196 16932
3196 11185
17650 206
206 360840
206 95789
206 18513
206 76515
206 47461
206 95702
206 116701
206 235984
206 69032
206 22479
206 6704
206 1988
206 804
206 156332
206 11185
206 20368
206 123099
206 54487
206 13892
206 235207
206 32811
360840 18308
360840 330
360840 335
18308 95789
95789 6832
95789 19
95789 335
6832 73231
6832 92918
73231 152824
73231 92918
73231 177341
152824 92918
92918 177341
92918 166458
92918 21933
177341 1057
1057 49988
1057 13566
49988 3492
49988 616
3492 616
616 11233
11233 23073
23073 18513
18513 17575
18513 1988
18513 11185
18513 403
18513 335
17575 76515
17575 116701
17575 11185
76515 79675
76515 45867
76515 19
76515 403
79675 45867
45867 11112
11112 395
11112 49093
11112 1988
11112 335
395 15359
395 1988
395 354
395 403
395 8
15359 49093
15359 47461
15359 1988
49093 42916
49093 47461
49093 1988
49093 804
42916 47461
42916 65659
42916 1988
47461 35673
47461 1988
47461 354
47461 11711
35673 121659
121659 95702
121659 335
121659 8
95702 166458
95702 1988
95702 804
95702 123099
95702 335
95702 8
166458 27545
27545 116701
116701 2416
116701 92
116701 1988
116701 335
2416 62514
2416 1988
2416 80389
62514 65659
62514 1988
65659 92
92 104527
92 14943
104527 87049
87049 235984
235984 80945
235984 69032
80945 69032
80945 6642
69032 137206
69032 6695
69032 6704
69032 1988
69032 335
137206 6695
137206 335
6695 6685
6695 103836
6695 93296
6695 187547
6695 6704
6685 266876
6685 6642
6685 93296
6685 187547
6685 254613
266876 21958
21958 22479
22479 103836
22479 335
103836 6642
6642 93296
6642 6704
93296 187547
93296 6704
187547 6684
6684 254613
6684 6704
254613 6704
6704 1988
1988 419147
1988 804
1988 19
1988 80389
1988 13566
1988 5067
1988 403
1988 8
419147 804
804 110785
804 403
804 8
110785 19
19 156332
19 330
19 403
19 11711
19 13892
19 235207
19 8
156332 330
156332 8
330 226844
330 403
330 11711
330 150254
226844 354
354 257358
354 403
354 150254
354 8
257358 2739
2739 80389
2739 11185
80389 16932
80389 8
16932 13566
16932 11185
16932 8
13566 4400
13566 8
4400 23019
4400 20368
4400 403
23019 11185
23019 335
11185 20368
11185 335
20368 5067
20368 335
5067 403
5067 8
403 175577
403 11711
175577 11711
11711 93856
93856 219425
219425 21933
21933 14943
14943 123099
123099 335
335 54487
335 13892
335 235207
335 216275
54487 13892
54487 8
13892 235207
13892 8
235207 150255
235207 8
150255 150254
150254 216275
216275 8
8 77475
77475 23643
77475 98362
23643 32811
32811 98362
