129495 32245
129495 2332
32245 51341
32245 1062
32245 1971
32245 44250
32245 1503
51341 129492
51341 108925
51341 150466
51341 44250
51341 112750
129492 5193
129492 407
5193 173143
5193 31365
5193 120630
5193 44250
5193 25356
5193 187918
5193 1988
5193 115387
5193 4740
5193 5226
5193 349771
5193 1503
173143 335
173143 1062
173143 322
173143 188
173143 1988
173143 407
173143 5226
173143 1503
335 294598
335 1062
335 1971
335 136851
335 108925
335 44250
335 12672
335 6364
335 4344
335 154210
335 36244
335 154517
335 130001
294598 1062
294598 6948
1062 31365
1062 1971
1062 322
1062 44250
1062 112750
1062 12672
1062 25356
1062 187918
1062 4344
1062 5716
1062 154210
1062 1988
1062 5226
1062 36244
1062 154517
1062 78056
1062 1503
1062 7782
1062 610
1062 9987
1062 60409
31365 1971
31365 322
31365 188
31365 4259
31365 1988
31365 5226
31365 63932
31365 317
31365 1503
1971 136851
1971 322
1971 44250
1971 12672
1971 8942
1971 188
1971 4344
1971 318575
1971 1988
1971 503
136851 23685
136851 1503
23685 26076
23685 393457
26076 120630
120630 322
120630 188
120630 317
322 108925
322 4344
322 83532
322 503
322 90842
108925 150466
108925 44250
108925 112750
108925 33514
108925 9987
150466 44250
150466 33514
150466 83532
44250 112750
44250 33514
44250 1988
44250 5226
44250 1503
112750 33514
33514 12672
12672 8942
12672 188
12672 317
12672 1503
8942 25356
8942 36244
8942 154517
8942 1503
8942 9987
25356 6364
25356 188
25356 1988
25356 407
25356 5226
25356 14946
25356 1503
6364 5271
6364 188
6364 407
5271 188
188 187918
188 1988
188 407
188 5226
188 2332
187918 4386
187918 4344
187918 4259
187918 4368
187918 5716
187918 1988
187918 407
187918 5226
187918 317
187918 3549
187918 1503
187918 9987
4386 50950
4386 4368
4386 14813
4386 1988
4386 8395
4386 4740
4386 3549
50950 4344
50950 4368
50950 5716
50950 407
50950 8395
50950 3549
50950 7782
4344 284665
4344 4259
4344 4368
4344 979
4344 5716
4344 1988
4344 407
4344 81698
4344 5226
4344 503
4344 317
4344 3549
4344 1503
4344 7782
4344 610
4344 13678
4344 9987
284665 169119
284665 317
284665 3549
284665 1503
169119 393457
169119 979
169119 1988
393457 4259
393457 979
393457 317
4259 318575
4259 103555
4259 5716
4259 154210
4259 407
4259 81698
4259 8395
4259 230212
4259 222514
4259 5226
4259 36244
4259 154517
4259 153872
4259 7782
4259 610
4259 13678
4259 9987
318575 4368
318575 1988
318575 407
318575 503
318575 317
318575 3549
4368 103555
4368 154210
4368 1988
4368 407
4368 8395
4368 4740
4368 5226
4368 349771
4368 503
4368 3549
4368 331207
4368 7782
103555 14813
103555 5716
103555 1988
103555 407
103555 4740
103555 317
103555 3549
103555 9987
14813 233022
14813 3549
233022 979
233022 317
233022 3549
979 13994
979 81698
979 230212
979 78056
979 420971
979 153872
13994 17995
17995 5716
17995 1988
5716 154210
5716 1988
5716 8395
5716 222514
5716 5226
5716 153872
5716 1503
5716 7782
5716 610
5716 9987
154210 1988
154210 407
154210 5226
154210 31171
154210 317
154210 1503
1988 115387
1988 407
1988 81698
1988 4740
1988 222514
1988 5226
1988 349771
1988 169324
1988 2332
1988 60007
1988 36244
1988 154517
1988 6948
1988 3549
1988 153872
1988 1503
1988 7782
1988 610
1988 13678
115387 407
115387 83532
115387 5226
407 81698
407 4740
407 5226
407 349771
407 169324
407 2332
407 60007
407 503
407 317
407 3549
407 7782
407 9987
81698 8395
81698 503
81698 3549
81698 1503
81698 7782
8395 230212
8395 4740
8395 349771
8395 31171
8395 317
8395 3549
8395 1503
8395 331207
230212 4740
230212 3549
230212 7782
4740 222514
4740 5226
4740 349771
4740 3549
4740 153872
222514 83532
222514 5226
222514 317
222514 3549
222514 1503
83532 424169
83532 331207
424169 5226
5226 349771
5226 169324
5226 2332
5226 60007
5226 154517
5226 6948
5226 3549
5226 1503
349771 31171
349771 317
349771 3549
349771 1503
31171 14947
14947 63932
63932 169324
169324 2332
2332 60007
2332 34417
60007 4881
60007 73985
60007 6948
4881 73985
73985 36116
36116 36244
36244 154517
36244 72039
36244 6948
36244 130001
36244 1503
154517 202307
154517 6948
154517 1503
202307 114898
202307 6948
114898 8827
114898 6948
8827 72039
72039 59417
72039 6948
72039 1503
59417 72866
72866 6948
72866 158711
6948 158711
6948 60409
158711 130001
130001 60986
130001 1503
60986 154276
154276 14946
14946 34417
34417 582
582 503
503 78056
503 3549
503 1503
503 7782
503 9987
78056 54989
78056 3549
54989 183494
183494 317
317 420971
317 153872
420971 3549
3549 153872
3549 331207
3549 7782
153872 1503
1503 331207
1503 610
1503 9987
1503 60409
331207 7782
7782 610
610 11814
610 13678
610 9987
11814 13678
13678 90842
90842 9987
9987 124517
124517 60409
