401112 216
216 229609
216 6644
216 196334
216 162228
216 68162
216 158771
229609 5035
5035 222246
222246 2353
222246 317
2353 225515
2353 84757
2353 2278
2353 196748
2353 93483
225515 965
965 11345
965 207741
965 22523
965 13620
965 146727
965 196748
965 240913
965 19877
11345 21432
21432 2609
2609 139238
2609 317
139238 1647
1647 73589
73589 350126
350126 53135
53135 258836
258836 1971
258836 317
258836 1834
1971 4411
1971 196334
1971 295621
1971 158771
1971 236781
1971 240913
4411 241874
4411 317
4411 1834
241874 12715
241874 11956
12715 305719
12715 14958
305719 18832
305719 317
18832 12690
18832 12669
18832 50143
12690 59231
12690 12669
59231 142484
59231 93483
142484 12669
142484 317
12669 14958
12669 50143
14958 269779
14958 50143
269779 6644
269779 40699
269779 331
269779 9237
269779 2266
6644 356539
6644 196334
6644 295621
6644 68162
6644 348777
6644 237123
6644 16158
6644 76828
6644 2266
356539 40699
356539 2266
40699 379149
40699 288595
40699 196334
40699 16158
288595 331
288595 12003
288595 2266
331 196334
331 12003
331 295621
331 176206
331 237123
331 207741
331 9166
331 22523
331 13620
331 9237
331 158771
331 2266
331 93483
196334 12003
196334 2266
12003 295621
12003 68162
12003 84757
12003 56475
12003 158771
12003 2266
295621 165972
295621 2266
165972 162228
165972 2266
162228 68162
162228 28250
68162 28250
68162 2278
68162 9237
68162 2266
28250 348777
28250 2278
28250 16228
28250 207741
28250 16158
28250 9166
28250 76828
28250 22523
28250 13620
28250 158771
348777 84757
348777 2266
84757 176206
84757 2278
84757 2266
176206 2278
176206 237123
176206 2266
176206 317
2278 237123
2278 16228
2278 207741
2278 16158
2278 9166
2278 76828
2278 22523
2278 13620
2278 9237
2278 2266
2278 178839
2278 317
2278 1834
237123 16228
16228 207741
207741 16158
207741 2266
207741 317
207741 1834
16158 9166
16158 37715
16158 22523
16158 2266
9166 76828
9166 2266
76828 37715
76828 37722
76828 22523
76828 13620
76828 2266
37715 37722
37715 13620
37722 22523
37722 13620
37722 56475
22523 13620
22523 2266
13620 56475
13620 2266
56475 9237
9237 42670
9237 158771
42670 158771
158771 2266
2266 178839
2266 317
178839 186659
186659 37952
37952 2676
37952 1834
2676 330706
2676 233638
330706 344143
330706 363100
330706 124972
344143 344145
344143 363100
344143 330705
344145 363100
344145 330705
330705 124972
124972 23788
23788 47482
47482 50143
50143 146727
196748 317
317 233638
233638 1834
1834 454270
454270 11956
11956 236781
11956 37520
236781 16618
240913 26719
26719 19877
19877 7411
7411 43796
43796 46795
46795 26398
26398 60475
26398 124929
60475 2563
60475 73799
2563 37520
37520 124929
124929 16618
16618 243679
243679 19943
19943 166677
166677 1949
1949 73799
73799 93483
