314907 31957
314907 19153
314907 30230
31957 130321
31957 320520
31957 163555
31957 322356
31957 71522
31957 285144
31957 298774
31957 176095
31957 243455
31957 289862
31957 30230
31957 58030
130321 65876
130321 14664
130321 6948
65876 19153
65876 6948
65876 50361
65876 34719
19153 320520
19153 163555
19153 58190
19153 6948
19153 322356
19153 357494
19153 234467
19153 119204
19153 71522
19153 285144
19153 298774
19153 14613
19153 150922
19153 56022
19153 58030
19153 58095
320520 14604
320520 6948
320520 14677
14604 14664
14604 30771
14604 60159
14604 62228
14604 14613
14604 14677
14664 163555
14664 58190
14664 71522
14664 267361
14664 71304
14664 285144
14664 298774
14664 396239
14664 14677
14664 58030
163555 213
163555 6948
163555 50361
163555 14613
163555 138
163555 301
163555 19
213 77647
213 960
213 337356
213 60159
213 19146
213 84685
213 43853
213 362295
213 14677
213 6958
213 122692
213 301
213 162629
213 408
213 94718
213 19
213 162401
77647 960
960 214086
960 8306
960 40374
960 162629
960 408
960 69846
960 1747
960 18419
214086 8306
8306 363550
8306 8383
8306 408
363550 8383
8383 40374
8383 408
40374 153152
40374 408
40374 19
153152 28991
28991 28506
28506 83162
83162 337356
83162 6948
337356 759
337356 6948
337356 138
337356 301
759 58190
759 301
759 408
759 94718
759 19
58190 30771
58190 19146
58190 56022
30771 58548
58548 60159
58548 6948
60159 63788
63788 20908
20908 68113
20908 19146
68113 6948
68113 14613
68113 14677
68113 30230
6948 322359
6948 322356
6948 357494
6948 128661
6948 119204
6948 340195
6948 71522
6948 71304
6948 285144
6948 62228
6948 50361
6948 298774
6948 289862
6948 58030
6948 58095
322359 322356
322359 57138
322356 30230
234467 36368
234467 30230
234467 301
36368 128661
128661 119204
128661 301
119204 113012
119204 19146
119204 57138
119204 138
113012 59811
59811 71383
59811 57138
71383 340195
71383 14677
340195 71522
340195 138
340195 14677
340195 301
71522 267361
71522 14613
267361 19146
19146 214398
19146 60377
19146 43853
19146 14677
214398 60377
214398 30230
60377 71304
60377 14613
60377 14677
71304 285144
71304 14677
285144 57138
285144 14613
285144 14677
285144 30230
57138 377128
57138 243455
57138 34719
377128 60365
60365 62228
62228 50361
50361 298774
298774 14613
298774 14677
14613 396239
396239 138
396239 14677
396239 34719
138 342263
138 411342
138 84692
138 362295
138 56022
138 6958
138 122692
138 301
138 162629
138 44751
138 94718
138 19
411342 38224
38224 207289
38224 84685
38224 84692
207289 84685
207289 43853
207289 301
84685 84692
84685 43853
84692 43853
84692 301
43853 362295
43853 14677
362295 33489
362295 19
33489 234621
33489 301
234621 176095
176095 14677
176095 30230
14677 256174
14677 58030
14677 58095
14677 301
256174 150922
256174 34719
256174 30230
150922 29225
29225 243455
243455 34719
243455 30230
34719 292231
34719 289862
289862 30230
30230 423968
30230 58030
423968 56022
56022 58030
56022 58095
56022 301
56022 19
58030 58095
58095 61918
61918 158405
158405 6958
6958 122692
122692 301
301 85402
301 408
301 94718
301 19
85402 251307
251307 13134
13134 162629
13134 408
162629 408
162629 1747
408 69846
408 1747
408 18419
408 19
69846 1747
1747 18419
18419 1278
1278 44751
44751 94718
94718 19
19 162401
