116703 1651
116703 6494
1651 94758
1651 22566
94758 6494
6494 17604
6494 1276
17604 17218
17218 25715
17218 285771
25715 22566
25715 11792
22566 6093
22566 11044
6093 304547
304547 214294
214294 229282
229282 247058
247058 132116
247058 50674
132116 50674
50674 62661
62661 111513
111513 11465
11465 111520
111520 9396
9396 75782
75782 13235
13235 24866
13235 5270
13235 1276
24866 110536
110536 16148
16148 6370
16148 50
6370 94874
94874 151421
151421 45733
45733 26596
26596 130902
130902 131888
131888 298804
298804 46312
298804 16643
298804 1276
298804 2668
46312 63060
46312 16643
46312 1276
63060 64852
63060 123779
64852 16643
64852 5270
64852 1292
64852 1276
16643 75475
16643 1276
75475 5270
75475 1292
75475 1276
5270 110060
5270 1276
110060 8942
110060 1292
110060 1276
8942 434725
8942 421
8942 285771
8942 2668
434725 1284
1284 326850
1284 421
1284 65887
1284 4014
326850 421
421 36289
421 12746
36289 20380
36289 14980
36289 7937
20380 183930
183930 94347
94347 94346
94347 7937
94347 11044
94346 14980
14980 218318
14980 11044
218318 7937
218318 11044
218318 12746
7937 40234
7937 11044
7937 12746
7937 303941
40234 11044
11044 110327
11044 303941
11044 4014
110327 22678
22678 12746
22678 303941
12746 303941
303941 1292
1292 123779
1292 1276
1292 345329
123779 1276
1276 345329
345329 3494
3494 87406
87406 50
50 140627
50 30059
50 42563
50 38466
50 2301
50 2947
140627 11792
140627 23680
11792 433695
11792 23680
433695 22734
22734 117836
22734 23680
22734 370140
117836 23680
23680 370140
370140 93
93 109050
93 4957
93 147093
93 30059
109050 4957
4957 147093
147093 14584
14584 285771
285771 2668
2668 174030
2668 9100
174030 9100
174030 4929
174030 25106
9100 52245
9100 78617
9100 65887
9100 19179
9100 4929
9100 127712
9100 4014
9100 84084
9100 25106
9100 108394
52245 78617
78617 65887
78617 19179
65887 19179
65887 4929
65887 4014
65887 9106
19179 4929
19179 127712
19179 4014
19179 25106
19179 9106
4929 127712
4929 4014
4929 25106
4929 9106
127712 4014
127712 25106
4014 84084
4014 25106
4014 108394
84084 25106
25106 108394
108394 9106
9106 30059
42563 38466
38466 2301
2301 890
890 2947
2947 25287
