235287 3419
3419 19644
3419 31378
3419 21448
19644 68500
19644 459
19644 88
19644 3298
68500 11132
11132 39975
11132 9125
11132 1483
39975 9125
9125 440001
9125 59
9125 459
440001 196480
440001 88
196480 205604
196480 88
205604 14872
14872 1483
1483 42975
1483 23704
42975 18104
42975 59
42975 519
18104 20388
18104 47375
18104 10744
20388 47375
20388 10744
47375 10744
10744 31378
31378 21448
21448 59
59 78632
59 12514
59 23704
59 20744
59 6409
59 6773
59 4836
59 9867
59 459
78632 24053
78632 246936
24053 177375
24053 66441
177375 66441
66441 38381
66441 60445
66441 12226
66441 1882
38381 431591
431591 60445
60445 430352
430352 87947
87947 12514
12514 246936
12514 12611
12514 21349
12514 12226
12514 519
12514 88
246936 23704
246936 12226
23704 12611
23704 12226
12611 21349
12611 12226
21349 12226
12226 20744
12226 9867
20744 100897
100897 519
519 6409
519 97397
519 88
519 237276
519 21280
519 64911
6409 6773
6773 4836
6773 459
6773 3298
4836 113591
113591 9867
9867 459
9867 1882
9867 1298
9867 88
459 117647
459 1882
117647 1882
1882 308842
1882 1298
308842 1298
1298 304812
1298 88
304812 97669
97669 134207
134207 74623
74623 50361
50361 65100
50361 107153
50361 122267
65100 9003
9003 114058
9003 49718
9003 8852
9003 107153
9003 8840
9003 8828
114058 6929
114058 8840
114058 8828
6929 49718
6929 8840
6929 74093
49718 8852
8852 107153
8852 8732
107153 8840
107153 18383
107153 8732
8840 18383
8840 117024
8840 8732
18383 8828
18383 88
18383 8732
18383 86683
8828 65701
8828 8732
8828 86683
65701 155215
155215 117024
117024 71953
71953 97397
71953 8732
71953 86683
97397 88
88 237276
88 21280
88 144790
88 64911
88 54202
88 69237
88 74093
237276 21280
21280 144790
21280 64911
21280 54202
144790 26371
26371 64911
64911 54202
54202 69237
69237 281125
281125 330569
281125 249856
249856 304446
249856 68909
304446 54207
54207 332968
332968 283972
283972 90394
90394 90391
90394 68909
90394 85063
90391 68909
68909 85063
85063 74093
74093 135754
135754 8732
8732 86683
86683 122267
122267 44962
44962 21042
21042 34314
34314 72832
72832 66612
66612 3298
3298 149568
149568 149566
