318454 8170
318454 26195
8170 1796
8170 10462
8170 1119
8170 2662
8170 4821
8170 10
8170 78023
8170 1969
1796 5979
1796 10
1796 1969
1796 131478
5979 201387
5979 259569
201387 62101
201387 79326
79326 10462
10462 1480
1480 186230
1480 1119
1119 145
145 554
554 152530
554 10
554 5740
554 1969
554 2107
554 33734
554 2055
152530 26195
152530 6929
152530 7533
152530 7592
26195 31564
26195 302468
26195 102314
31564 54011
31564 6929
31564 7533
31564 2055
54011 302468
54011 102314
302468 50336
302468 39154
302468 7533
302468 27004
302468 59945
302468 14075
302468 7592
302468 14549
302468 2055
50336 39154
50336 59945
50336 14075
39154 30228
39154 6929
39154 7533
39154 10
30228 78496
30228 59945
30228 14075
78496 54039
78496 27004
78496 14648
78496 82125
54039 333162
54039 280242
54039 289863
54039 14549
54039 316351
54039 85766
333162 364051
333162 7533
333162 14648
333162 14549
364051 280242
280242 30243
280242 14648
30243 102314
102314 6929
102314 7533
102314 27004
102314 14075
102314 19158
102314 14648
102314 7592
102314 14549
6929 335753
6929 14075
6929 289863
6929 79002
6929 33734
6929 23508
335753 7533
335753 7592
7533 53367
7533 58039
7533 388440
7533 66977
7533 14075
7533 165893
7533 19158
7533 199412
7533 14648
7533 289863
7533 4821
7533 316351
7533 395235
7533 79002
7533 33734
7533 356583
53367 58039
53367 14075
53367 19158
53367 14549
58039 27004
58039 19158
58039 14648
58039 14549
27004 388440
27004 66977
27004 102436
27004 199412
388440 59945
388440 19158
388440 14648
59945 314787
59945 7592
59945 276112
314787 66977
314787 7592
66977 102436
102436 189436
102436 14648
189436 14075
189436 14648
189436 14549
14075 165893
14075 199412
14075 289863
14075 14549
14075 79002
165893 19158
19158 199412
19158 2055
199412 59884
199412 2055
59884 128146
128146 81036
81036 373169
373169 14648
373169 14549
14648 102470
14648 289863
14648 395235
102470 145476
102470 4134
145476 289863
289863 4134
289863 85766
4134 172847
4134 211
172847 2662
172847 515
2662 420814
2662 145254
2662 79002
2662 515
420814 762
762 14443
762 83623
762 5740
762 145254
14443 57
57 81191
57 145254
57 356583
81191 101309
101309 83623
83623 4821
4821 329260
4821 145254
4821 7592
4821 2055
329260 4712
329260 211
4712 259569
259569 10
10 5740
10 281
10 78023
10 145254
10 226156
10 51536
10 211
10 33734
10 356583
10 2055
5740 281
5740 1969
5740 211
281 78023
78023 1969
1969 145254
145254 211
145254 2055
226156 51536
51536 131478
131478 69498
69498 7592
7592 276112
276112 82125
276112 14549
82125 14549
14549 407783
14549 316351
14549 79002
316351 85766
85766 395235
395235 79002
79002 515
515 17680
515 211
515 2055
17680 3786
3786 165522
3786 211
165522 211
211 2107
2107 33734
33734 23508
23508 25012
25012 356583
356583 2055
2055 146906
146906 38447
146906 23451
38447 303209
303209 23451
