400678 154645
154645 250720
250720 321227
321227 442058
442058 9767
9767 9791
9791 65217
9791 50890
65217 8755
65217 1284
8755 383976
8755 52485
8755 31741
8755 31011
8755 95040
383976 2689
383976 213
52485 31741
31741 31011
31011 64327
31011 95040
64327 95040
95040 75960
75960 5686
5686 81406
81406 221339
221339 258839
258839 2055
258839 138
2055 427275
2055 2689
2055 38230
2055 50890
2055 322
2055 230444
2055 260072
2055 10333
2055 94979
2055 249585
2055 151397
2055 138
2055 252371
2055 1971
2055 420330
2055 98167
427275 2689
427275 213
427275 138
427275 2662
2689 61765
2689 213
2689 165956
2689 230444
2689 3197
2689 260072
2689 10333
2689 94979
2689 301
2689 138
2689 1971
2689 420330
2689 98167
61765 213
61765 956
61765 43
61765 138
213 174422
213 20013
213 38230
213 322
213 230444
213 96190
213 3197
213 9251
213 260072
213 10333
213 134395
213 15969
213 91953
213 94979
213 249585
213 197874
213 301
213 151397
213 1971
213 420330
174422 956
956 20013
956 73222
956 23311
20013 38230
20013 322
20013 1988
20013 2662
38230 192429
38230 41692
38230 43
38230 301
38230 138
38230 2662
192429 41692
41692 165956
165956 126719
165956 301
165956 138
126719 24314
24314 114270
114270 82056
114270 1988
114270 301
114270 88
82056 12567
82056 301
82056 88
12567 50890
50890 322
50890 188
50890 134395
50890 301
50890 88
322 230444
322 260072
322 94979
322 249585
322 197874
322 273815
322 151397
322 252371
322 1971
322 98167
230444 188
230444 43
230444 1284
230444 301
230444 138
230444 2662
188 96185
188 96190
188 1988
188 43312
188 9543
188 50401
188 565
188 301
188 174360
188 1971
96185 96194
96185 96190
96185 88
96194 96190
96190 3197
96190 43
96190 1988
96190 301
96190 88
96190 138
3197 9251
3197 260072
3197 43
3197 1988
3197 9543
3197 565
3197 94979
3197 249585
3197 301
3197 138
3197 1971
9251 5508
9251 9254
9251 260072
9251 43
9251 1284
9251 301
9251 1971
5508 9254
5508 260072
9254 260072
9254 1284
260072 43
260072 1284
260072 301
260072 138
260072 2662
260072 1971
43 287217
43 10333
43 15969
43 103279
43 1988
43 50401
43 565
43 94979
43 301
43 273815
43 151397
43 1971
43 98167
287217 10333
287217 10593
10333 134395
10333 1988
10333 301
10333 88
10333 138
10333 2662
10333 1971
134395 10383
134395 1284
134395 301
134395 138
10383 19393
19393 90193
90193 15969
90193 1988
90193 301
15969 103279
15969 1971
103279 91953
91953 38458
91953 91945
38458 163697
38458 91945
38458 301
163697 91945
91945 67156
67156 5064
5064 10674
10674 1988
10674 88
1988 137722
1988 43312
1988 9543
1988 50401
1988 94979
1988 151397
1988 88
1988 138
1988 174360
1988 1971
137722 43312
43312 9543
43312 50401
9543 50401
9543 301
50401 46813
50401 88
46813 565
565 94979
94979 148169
94979 1291
94979 1284
94979 301
94979 10593
94979 88
94979 138
94979 2662
94979 1971
148169 1291
1291 249585
1291 138
1291 98167
249585 301
249585 88
249585 138
197874 1284
197874 301
197874 88
197874 138
197874 1971
1284 73222
1284 301
1284 1971
73222 301
73222 138
301 273815
301 151397
301 15965
301 138
301 252371
301 2662
301 94529
301 1971
301 420330
273815 10593
273815 138
10593 151397
151397 15965
151397 138
15965 9749
9749 252316
252316 88
88 233919
88 252371
88 94529
88 420330
88 98167
233919 6968
6968 298658
298658 138
138 252371
138 420330
252371 2662
2662 94529
2662 1971
2662 420330
94529 174360
94529 1971
174360 1971
1971 420330
1971 98167
98167 2044
2044 23311
