70580 27
27 185632
27 16109
27 220
27 97374
27 847
185632 1564
185632 220
185632 1274
1564 41648
1564 1274
1564 9914
41648 84434
41648 5794
41648 16109
84434 5794
5794 32917
5794 2417
32917 41662
32917 16109
32917 2417
41662 6801
41662 220
6801 16109
6801 220
6801 1274
16109 4433
16109 529
4433 24800
4433 1274
4433 9110
4433 598
4433 97374
24800 220
24800 2353
220 180915
220 22328
220 38794
220 1274
220 71277
220 9110
220 25850
220 29232
220 97374
220 847
180915 22305
180915 22328
22305 22328
22305 2417
22328 38794
38794 13131
13131 136550
136550 15801
136550 2417
15801 50142
15801 17182
15801 529
15801 2417
50142 17182
50142 9914
17182 85235
17182 529
17182 2417
17182 9914
85235 1274
1274 218646
1274 529
1274 71277
1274 6948
1274 244235
1274 2417
1274 598
1274 847
218646 59649
59649 529
529 71277
529 2353
529 96326
529 2417
529 9914
529 184381
71277 2397
71277 2417
71277 598
71277 97374
2397 34638
34638 14571
34638 14075
34638 2417
14571 275539
14571 21081
14571 173325
14571 95079
14571 433912
275539 57958
57958 58076
57958 64550
57958 95079
58076 21081
21081 173325
173325 323179
323179 40285
40285 266981
40285 312128
40285 107211
40285 163275
40285 39524
40285 40323
40285 433152
266981 64550
266981 40558
266981 39524
64550 71578
64550 40323
64550 14075
71578 95079
95079 40558
40558 312128
40558 107211
312128 107211
312128 39524
312128 40323
107211 163275
107211 39524
107211 40323
163275 59985
163275 40323
59985 447995
59985 33601
447995 54796
54796 351307
351307 39524
39524 338098
338098 6948
6948 287712
6948 409032
6948 433912
6948 261632
6948 244235
6948 296903
287712 409032
409032 40323
40323 433152
40323 14075
40323 433912
433152 14075
14075 433912
433912 69865
69865 33601
33601 261632
261632 244235
244235 30973
244235 2417
30973 296903
30973 2417
296903 9110
9110 290790
290790 2353
2353 212178
2353 96326
212178 96326
212178 9914
96326 2417
2417 331278
2417 9914
2417 244532
2417 598
2417 129540
331278 9914
9914 244532
244532 598
598 25850
25850 123170
123170 170654
170654 129540
129540 38922
129540 148196
38922 428682
38922 148196
148196 155567
155567 29232
29232 97374
97374 191
191 22344
22344 847
847 28426
28426 22929
22929 28445
28445 58303
58303 94027
94027 174139
174139 397818
397818 184381
184381 171020
171020 87832
87832 158471
