340153 83216
83216 19150
83216 14648
83216 88
83216 31681
19150 65256
19150 37816
19150 92020
19150 51709
19150 44020
19150 14590
19150 39224
19150 125669
19150 208253
19150 72740
19150 211914
19150 67721
19150 304563
19150 31671
19150 60146
19150 16344
19150 34959
19150 234270
65256 134869
65256 16535
65256 14070
65256 14590
65256 35353
65256 14549
65256 28174
65256 67721
65256 31450
65256 8711
65256 16344
134869 20926
20926 37816
37816 14070
37816 16344
92020 285202
92020 14549
285202 168082
168082 379240
168082 14549
379240 255905
255905 51709
51709 16535
51709 14590
51709 31760
51709 8711
51709 16344
16535 155960
16535 14070
16535 44020
16535 21041
16535 14549
16535 31760
16535 28174
16535 31715
16535 31681
16535 8711
16535 16344
155960 14070
155960 88
14070 44020
14070 43987
14070 39224
14070 125669
14070 67721
14070 304563
14070 31715
14070 58124
14070 31681
14070 8711
14070 16344
14070 34959
44020 152318
44020 43987
44020 211914
44020 31681
152318 14590
152318 14648
14590 43987
14590 39224
14590 14648
14590 14549
14590 72740
14590 28174
14590 67721
14590 31715
14590 21017
14590 60146
14590 58124
14590 31681
14590 220165
14590 16344
14590 125657
14590 34959
14590 40271
14590 213931
43987 39224
43987 33650
43987 14648
43987 31715
43987 63475
43987 8711
43987 34959
39224 33650
39224 14648
39224 8711
39224 16344
39224 34959
33650 21041
33650 35353
33650 125669
33650 386910
33650 86393
33650 208253
33650 14549
33650 58124
33650 31681
33650 34959
33650 40271
33650 58028
21041 35353
21041 14549
21041 28174
21041 16344
21041 34959
35353 125669
35353 135803
35353 86393
35353 14549
35353 31681
35353 220165
35353 16344
35353 125657
35353 34959
35353 40271
125669 135803
125669 14648
125669 111668
125669 67721
135803 14648
135803 14549
14648 386910
14648 72740
14648 411274
14648 351780
14648 304563
14648 34964
14648 16344
14648 125657
14648 34959
14648 359445
14648 234270
14648 58028
14648 414908
386910 86393
386910 14549
86393 208253
208253 14549
208253 76561
208253 16344
208253 40271
14549 31760
14549 356266
14549 28174
14549 304563
14549 31715
14549 34941
14549 34964
14549 21017
14549 31681
14549 211720
14549 8711
14549 16344
14549 125657
14549 34959
14549 40271
14549 58028
31760 59396
31760 31715
31760 8711
31760 16344
59396 72740
72740 39108
72740 8711
72740 16344
39108 72850
39108 16344
39108 34959
72850 66683
66683 193000
193000 5193
193000 88
5193 41272
5193 88
5193 31450
41272 87278
41272 2753
41272 88
87278 2753
87278 88
2753 200841
200841 7698
200841 88
7698 32359
32359 119352
32359 49609
32359 76352
32359 32365
119352 49609
119352 32365
49609 113643
49609 32365
49609 70804
113643 76352
113643 32365
76352 32365
32365 70804
70804 88
88 176876
88 276492
88 31450
88 119569
88 53280
88 293287
88 110610
88 60146
88 55126
88 58124
88 211720
88 16344
88 213931
176876 72658
72658 411274
411274 76561
76561 351780
351780 111668
111668 356266
356266 28174
28174 211914
28174 34964
28174 16344
211914 67721
67721 304563
67721 34959
304563 31715
304563 31681
304563 8711
304563 16344
31715 34941
31715 8711
31715 16344
34941 34964
34941 34959
34964 31671
34964 8711
34964 16344
31671 276492
276492 31450
31450 21017
31450 119569
31450 78950
21017 119569
21017 60146
21017 8711
21017 16344
21017 40271
119569 53280
119569 60146
53280 72947
72947 176605
176605 31443
31443 321988
31443 288276
31443 293287
288276 35597
35597 293287
293287 110610
110610 60146
60146 55126
60146 58124
60146 16344
55126 58124
58124 31681
58124 8711
31681 211720
31681 78950
31681 16344
211720 78950
78950 41337
41337 63475
63475 8711
8711 220165
8711 16344
8711 34959
8711 58028
220165 16344
16344 125657
16344 34959
16344 234270
16344 58028
125657 34959
125657 58028
34959 359445
34959 40271
34959 234270
359445 40271
40271 234270
40271 58028
234270 331150
331150 58028
58028 414908
58028 213931
