317273 88
88 160351
88 4
88 79422
88 41736
88 11036
88 209130
88 66039
88 13127
88 195528
88 5196
88 61275
88 405122
88 272273
88 51564
88 95402
88 3549
88 360857
88 2347
160351 268
160351 38040
268 342272
268 38040
268 263805
342272 38040
38040 3252
3252 276973
3252 259596
3252 263805
259596 2875
259596 205
2875 263805
263805 4
263805 2347
4 405127
4 81
4 107433
4 211
4 57060
405127 325
325 143440
325 79422
325 61275
325 205
143440 44102
143440 81
44102 83342
83342 204383
83342 6971
83342 16452
204383 6971
204383 16452
6971 107090
107090 47624
107090 8956
47624 8956
47624 8959
8956 71950
8956 127306
8956 109138
8956 213968
8956 86730
8956 90690
8956 205
71950 127306
71950 8959
127306 49710
127306 8959
127306 2347
49710 109138
49710 237422
109138 237422
109138 8959
109138 16452
109138 205
237422 8959
8959 213968
8959 86730
8959 86640
213968 86730
213968 90690
86730 90690
90690 287246
287246 142885
142885 143032
143032 148510
148510 79422
79422 149106
79422 205
149106 41736
41736 11036
41736 407
41736 272273
41736 3549
11036 407
11036 13127
11036 13082
11036 3549
407 209130
407 13127
407 195528
407 980
407 137723
407 5196
407 81
407 3549
407 3419
407 97327
407 57060
209130 66039
209130 857
209130 3549
209130 3419
66039 13127
13127 195528
13127 3549
13127 3419
195528 980
195528 9328
195528 3549
980 419514
980 18076
419514 23823
419514 3419
23823 94401
23823 13702
23823 432
94401 9590
9590 13702
9590 18076
13702 562
13702 211
13702 432
562 211167
562 3110
562 432
211167 91400
91400 80102
91400 137723
80102 137723
137723 5196
137723 211
5196 61275
61275 7889
61275 205
61275 857
61275 211
7889 405122
405122 2994
405122 2347
2994 50456
2994 272273
50456 33376
50456 3549
33376 91177
33376 81
91177 81
81 107433
81 211
107433 28408
28408 3110
28408 18076
3110 9328
9328 272273
272273 16452
272273 205
16452 86640
86640 18076
86640 205
18076 440
440 51564
51564 60909
51564 211
60909 95402
60909 205
95402 13082
13082 138181
138181 81607
81607 205
81607 3549
81607 3419
205 14275
14275 14311
14311 857
857 268000
268000 3549
268000 3419
3549 360857
3549 211070
3549 211071
3549 3419
360857 2347
360857 3419
2347 211070
2347 403487
211070 211071
211070 3419
3419 201415
3419 403487
403487 10454
10454 97327
97327 14367
14367 112537
112537 211
211 52578
211 432
211 57060
52578 432
432 57060
