206351 6793
206351 1205
206351 383
6793 180014
6793 120026
6793 8547
6793 6650
180014 47893
180014 8
47893 1205
1205 120026
1205 8547
1205 51589
1205 6650
120026 8547
120026 2668
120026 383
8547 18261
8547 51589
18261 8
51589 39738
39738 120519
39738 1805
120519 11879
11879 79376
79376 1805
1805 72775
1805 19714
72775 36233
72775 8767
72775 2662
72775 2668
36233 160511
36233 257675
36233 213252
257675 18388
18388 61257
18388 335912
18388 383
61257 57100
57100 444537
57100 408869
57100 31045
444537 53904
53904 313684
53904 97023
53904 404624
313684 97023
97023 384537
384537 35068
384537 33651
35068 335912
335912 19967
19967 8833
19967 109123
19967 8925
19967 75890
8833 109123
8833 8925
8833 128021
8833 8767
8833 2417
8833 2662
8833 2668
8833 383
109123 8925
109123 65095
109123 65100
109123 128021
109123 8767
109123 383
8925 103944
8925 65095
8925 65100
8925 132486
8925 79071
8925 128021
8925 383
103944 65095
103944 8767
65095 65100
65100 132486
65100 2417
65100 2662
65100 383
132486 79071
79071 75890
79071 8767
79071 383
75890 8730
8730 128021
8730 8767
8730 2417
8730 8
8730 383
128021 8767
8767 408869
8767 181981
408869 75014
408869 2417
75014 136350
75014 2417
136350 74613
136350 136303
74613 136303
74613 31045
74613 8
136303 31045
31045 294597
294597 2417
294597 383
2417 12152
2417 34398
2417 2662
2417 213590
2417 6650
2417 16218
2417 8
2417 383
12152 26496
26496 92111
92111 170352
92111 59268
59268 12266
12266 22689
22689 4298
22689 4368
4298 34460
4298 34503
4298 8
4298 383
34460 34398
34398 2662
34398 383
2662 213590
2662 102760
2662 13867
2662 40525
213590 2668
213590 383
2668 19398
2668 8
2668 383
2668 213252
19398 6650
6650 270926
6650 244938
6650 39093
6650 8
6650 383
270926 16218
16218 46342
46342 6674
6674 244938
6674 47735
244938 39093
39093 47735
47735 3134
3134 34503
34503 33476
33476 385925
33476 181981
385925 29595
29595 294482
29595 13867
294482 4368
4368 13156
13156 102760
102760 13867
102760 8
13867 180282
13867 383
180282 11872
180282 8
11872 210046
210046 8
8 157205
157205 19714
19714 26110
26110 40525
40525 383
383 213252
213252 104984
104984 37508
37508 320383
320383 354825
354825 33651
33651 404624
404624 364051
364051 298420
298420 181981
