12803 11982
12803 3549
11982 161
11982 7937
11982 3549
11982 503
161 24808
161 30299
161 2948
161 4882
161 100745
161 503
161 50916
24808 1187
24808 2153
1187 329326
1187 1971
329326 102772
329326 5588
329326 5616
329326 123367
329326 335
329326 503
102772 5588
102772 36867
102772 102774
5588 36867
5588 61176
5588 156348
36867 61176
61176 1971
61176 5616
61176 156348
61176 335
1971 5616
1971 2194
1971 22432
1971 130746
1971 44379
1971 206788
1971 33942
1971 342944
1971 335
1971 2166
1971 503
1971 13808
1971 156686
5616 156348
5616 102774
5616 335
156348 102774
102774 12648
12648 123367
12648 2194
12648 22432
12648 33942
123367 2194
2194 171217
2194 22432
2194 63049
2194 130746
2194 33942
2194 342944
2194 335
171217 22432
22432 5983
22432 33942
5983 63040
63040 308
308 63049
308 503
308 13072
63049 555
63049 335
63049 2153
555 130746
555 33942
130746 13396
130746 2153
13396 44379
13396 335
44379 100165
44379 335
100165 33945
100165 335
33945 206788
33945 33942
206788 33942
33942 342944
33942 335
342944 128170
128170 119780
128170 53738
119780 174976
119780 102908
119780 53706
119780 53738
119780 119794
174976 159015
174976 202088
174976 119786
174976 129072
174976 119794
174976 141450
159015 202089
159015 102908
159015 53738
159015 2153
202089 102908
202089 129072
202089 53695
202089 53738
202089 104766
202089 119794
102908 202088
102908 119786
102908 129072
102908 53706
102908 53738
102908 190591
102908 53632
202088 119786
202088 129072
119786 129072
119786 53738
129072 53706
129072 149062
129072 190591
129072 119794
129072 141450
129072 53632
53706 53695
53706 109257
53706 149062
53706 53738
53706 119794
53706 141450
53695 109257
53695 53632
109257 205312
109257 53738
109257 119794
109257 53632
205312 149062
149062 53738
53738 104766
53738 142839
53738 119794
53738 53632
104766 126650
126650 142839
142839 190591
190591 119794
119794 141450
141450 53632
53632 335
335 35791
335 250309
335 152775
335 2166
335 2153
335 156686
335 87830
35791 32494
32494 250309
32494 93585
250309 108365
108365 82635
82635 92665
92665 93585
93585 152742
152742 26363
26363 30299
26363 2948
30299 2948
2948 63432
63432 35116
35116 50502
35116 4882
50502 4882
4882 43932
43932 152775
152775 4342
4342 13106
4342 2166
4342 2153
4342 3549
13106 2166
2166 220763
2166 2153
2166 3549
220763 2153
220763 7937
2153 100745
2153 7937
2153 503
100745 7937
100745 3549
7937 87684
7937 3549
7937 7659
7937 503
87684 3549
3549 7659
3549 503
3549 122855
3549 13072
3549 13808
3549 73098
7659 503
503 122855
503 13072
122855 13072
13072 50916
13072 13808
50916 13808
13808 140988
13808 73098
13808 3998
13808 29141
140988 55164
55164 73098
73098 3998
3998 156686
3998 50678
156686 128773
128773 46277
46277 6374
6374 87830
6374 50678
87830 50678
50678 3607
3607 58278
58278 29141
