142661 93
93 118378
93 214988
93 25559
93 98535
93 88
93 26550
93 293058
93 95944
93 160913
118378 1398
1398 62497
1398 6861
1398 15897
1398 63598
1398 4
62497 6861
6861 15897
6861 6772
15897 63598
15897 4
15897 88
63598 4
4 1672
4 5952
4 581
4 28668
4 88
4 5948
4 6772
4 3434
1672 31429
31429 5952
31429 59
5952 163639
163639 16993
16993 216649
216649 2199
2199 232372
2199 6772
232372 9702
9702 47464
9702 81705
47464 3159
47464 88
47464 59
47464 12675
3159 265944
265944 258216
265944 88
258216 266513
266513 263418
263418 217511
263418 88
217511 40797
40797 181881
181881 35772
181881 310
181881 88
35772 141378
141378 310
310 359810
359810 265622
265622 332852
265622 415229
332852 415229
415229 43544
43544 214988
214988 40009
40009 18418
18418 581
18418 88
581 176341
581 8381
176341 123870
123870 62510
123870 44736
123870 28652
123870 26538
123870 13256
123870 2360
123870 28658
62510 453498
62510 29259
62510 26538
62510 13256
62510 2360
62510 28658
453498 44736
453498 26538
44736 28652
44736 29259
44736 26538
44736 13256
44736 443209
44736 345847
44736 2360
44736 98535
44736 28658
28652 33120
28652 87789
28652 29259
28652 380922
28652 28658
33120 79535
33120 28720
33120 29259
33120 26538
33120 13256
33120 60512
33120 8381
33120 59
79535 28720
28720 87789
28720 25559
87789 25559
87789 29259
87789 26538
87789 13256
87789 60512
87789 2360
25559 29259
29259 233091
29259 26538
29259 13256
29259 60512
29259 2360
29259 98535
29259 28658
29259 88
233091 26538
233091 2360
233091 88
26538 380922
26538 33212
26538 13256
26538 345847
26538 2360
26538 98535
380922 2360
33212 33206
33212 13256
33206 13256
33206 2360
33206 88
13256 443209
13256 28668
13256 98535
443209 60512
443209 88
60512 345847
60512 72163
60512 105518
345847 2360
345847 88
2360 28668
2360 98535
2360 28658
2360 144546
28668 98535
98535 28658
28658 144546
144546 72163
72163 105518
105518 88
88 231433
88 89981
88 103915
88 132835
88 35839
231433 26550
26550 293058
293058 95944
293058 4134
95944 160913
160913 8381
8381 81705
8381 5948
81705 8646
8646 106553
106553 190165
190165 41303
190165 6053
41303 6053
41303 5948
41303 59
6053 432238
6053 5948
432238 5948
5948 6772
5948 4134
6772 3434
3434 89981
89981 33819
89981 59
33819 72916
33819 59
33819 132829
72916 64969
64969 59
64969 103915
59 163467
59 103915
59 132829
59 10518
163467 4134
4134 103915
103915 138368
138368 12675
138368 132835
138368 35839
12675 132829
132829 132835
132829 35839
132829 10518
132835 151844
132835 10518
151844 35839
151844 10518
35839 10518
10518 38867
