134479 41284
134479 15373
134479 2179
41284 9738
41284 216
9738 15373
9738 138
15373 32249
32249 9836
9836 93834
9836 53738
9836 53704
9836 53816
9836 80281
9836 53839
9836 69460
9836 142893
9836 53801
9836 53717
9836 177212
9836 92210
9836 5194
9836 7698
93834 53738
93834 53704
93834 104771
93834 99694
93834 53839
93834 53801
93834 142901
93834 53863
93834 53717
53738 53704
53738 104771
53738 53816
53738 80281
53738 99694
53738 53839
53738 142810
53738 142893
53738 53801
53738 53863
53738 53717
53738 177212
53738 92210
53738 53710
53704 104771
53704 80281
53704 313610
53704 142893
53704 53801
53704 53863
53704 53717
53704 92210
104771 53816
104771 69460
104771 142893
104771 53717
53816 200944
53816 80281
53816 53839
53816 69460
53816 142893
53816 53801
53816 53863
53816 53717
53816 92210
53816 53710
200944 80281
200944 53801
200944 53863
200944 177212
80281 99694
80281 53839
80281 69460
80281 53801
80281 142901
80281 53863
80281 53717
99694 313610
313610 53839
313610 53801
53839 142810
53839 69460
53839 53801
53839 53863
53839 53717
53839 92210
53839 53710
142810 69460
142810 53801
142810 53717
69460 190597
69460 142893
69460 53801
69460 53863
69460 53717
69460 92210
190597 142893
190597 53801
190597 53863
142893 53801
142893 142901
142893 53863
142893 53717
142893 177212
142893 53710
53801 142901
53801 53863
53801 53717
53801 177212
53801 92210
142901 53863
142901 177212
53863 53717
53863 177212
53863 92210
53863 53710
53717 177212
53717 92210
177212 92210
177212 53710
92210 53710
92210 48566
53710 48566
48566 27831
48566 138
48566 677
27831 73495
73495 71351
73495 68079
73495 68085
73495 54217
73495 78289
73495 78690
71351 68079
71351 20751
71351 54217
68079 121454
68079 72526
68079 68073
68079 68085
68079 54217
121454 69037
121454 72526
121454 20751
121454 68073
69037 74435
69037 20751
72526 74435
74435 20751
20751 68073
20751 66838
20751 54217
20751 69682
20751 78289
20751 138
68073 68085
68073 54217
68085 85771
68085 66838
85771 67997
67997 128219
128219 70569
128219 54217
70569 66838
66838 69171
66838 54217
66838 78289
69171 54217
54217 69682
54217 78289
69682 78289
78289 78690
78690 74407
74407 1286
74407 138
1286 439288
1286 138
1286 5194
1286 2179
439288 138
138 5429
138 5194
138 193338
138 6951
138 818
138 25516
5429 121705
5429 5194
5429 216
121705 5194
5194 193338
5194 2179
193338 216
216 347335
216 3237
347335 9363
347335 3419
347335 7698
347335 352
9363 45868
9363 317
9363 3419
9363 818
45868 61708
45868 317
45868 3419
45868 352
61708 34622
34622 306427
34622 56924
306427 6951
6951 33581
33581 35134
33581 677
35134 56924
56924 185179
185179 51701
185179 16527
51701 14075
51701 27738
51701 16527
14075 27738
14075 301483
14075 16527
27738 301483
27738 16527
27738 317
301483 16527
16527 186738
186738 57480
57480 225708
225708 317
317 360699
317 263931
317 294261
317 26550
360699 3419
360699 7698
3419 263931
3419 818
3419 294261
3419 352
3419 3237
3419 677
263931 818
263931 352
263931 677
818 380029
818 352
818 3237
818 677
380029 2179
380029 352
380029 677
2179 288622
2179 25516
288622 7698
288622 677
7698 294261
294261 352
352 196798
352 677
352 115297
196798 26550
26550 448476
448476 3237
3237 310474
310474 7809
7809 1248
1248 15702
15702 677
677 111914
677 25516
677 115297
111914 25516
25516 115297
