48447 135956
48447 7268
48447 239541
48447 979
135956 7268
135956 59798
7268 59798
7268 239541
7268 1503
59798 239541
59798 1503
59798 3298
239541 216
239541 979
239541 1503
216 166267
216 18652
216 116822
216 341841
216 3013
216 463
216 401588
166267 59
166267 88
166267 1503
59 114156
59 323
59 33468
59 675
59 164646
59 4344
59 111249
59 329326
114156 41100
114156 323
114156 88
114156 1503
114156 463
41100 979
41100 1503
979 11231
979 158342
979 675
979 251664
979 98522
979 8303
979 18176
979 4344
979 5228
979 25421
11231 49550
49550 11443
11443 385053
11443 323
385053 323
323 329953
323 252071
323 98522
323 5228
323 35528
252071 19857
19857 158342
158342 27394
27394 257086
257086 48853
48853 33468
33468 47206
33468 2156
47206 19861
47206 88
47206 2156
47206 463
47206 2177
47206 3298
19861 75080
19861 26067
19861 3013
19861 251664
75080 26067
75080 9328
75080 88
75080 2156
26067 13367
26067 1503
13367 18652
13367 111249
116822 31546
116822 36176
116822 31576
116822 88
116822 1503
31546 200437
31546 36176
31546 31576
200437 36176
200437 31576
200437 61258
36176 362289
36176 31576
36176 61258
36176 88
36176 1503
36176 463
362289 31576
31576 61258
31576 1503
61258 6411
61258 1503
61258 34796
6411 46289
46289 31028
46289 1503
31028 341841
341841 28452
341841 88
28452 404162
404162 6154
6154 37525
6154 37569
6154 675
6154 3013
37525 37569
37569 675
37569 37567
675 3013
675 5006
675 1503
675 4344
3013 9328
3013 88
3013 2156
3013 1503
3013 4344
3013 2753
3013 463
3013 2177
9328 251664
9328 164646
251664 88
251664 1503
251664 463
88 98522
88 164646
88 2156
88 245339
88 178472
88 463
88 452264
88 2177
88 245959
88 3300
88 25421
88 329326
88 78946
98522 5006
98522 1503
98522 2753
5006 164646
5006 69905
5006 4344
5006 2753
164646 2156
164646 1503
164646 463
164646 3300
2156 245339
245339 1503
1503 69905
1503 4405
1503 67824
1503 8006
1503 18176
1503 4344
1503 2753
1503 13846
1503 452264
1503 161712
1503 5228
1503 25421
69905 4405
69905 4344
69905 2753
4405 67824
4405 18176
4405 2753
67824 8303
67824 18176
67824 4344
67824 2753
8303 178472
8303 4344
178472 8006
178472 2177
8006 18176
8006 4344
8006 5228
18176 4344
18176 2753
4344 94939
4344 2753
4344 13846
94939 2753
2753 27135
2753 13846
27135 13846
27135 2177
13846 463
463 452264
452264 2177
2177 245959
245959 60544
60544 3300
3300 89028
3300 161712
89028 161712
161712 111249
111249 2997
2997 401588
2997 130972
130972 3298
3298 5228
3298 25421
5228 89661
5228 25414
5228 25421
89661 25414
25414 25421
25421 28212
28212 329326
329326 97
97 187
187 78946
78946 16460
16460 31058
31058 7522
7522 33860
33860 31243
31243 35528
35528 34796
34796 365409
365409 37567
