68673 3726
3726 91111
3726 118755
3726 91549
3726 22809
3726 141483
3726 99211
3726 20263
3726 26513
3726 23680
3726 114812
3726 130568
3726 119581
3726 184620
3726 37313
3726 76853
3726 20128
3726 172585
3726 22779
3726 318660
3726 51631
3726 16400
3726 160208
3726 94392
91111 118755
91111 22781
91111 20263
91111 20128
91111 204094
118755 22781
118755 22809
118755 20263
118755 23680
118755 20128
118755 22779
22781 91549
22781 22809
22781 20263
22781 23680
22781 71282
22781 395940
22781 76853
22781 20128
22781 172585
22781 204094
22781 22779
22781 51631
22781 16400
22781 160208
22781 16389
91549 22809
22809 27001
22809 20263
22809 26513
22809 23680
22809 114812
22809 76853
22809 20128
22809 22779
22809 16400
22809 16389
22809 182685
27001 63821
27001 20263
27001 23680
27001 22779
63821 141483
63821 119581
63821 22779
141483 99211
99211 312874
99211 119581
99211 22725
312874 228048
228048 20263
228048 23680
228048 20139
228048 69828
228048 68676
228048 20128
228048 22779
228048 519
228048 2662
20263 26513
20263 23680
20263 20128
20263 172585
20263 22779
20263 16400
20263 138
26513 23680
26513 20128
26513 22779
26513 138
23680 71282
23680 114812
23680 395940
23680 184620
23680 20128
23680 22779
23680 318660
23680 51631
23680 16400
23680 160208
23680 138
71282 20139
71282 22779
71282 138
71282 2662
20139 69828
20139 20128
20139 16400
69828 114812
114812 44126
114812 22779
44126 130568
44126 395940
44126 106306
44126 114993
395940 68676
395940 22779
68676 119581
119581 22725
22725 184620
184620 37313
37313 22756
22756 76853
22756 20128
22756 51631
76853 20128
76853 38977
20128 172585
20128 22779
20128 16400
20128 114993
172585 204094
172585 182685
204094 22779
22779 318660
22779 51631
22779 16400
22779 106306
318660 51631
318660 2662
51631 66730
51631 16400
51631 106306
51631 16389
51631 66740
51631 138
66730 142334
66730 16400
66730 16389
66730 66740
142334 16400
16400 27007
16400 117146
16400 89504
16400 106306
16400 114993
16400 16389
16400 66740
16400 138
27007 117146
27007 106306
117146 89504
89504 106306
106306 160208
106306 66740
160208 114993
114993 94392
94392 16389
16389 66740
66740 111247
111247 76137
76137 191133
191133 519
519 10341
519 4740
519 62458
519 138
519 32780
10341 4740
10341 26076
10341 127064
10341 2662
4740 73104
73104 62458
73104 2662
62458 62476
62458 2662
62476 86195
86195 46063
46063 94251
94251 138
138 138481
138 56212
138 20461
138 183084
138481 26076
26076 127064
26076 9574
127064 40485
127064 9574
40485 48639
40485 153802
48639 89430
89430 33442
89430 16440
33442 35697
35697 55688
55688 16440
16440 172543
172543 2662
2662 56212
56212 37806
37806 39135
39135 4894
39135 62566
4894 62566
62566 103099
103099 19160
103099 66495
19160 66495
66495 320487
320487 6168
6168 32780
32780 20461
20461 160025
160025 108466
108466 6145
6145 38977
38977 39902
38977 9574
39902 163193
163193 131937
163193 2746
163193 9574
131937 2746
2746 156824
156824 9574
9574 45036
45036 153802
153802 92912
92912 182685
182685 183084
