165178 104007
104007 310269
310269 248
248 172674
248 219839
172674 133834
133834 219839
219839 42927
42927 180289
42927 271354
180289 70958
70958 306059
70958 7585
70958 15
306059 7585
306059 2042
306059 15
7585 28493
7585 124288
28493 124288
28493 271354
124288 306101
306101 354805
306101 15
354805 71034
71034 271354
271354 2048
271354 15
2048 114293
2048 9540
114293 17279
114293 3158
17279 18356
18356 101599
101599 10841
10841 405784
10841 94510
10841 572
10841 8005
10841 3158
94510 572
94510 330
572 194558
572 24284
194558 213079
194558 7928
194558 8005
194558 330
213079 7928
213079 2042
7928 426944
7928 8005
7928 15
426944 8005
8005 51238
8005 2353
51238 2042
2042 25914
2042 9540
2042 3334
25914 15
15 402583
15 158597
15 173615
402583 38250
38250 187473
38250 330
187473 33536
33536 404460
404460 2353
2353 318657
318657 10647
10647 179007
179007 3158
3158 40856
3158 202246
40856 173323
40856 111456
173323 54729
54729 208985
208985 13922
13922 70253
13922 175340
175340 53785
53785 53800
53785 53827
53785 25652
53800 202246
53800 53827
202246 53827
53827 25652
25652 33084
33084 9540
9540 19432
9540 46528
9540 330
19432 46528
46528 43831
43831 4424
4424 158597
4424 891
158597 3298
158597 330
3298 242740
3298 155542
3298 127283
3298 24284
242740 121236
121236 173615
173615 150170
150170 356336
150170 317092
150170 192326
150170 241905
150170 179549
150170 97181
317092 95890
95890 320181
320181 190762
190762 192326
192326 348798
348798 241905
241905 179549
179549 121552
121552 452653
121552 160265
452653 97181
97181 297779
97181 155542
297779 160270
160270 252177
160270 160265
252177 160265
160265 112050
112050 155542
155542 111456
111456 137028
137028 202017
202017 219287
219287 24453
24453 16485
16485 207179
207179 891
891 127283
127283 330
330 24284
24284 3334
