304703 43
304703 335
304703 213
43 357223
43 110561
43 1896
43 409670
43 73252
43 108456
43 29471
357223 6948
6948 134216
6948 409820
6948 66011
6948 6
134216 25388
25388 409820
25388 36865
409820 27179
409820 213
27179 66011
66011 56747
66011 27
56747 65228
65228 335
335 360986
335 110561
335 81298
335 1291
335 36865
335 73252
335 2105
335 39493
335 29471
360986 77271
77271 77252
77271 77199
77252 77199
77199 77247
77247 110483
77247 1574
110483 1574
1574 110561
1574 130725
1574 213
110561 1896
110561 220
110561 213
110561 6
110561 27
1896 409670
1896 33666
1896 130725
1896 108456
1896 29471
409670 220
220 372601
220 26550
220 355590
220 3549
220 205073
220 2173
220 100718
220 2105
220 112172
220 27
220 108456
220 677
220 29471
372601 26550
372601 25094
26550 406370
26550 355590
406370 25094
25094 355590
355590 6166
355590 3549
355590 4526
355590 677
6166 228231
6166 222832
6166 428510
6166 323907
6166 3419
228231 213840
228231 677
213840 3549
213840 4526
213840 3419
213840 677
3549 145552
3549 4526
3549 222832
3549 323907
3549 43544
3549 51113
3549 17526
3549 205073
3549 20056
3549 3419
3549 81298
3549 50969
3549 677
3549 9769
3549 65606
145552 4526
145552 677
4526 222832
4526 43544
4526 20056
4526 3419
4526 81298
4526 216238
4526 9769
222832 193945
222832 3419
222832 677
323907 43544
323907 677
43544 51113
43544 20056
43544 3419
43544 81298
51113 17526
17526 205073
17526 48418
17526 20056
17526 3419
17526 81298
205073 677
48418 20056
48418 3419
48418 213
48418 677
20056 3419
20056 213
20056 677
3419 81298
3419 3506
3419 677
3419 216238
3419 39493
3419 9769
81298 1291
81298 213
1291 36865
36865 33666
36865 213
36865 39493
33666 130725
33666 213
130725 109486
109486 2173
109486 677
2173 50199
2173 1858
50199 162716
50199 1858
162716 1858
1858 100718
1858 855
100718 29669
29669 213
213 73252
213 2105
213 112172
213 27
213 855
213 108456
213 39493
213 8453
213 29471
73252 77067
77067 301879
301879 149402
301879 76165
149402 66905
149402 54202
149402 6
66905 73495
73495 54202
73495 76165
54202 153927
54202 76165
54202 677
153927 69281
153927 76165
76165 276250
276250 6
6 23630
6 2105
6 112172
6 27
6 855
6 8453
6 29471
6 1
23630 10944
10944 2091
2091 4070
4070 2105
2105 112172
112172 27
112172 855
27 855
855 108456
108456 3506
3506 368940
3506 126064
3506 677
126064 86198
86198 48115
48115 360174
48115 60128
360174 60128
60128 50969
60128 677
50969 165425
165425 677
677 229289
677 39493
677 9769
229289 216238
216238 211360
211360 39493
39493 9769
9769 65606
65606 230739
230739 8453
8453 29471
29471 241670
241670 1
