419301 4336
4336 440168
4336 4259
4336 11388
4336 215932
4336 7837
4336 18024
4336 13784
4336 119460
4336 40612
4336 677
4336 4368
440168 4259
440168 1503
4259 327980
4259 235602
4259 421317
4259 17017
4259 96326
4259 10871
4259 5912
4259 154153
4259 7837
4259 10666
4259 59070
4259 17335
4259 137880
4259 12464
4259 29819
327980 1503
327980 965
327980 677
327980 4368
235602 81735
81735 421317
81735 6742
421317 17017
421317 17012
421317 7932
17017 96326
17017 59070
96326 10871
96326 6168
96326 1503
10871 6168
10871 1503
10871 6742
10871 677
10871 7932
6168 220781
6168 411723
220781 15560
220781 1503
220781 965
220781 11044
220781 12767
220781 677
220781 960
220781 7932
15560 143082
143082 1503
143082 960
1503 95757
1503 50940
1503 13025
1503 19214
1503 19295
1503 154153
1503 7837
1503 59070
1503 411723
1503 79438
1503 19086
1503 17335
1503 137880
1503 119460
1503 40612
1503 29819
1503 17012
1503 265364
1503 960
1503 7932
1503 34583
95757 47593
47593 50940
47593 13784
47593 349
47593 677
47593 4368
50940 14127
14127 1431
14127 816
1431 47084
1431 171527
1431 216952
47084 13025
47084 816
47084 356
47084 489
13025 5912
13025 816
5912 132530
5912 2795
132530 11347
11347 7909
11347 677
7909 7704
7704 425562
425562 11339
11339 19214
19214 19295
19214 3379
19214 489
19295 3393
19295 677
19295 960
19295 4368
3393 154153
3393 11388
3393 13784
3393 10666
3393 59070
3393 19086
3393 19079
3393 17335
3393 2795
3393 171527
3393 216952
3393 12767
3393 677
3393 97546
3393 4368
154153 11388
154153 965
154153 11044
154153 12767
154153 17012
154153 677
154153 960
154153 4368
154153 7932
11388 15210
11388 47710
11388 7837
11388 965
11388 27316
11388 677
11388 4368
15210 47710
15210 215932
15210 7837
15210 18024
15210 13784
15210 27316
15210 119460
15210 216952
15210 677
15210 4368
47710 215932
47710 965
47710 4368
215932 7837
215932 356
215932 677
7837 18024
7837 13784
7837 965
7837 349
7837 356
7837 677
7837 960
7837 4368
18024 13784
18024 349
18024 119460
18024 677
13784 135607
13784 677
13784 960
10666 965
10666 11044
10666 677
965 59070
965 19079
965 17335
965 3379
965 79317
965 349
965 6742
965 216952
965 677
965 960
965 31359
965 4368
965 335479
59070 816
59070 677
59070 960
816 411723
816 73822
816 171527
816 216952
79438 721
721 5468
5468 43369
5468 43403
43369 43403
43369 349
43403 16077
16077 19086
19086 19079
19079 11044
19079 6742
19079 17012
11044 17335
11044 12767
11044 17012
11044 677
11044 960
11044 4368
17335 3379
17335 12767
17335 677
17335 960
17335 653
17335 4368
3379 79317
79317 349
349 73822
349 188318
349 137880
349 135607
349 119460
349 677
349 4368
73822 356
356 188318
356 171527
356 137880
356 135607
356 40612
188318 2795
188318 489
2795 171527
2795 960
2795 4368
137880 27316
137880 677
137880 960
137880 4368
137880 7932
27316 135607
135607 27066
135607 677
27066 119460
27066 40612
119460 40612
40612 84780
40612 677
84780 122222
84780 12464
122222 12464
12464 29819
29819 12291
12291 21576
21576 24389
24389 50134
50134 6742
6742 216952
6742 34583
216952 12767
216952 677
216952 960
216952 4368
12767 17012
12767 4368
17012 236553
17012 677
236553 677
677 265364
677 97546
677 653
677 31359
677 4368
677 335479
265364 960
265364 7932
960 224361
960 16004
960 97546
960 4368
960 335479
224361 489
489 16004
16004 97546
97546 653
653 4324
4324 31359
31359 4368
4368 335479
335479 7932
7932 376474
7932 104606
376474 104606
104606 34583
34583 86293
