220609 165364
220609 19559
165364 11171
165364 370
165364 979
165364 3393
11171 94805
94805 12755
94805 979
12755 77781
12755 370
12755 14146
12755 18489
77781 370
77781 7942
77781 979
370 14146
370 62487
370 207383
370 22363
370 7942
370 253484
370 19559
370 76000
370 79035
14146 86291
14146 62487
14146 207383
86291 62487
86291 207383
62487 207383
62487 979
207383 35839
207383 10121
207383 979
35839 15862
35839 7650
35839 10121
35839 7644
15862 7650
15862 10121
15862 7644
7650 179612
7650 10121
7650 7644
179612 10121
10121 248181
10121 2353
248181 1298
1298 184345
184345 7644
184345 979
7644 22363
7644 65544
22363 82435
22363 979
82435 29799
29799 93679
93679 7942
7942 253484
7942 3393
253484 2353
2353 449527
2353 18489
449527 979
979 263422
979 149934
979 372049
979 22629
979 40254
263422 149934
372049 19559
19559 416910
19559 3393
416910 3393
3393 18489
3393 4223
18489 11753
18489 4223
11753 4223
4223 32
32 234622
234622 74130
234622 30230
234622 34215
234622 14549
234622 14648
234622 52469
234622 7551
234622 39171
74130 30230
74130 22636
74130 14648
74130 7551
30230 288405
30230 354109
30230 34215
30230 93598
30230 127569
30230 28147
30230 14648
30230 336287
30230 114603
30230 53882
30230 246698
30230 35250
30230 40254
30230 326625
288405 60169
60169 354109
60169 344268
354109 34215
354109 7551
34215 173545
34215 22636
34215 19153
34215 7551
173545 22636
22636 398335
22636 37561
22636 14549
22636 26352
22636 127569
22636 40270
22636 4900
22636 14648
22636 232152
22636 16517
22636 7551
22636 65248
22636 54788
22636 40254
398335 37561
398335 19153
37561 344268
37561 14549
37561 22629
37561 246698
37561 310710
37561 326625
344268 14549
344268 14648
14549 93598
14549 117927
14549 28147
14549 50323
14549 14554
14549 53882
14549 22629
14549 133281
14549 7551
14549 65248
14549 54788
14549 40254
14549 310710
14549 41954
93598 117927
93598 26352
93598 7540
93598 7551
117927 26352
117927 19153
117927 52469
117927 7551
26352 127569
26352 40270
26352 74118
26352 246698
26352 35250
26352 45267
26352 7551
26352 65248
26352 54788
127569 40270
127569 19153
127569 40254
40270 4900
40270 14648
40270 19153
40270 14554
40270 7551
40270 40254
4900 28147
4900 22629
4900 16517
4900 7551
4900 40254
28147 14648
28147 53882
28147 22629
14648 336287
14648 19153
14648 232152
14648 114603
14648 246698
14648 60065
14648 7551
14648 22644
14648 310710
14648 326625
336287 19153
19153 74118
19153 7540
19153 232152
19153 114603
19153 53882
19153 246698
19153 326625
19153 41954
74118 76000
74118 7540
76000 447822
76000 31585
76000 7551
447822 52469
52469 7540
52469 232152
7540 120185
7540 232152
7540 362616
7540 79035
120185 232152
120185 31585
232152 31585
31585 362616
362616 57112
57112 79035
79035 35216
35216 287953
35216 50323
35216 39171
50323 114603
50323 14554
50323 7551
114603 14554
114603 7551
14554 53882
14554 22629
14554 16517
14554 60065
14554 7551
14554 54788
14554 22644
53882 22629
53882 7551
22629 246698
22629 40254
246698 35250
246698 7551
35250 133281
35250 45267
35250 7551
133281 214848
133281 45267
45267 91237
91237 83964
83964 16517
16517 60065
16517 7551
60065 7551
7551 65248
7551 54788
7551 22644
7551 326625
7551 41954
65248 54788
54788 22644
22644 40254
40254 360297
360297 310710
326625 65544
65544 41954
41954 39171
