47170 305831
305831 11991
11991 168911
11991 677
168911 5247
168911 2687
168911 1503
168911 677
168911 1274
5247 270807
5247 1274
270807 20802
270807 352
20802 124967
20802 167834
124967 1793
1793 17042
1793 49508
17042 104967
104967 126729
126729 17157
17157 176559
17157 7401
176559 7401
176559 1896
7401 365817
365817 2687
365817 6166
365817 1503
365817 677
365817 352
365817 1274
2687 168881
2687 10354
168881 10354
10354 41390
10354 177870
10354 19844
10354 1896
41390 177870
41390 1503
177870 55009
55009 32342
32342 25006
25006 982
25006 11607
25006 1503
25006 677
982 11607
11607 8640
11607 759
8640 49508
49508 219799
219799 21222
21222 2949
21222 816
2949 79
79 14362
79 97341
14362 97341
97341 60308
97341 677
60308 19844
19844 104685
19844 104688
104685 104688
104688 2357
2357 266368
266368 847
847 311081
847 1274
311081 6166
6166 203988
6166 360737
6166 7436
203988 12748
203988 1503
203988 352
203988 167834
12748 230830
12748 1503
12748 677
12748 352
12748 201261
12748 7436
230830 8006
230830 1503
230830 677
230830 352
8006 240140
8006 1503
240140 170696
240140 1503
240140 677
240140 352
170696 47304
47304 108798
108798 32118
108798 352
32118 104232
104232 1317
1317 110731
1317 1503
1317 241452
1317 816
1317 12152
110731 12108
110731 352
110731 1274
12108 148545
148545 13554
148545 10895
13554 197837
197837 4142
197837 10895
4142 228950
228950 51882
51882 264449
51882 1503
264449 310
264449 1503
310 205302
310 174978
205302 759
759 89352
759 96467
759 167834
89352 1092
89352 352
89352 1274
1092 127592
127592 1896
127592 1274
1896 9111
1896 1503
1896 352
1896 29567
9111 3990
3990 101450
3990 29567
3990 1274
101450 1503
1503 52182
1503 10895
1503 352
1503 96467
1503 167834
1503 169312
1503 1274
1503 79479
1503 53867
52182 10895
52182 352
52182 7436
52182 1274
10895 21894
10895 677
10895 12152
21894 677
677 152021
677 352
677 201261
677 7436
677 96467
677 167834
677 169312
152021 225026
152021 352
225026 360737
360737 352
360737 7436
352 201261
352 7436
352 108165
352 816
352 96467
352 1274
201261 7436
7436 108165
7436 1274
108165 241452
241452 816
816 96467
96467 18552
18552 167834
167834 12152
12152 10572
10572 169312
169312 218344
218344 29567
29567 1274
1274 79479
79479 53867
79479 53808
53867 174978
53867 53808
174978 53808
