79282 24283
24283 40698
40698 30167
40698 1503
40698 965
30167 1297
30167 965
1297 53048
53048 25451
53048 330
53048 213
53048 1503
53048 4134
53048 352
53048 206
53048 396
25451 25627
25451 330
25627 330
330 243341
330 152392
330 1884
330 4134
330 352
330 331
330 2
243341 352
152392 6765
152392 352
152392 331
152392 396
6765 93162
6765 40973
6765 1503
6765 331
6765 2
93162 40973
40973 93744
40973 2055
40973 15451
40973 213
40973 1503
40973 206
93744 51345
51345 2055
51345 1884
51345 15451
51345 213
51345 1503
51345 322
51345 206
51345 1793
51345 396
2055 229129
2055 1884
2055 340912
2055 15451
2055 58321
2055 42822
2055 148215
2055 331088
2055 322
2055 145211
2055 239466
2055 76854
2055 221575
2055 185702
2055 10
2055 137754
2055 167230
2055 396402
229129 1884
229129 15451
229129 213
229129 322
229129 206
229129 396
1884 340912
1884 213
1884 306
1884 1503
1884 322
1884 206
1884 10
1884 759
1884 2
340912 15451
340912 1503
340912 206
340912 759
15451 58321
15451 213
15451 42822
15451 1503
15451 322
15451 206
15451 20254
15451 16607
15451 10
15451 396
15451 396402
58321 213
58321 1503
58321 206
58321 965
213 42822
213 331088
213 322
213 206
213 162310
213 76854
213 16607
213 85262
213 267795
213 331
213 10
213 965
213 138996
213 113048
42822 306
42822 1503
42822 206
42822 396
306 212136
306 318
306 148215
306 322
306 10
306 2
212136 318
212136 10
212136 759
212136 2
318 148215
318 322
318 145211
318 206
318 2
148215 2153
148215 322
148215 331
148215 2
2153 255677
2153 322
2153 206
2153 2694
2153 79601
255677 1503
255677 352
1503 155157
1503 331088
1503 145211
1503 205040
1503 201298
1503 352
1503 16607
1503 102931
1503 31966
1503 4970
1503 215349
1503 331
1503 185702
1503 137754
1503 167230
1503 79601
1503 6871
155157 4134
155157 352
155157 331
155157 965
4134 331088
4134 138996
331088 322
322 145211
322 206
322 10
322 2
145211 206
145211 10
205040 201298
205040 352
201298 352
352 239466
352 111743
352 87836
352 215349
352 79601
352 6871
352 138996
239466 206
206 162310
206 76854
206 61202
206 16607
206 215349
206 331
206 185702
206 10
206 137754
206 53399
206 396402
206 79601
206 138996
206 113048
162310 76854
76854 20254
76854 61202
76854 16607
76854 396
20254 221575
20254 85262
221575 111743
221575 61202
221575 16607
221575 66941
111743 43845
111743 61202
111743 53399
43845 88405
43845 16607
43845 4705
43845 80539
43845 53406
88405 144858
144858 61202
61202 192086
61202 72320
61202 85262
61202 53406
61202 167230
72320 263390
263390 16607
16607 20148
16607 20157
16607 87836
16607 85262
16607 759
16607 80539
16607 167230
20148 20323
20148 4705
20148 66941
20323 4705
20323 20157
4705 20157
4705 87836
20157 87836
87836 66941
66941 85262
66941 102931
85262 46898
85262 53399
46898 50564
50564 102931
102931 1793
102931 10
102931 759
102931 396
102931 2
1793 72748
72748 267795
267795 54013
54013 188724
188724 46985
46985 65678
46985 31966
65678 31966
31966 13072
31966 331
13072 4970
13072 965
4970 28480
4970 965
28480 215349
215349 331
215349 965
331 185702
331 6871
331 2
185702 103085
103085 86
86 237777
86 2
237777 10
10 137754
10 759
10 2
10 138996
137754 759
759 297607
297607 78378
78378 80539
80539 53406
80539 396
53406 53399
53399 167230
167230 396
396 396402
396402 2694
2694 79601
79601 965
965 6871
6871 126843
126843 2
2 138996
138996 113048
