246438 163453
163453 3549
3549 223618
3549 11249
3549 79754
3549 13498
3549 211228
3549 102293
3549 48240
3549 254119
3549 323
3549 220
3549 19699
3549 154151
3549 4344
3549 3188
3549 88
3549 83489
3549 2177
3549 86363
3549 19203
223618 11249
223618 2161
223618 323
223618 220
223618 2177
11249 192392
11249 21704
11249 5488
11249 48240
11249 529
192392 2161
2161 830
2161 35660
2161 79754
2161 13498
2161 6039
2161 21704
2161 48240
2161 529
2161 133327
2161 18160
2161 154622
2161 2353
2161 22980
2161 19699
2161 154151
2161 4344
2161 83489
2161 19203
830 15998
830 19699
830 3188
15998 35660
15998 323
15998 154151
35660 10895
35660 7960
35660 10892
10895 7960
10895 79754
10895 102293
10895 6039
10895 48240
10895 10892
10895 323
10895 19699
10895 4344
7960 79754
7960 211228
7960 6039
7960 21704
7960 48240
7960 10892
7960 529
7960 2353
7960 323
7960 4344
79754 13498
79754 323
13498 211228
211228 102293
102293 6039
102293 529
102293 18160
102293 4344
6039 86325
6039 21704
6039 48240
6039 529
6039 22980
6039 19203
86325 21704
86325 206
86325 4344
21704 5488
21704 8
21704 88
5488 48240
5488 10892
48240 10892
48240 2353
48240 323
48240 220
48240 4344
48240 88
48240 2177
10892 27590
27590 37652
27590 34408
27590 354
27590 806
27590 8
27590 220
27590 206
27590 299
27590 2670
27590 88
37652 34408
37652 323
34408 529
529 133327
529 18160
529 8
529 2353
529 5533
529 3440
529 5948
529 42644
529 206
529 19699
529 4344
529 2670
133327 18160
133327 206
133327 4344
133327 2670
18160 154622
18160 4344
154622 13920
154622 8
154622 206
154622 4344
13920 121367
13920 176469
121367 20361
121367 323
20361 13200
13200 1376
13200 8
13200 220
1376 7310
7310 354
7310 220
354 428130
354 8
354 24008
354 1895
354 2308
354 15897
354 220
354 340395
428130 806
806 428897
806 367874
806 7898
806 340395
428897 41382
41382 248586
41382 220
248586 34837
248586 88
34837 176469
176469 222
176469 8
176469 220
176469 88
222 169773
222 220
169773 8
169773 220
8 87878
8 200947
8 15897
8 22980
8 306800
8 74123
8 340395
8 4344
8 50271
8 88
87878 7802
87878 88
7802 83434
83434 254119
254119 2353
2353 256439
2353 154151
2353 4344
256439 24008
24008 200947
24008 220
200947 1895
200947 88
1895 441735
1895 367874
367874 323
323 85697
323 7898
323 5533
323 13390
323 41632
323 220
323 206
323 340395
323 299
323 19203
85697 7898
85697 13390
85697 2670
7898 36154
7898 5533
7898 13390
7898 5948
36154 2308
2308 5533
5533 443
5533 1142
5533 220
5533 299
443 307766
307766 15897
15897 1142
15897 220
15897 88
1142 22980
1142 220
22980 3440
22980 206
22980 2670
3440 244480
3440 206
244480 179828
244480 206
179828 13390
179828 206
13390 108298
108298 60587
60587 226153
60587 220
226153 25913
25913 5948
5948 13938
5948 41632
5948 206
5948 299
5948 2670
13938 41632
13938 220
41632 220
41632 88
220 306800
220 340395
220 2177
306800 42644
306800 206
306800 2670
306800 88
42644 74123
74123 206
74123 2670
74123 88
206 340395
206 4344
206 3188
206 50271
206 2670
206 325828
340395 299
340395 2670
299 19699
19699 154151
19699 4344
154151 4344
154151 88
4344 3188
4344 2670
4344 19203
3188 50271
50271 6961
50271 88
6961 398918
398918 2670
2670 325828
325828 88
88 83489
88 2177
88 86363
83489 2177
2177 86363
86363 19203
