403173 138318
403173 68278
138318 321224
321224 68278
321224 89013
68278 261858
68278 360996
68278 122467
68278 346426
261858 95902
95902 360996
95902 95890
360996 95890
360996 95896
360996 89013
95890 95896
95890 306668
95896 321881
95896 179478
95896 89013
321881 122467
321881 89013
122467 185067
122467 89013
122467 383
122467 1062
185067 179478
185067 89013
185067 383
179478 241764
179478 89013
179478 1062
241764 241763
241764 346426
241764 1062
346426 346424
346426 89013
89013 306668
306668 383
306668 1062
383 7467
383 42078
383 5415
383 154581
383 16160
383 39067
383 160037
383 208859
383 84734
383 8603
383 1062
383 7717
383 114958
383 162298
7467 6241
7467 1062
7467 7717
6241 276383
6241 1250
6241 84734
276383 1250
1250 42078
1250 327
1250 19
42078 43709
43709 11269
43709 42
11269 1906
1906 64105
64105 327
327 49978
327 224184
327 330
327 25701
327 19669
327 16160
327 19
49978 17692
17692 224184
224184 330
330 25701
330 16160
330 208859
330 173421
330 18638
330 84798
330 19
25701 42
42 283088
42 107492
42 16160
42 37736
42 19
283088 3158
3158 107492
3158 154581
3158 6673
3158 229501
3158 16160
3158 224476
3158 154573
3158 84734
3158 19
107492 2199
107492 1062
107492 19
2199 169118
2199 16160
2199 208859
169118 17183
169118 19
17183 45215
45215 9100
9100 19669
9100 1062
19669 7909
7909 5347
7909 3419
5347 5415
5415 115075
5415 68132
115075 68132
115075 224476
68132 154581
68132 154573
154581 6673
154581 39067
154581 42626
154581 1062
6673 183479
6673 229501
6673 138941
6673 258707
6673 208859
183479 229501
183479 39067
229501 16160
229501 39067
229501 1062
16160 224476
16160 258707
16160 154573
16160 208859
16160 37736
16160 78350
16160 3533
16160 1062
224476 138941
224476 39067
138941 39067
39067 258707
258707 42626
154573 160037
154573 3533
160037 42626
42626 208859
208859 2271
2271 37736
2271 78350
2271 1062
37736 78350
78350 3533
3533 84734
84734 180004
84734 1062
180004 8603
8603 331472
8603 8758
8603 8606
8603 86711
8603 178352
8603 1062
331472 8758
8758 65067
65067 8606
65067 1062
8606 86711
8606 178352
86711 105009
105009 95460
105009 1062
95460 178352
178352 1062
1062 321281
1062 268
1062 19
1062 162298
321281 268
268 190558
268 245
268 231
268 46884
190558 245
245 223310
245 231
245 46884
223310 231
231 46884
46884 3261
3261 201710
201710 102029
102029 7717
7717 362319
7717 173421
362319 110299
110299 173421
173421 18638
18638 84798
84798 3419
3419 450415
450415 19
19 114958
114958 162298
