317787 75370
75370 349008
75370 215610
75370 129181
75370 270377
75370 206756
75370 157127
75370 302577
75370 266849
75370 116101
75370 442274
75370 406273
75370 276764
349008 288796
349008 68278
349008 67792
288796 180523
288796 294801
288796 124869
180523 269537
180523 222044
180523 68278
180523 67792
269537 294801
294801 124869
124869 264422
124869 84500
264422 215610
264422 222044
215610 222044
215610 260693
215610 129181
215610 36558
222044 260693
222044 129181
222044 83023
222044 95905
260693 260183
260693 36558
260183 129181
260183 68278
129181 232652
129181 244562
129181 36558
129181 157127
129181 116101
129181 205
232652 260184
232652 36558
232652 97190
260184 244562
260184 92570
260184 36558
260184 68278
244562 92570
244562 36558
244562 68278
92570 293062
92570 36558
92570 183523
92570 36572
92570 67792
293062 36558
36558 183523
36558 270377
36558 206756
36558 36572
36558 219983
36558 266849
36558 116101
36558 442274
36558 406273
183523 83023
83023 331949
83023 68278
83023 365005
83023 132780
83023 447883
83023 205
331949 68278
68278 365005
68278 270377
68278 206756
68278 157127
68278 302577
68278 447883
68278 219983
68278 257412
68278 266849
68278 273116
365005 132780
365005 95905
132780 270377
132780 1988
270377 95905
270377 1988
206756 157127
206756 136920
206756 97190
206756 67792
157127 95905
157127 67792
95905 339566
95905 36572
95905 302577
95905 266849
95905 67792
339566 384912
339566 36572
339566 67792
36572 302577
36572 84500
36572 447883
36572 279718
302577 313765
302577 151436
313765 235633
235633 84500
84500 185480
185480 447883
185480 1988
447883 136920
447883 223962
447883 67792
136920 279718
136920 219983
279718 223962
223962 219983
223962 317148
219983 97190
317148 257412
257412 266849
266849 116101
116101 151436
116101 67792
151436 442274
151436 273116
151436 276764
273116 97190
97190 406273
406273 67792
67792 276764
276764 159464
159464 120326
120326 254164
120326 24565
24565 38457
24565 79227
38457 79227
79227 41176
41176 205
205 285771
205 1247
205 88270
205 207674
205 180565
205 60380
205 126986
205 125739
285771 1247
1247 88270
1247 1988
1247 95697
88270 207674
207674 1988
1988 18294
1988 4340
1988 33170
1988 126986
18294 4340
4340 33170
33170 31739
31739 56677
56677 89231
89231 119334
119334 31381
31381 180565
180565 60380
60380 180570
60380 95697
60380 10497
60380 42299
60380 180577
60380 102292
60380 42293
180570 95697
180570 10497
180570 42299
180570 42293
95697 10497
10497 42299
10497 180577
10497 102292
10497 42293
42299 180577
42299 102292
42299 42293
180577 102292
102292 42293
42293 10675
10675 198532
198532 91789
91789 600
600 21337
21337 137653
137653 2669
2669 126986
126986 33787
33787 125739
125739 62165
62165 125968
125968 58035
58035 116689
116689 59882
59882 40507
