228212 317
228212 138
317 441864
317 135531
317 76483
317 14594
317 14604
317 14648
317 40328
317 57475
441864 2689
441864 138
2689 402641
2689 100929
2689 138
2689 91299
2689 14602
2689 213
402641 12318
402641 374
402641 100929
402641 138
12318 108222
108222 5232
108222 213
5232 451902
5232 15
5232 203687
5232 33070
5232 4372
5232 518
5232 117762
5232 15196
5232 55965
451902 15
15 203687
15 33070
15 117762
15 265631
15 83790
15 250330
15 100694
15 6940
15 14070
15 71382
15 278902
203687 28667
203687 33070
203687 138
28667 33070
33070 19837
33070 117762
33070 459
33070 213
19837 374
374 100929
100929 135531
100929 138
100929 213
135531 97901
135531 523
135531 213
97901 65456
97901 523
65456 523
523 76483
523 138
523 213
76483 2161
2161 48305
2161 14070
48305 4372
4372 518
4372 15196
518 117762
518 15196
518 459
518 6940
117762 15196
15196 35154
15196 459
35154 12640
12640 5115
12640 138
5115 93712
5115 459
5115 138
5115 213
93712 459
459 2815
2815 101958
101958 248
248 348789
248 386932
248 152360
386932 152360
152360 181905
181905 138
138 102315
138 14602
138 338597
138 95032
138 250330
138 100694
138 6940
138 14070
138 198828
138 177127
138 40548
138 348056
102315 14594
102315 14602
102315 7533
102315 213
102315 6940
102315 14070
14594 52475
14594 14604
14594 7533
14594 213
14594 14070
14594 260209
14594 40548
52475 14604
52475 34698
52475 7533
52475 33651
52475 14075
52475 14648
52475 6940
52475 14070
52475 40328
52475 40548
14604 296328
14604 34698
14604 91299
14604 198828
296328 34698
296328 7533
296328 40328
34698 91299
34698 7533
34698 40328
34698 53483
91299 8694
91299 7533
91299 85766
91299 14075
91299 213
91299 6940
91299 14070
8694 55965
8694 7533
8694 6940
55965 64298
55965 6940
64298 11888
64298 14075
11888 320228
11888 95032
320228 14602
14602 448314
14602 7533
14602 265631
14602 95032
14602 213
14602 101131
14602 177127
14602 40548
14602 278902
448314 7533
448314 14648
7533 265631
7533 338597
7533 89331
7533 83790
7533 14075
7533 47160
7533 14648
7533 95032
7533 42844
7533 326373
7533 7585
7533 250330
7533 101131
7533 6940
7533 14070
7533 40328
7533 260209
7533 53483
7533 177127
7533 40548
7533 71382
7533 278902
7533 348056
7533 6969
265631 85766
265631 33651
85766 326059
85766 198828
85766 174654
326059 316688
326059 14648
316688 33651
316688 14648
33651 338597
33651 83790
33651 110453
33651 198828
33651 174654
338597 89331
89331 83790
83790 14075
14075 119973
14075 47160
14075 95032
14075 6940
14075 14070
14075 40328
14075 174654
14075 53483
14075 57475
14075 177127
14075 40548
119973 45454
45454 47160
47160 14648
14648 95032
14648 198828
14648 40328
14648 78496
14648 174654
95032 110453
95032 14070
95032 174654
110453 42844
326373 7585
7585 250330
7585 278902
7585 348056
250330 72599
72599 100694
100694 213
213 101131
213 14070
213 40548
101131 6940
6940 65270
6940 14070
6940 71382
65270 14070
14070 198828
14070 177127
14070 40548
198828 40328
40328 78496
78496 260209
260209 40326
40326 174654
174654 174653
174653 16356
16356 53483
53483 57475
57475 177127
177127 40548
40548 43681
43681 107260
107260 71382
71382 278902
348056 64204
348056 6969
64204 6969
