29173 51525
29173 132388
51525 128601
51525 11792
128601 189087
128601 11792
189087 20111
189087 11792
189087 206
20111 383264
383264 11792
11792 329934
11792 370
11792 206
329934 8095
8095 384783
384783 216444
384783 142041
216444 142041
142041 380398
380398 8094
8094 280355
280355 3158
3158 295437
3158 857
3158 4440
295437 67396
295437 2353
67396 110878
67396 8002
67396 16967
110878 8002
8002 17045
8002 2353
17045 16642
17045 16967
16642 91365
16642 857
91365 97879
97879 246850
246850 2353
2353 294009
2353 79513
2353 70354
2353 127175
2353 125425
294009 689
689 149971
689 370
689 109487
689 70354
689 10673
149971 857
857 124306
857 992
857 132388
857 16967
124306 43349
43349 50962
43349 77864
50962 158813
50962 27037
50962 145316
158813 65900
65900 370
370 224155
370 134974
370 1971
370 115074
370 173978
370 3502
370 47911
370 4991
370 17005
370 206
370 295884
370 77864
370 125425
370 43701
224155 7638
224155 2185
7638 134974
7638 2185
7638 47911
134974 1971
134974 2185
134974 206
1971 115074
1971 173978
1971 47911
1971 136405
1971 74768
1971 206
1971 77864
1971 125425
1971 43701
173978 79513
173978 42
173978 206
79513 3502
3502 16740
16740 66902
66902 10622
10622 8331
8331 2185
2185 47911
47911 4991
47911 206
4991 109487
4991 74768
4991 70354
4991 17005
4991 10673
4991 125425
109487 214645
109487 206
214645 7004
7004 25852
7004 9578
25852 25868
25868 136405
136405 6323
6323 992
992 61389
61389 13741
61389 21262
13741 21262
21262 128190
128190 4440
4440 247829
247829 44410
247829 38230
44410 38230
38230 39704
38230 206
38230 77864
39704 191735
191735 132388
132388 111162
111162 50026
50026 74776
50026 74768
74776 74768
74776 27037
74776 145316
70354 16967
16967 127175
127175 17005
17005 114283
114283 43523
43523 57827
57827 9578
9578 10673
10673 43793
43793 43792
43792 27037
27037 285151
285151 42
285151 206
42 309056
42 77864
309056 206
206 295884
206 77864
206 125425
206 43701
295884 145316
145316 77864
77864 27676
27676 58366
58366 185843
185843 77190
77190 199846
77190 43701
199846 125425
199846 43701
125425 43701
