242764 93
242764 44
93 414237
93 355
93 349
93 173859
414237 20348
20348 91124
91124 205
91124 44126
91124 2055
205 32366
205 48251
205 79022
205 130705
205 132292
205 175945
205 254548
205 301441
205 51454
32366 32365
32366 7698
32366 979
32366 1276
32366 349
32365 125066
125066 48251
48251 13134
13134 229378
13134 7782
13134 979
229378 7782
7782 95371
7782 104839
95371 50019
95371 7698
50019 104839
104839 7698
7698 213712
7698 214991
7698 212674
7698 83095
7698 221703
213712 979
214991 979
979 212674
979 83095
979 256349
212674 83095
83095 20368
83095 22037
20368 22037
22037 89725
89725 91935
91935 24491
91935 92178
24491 79022
24491 1276
24491 59
24491 5079
79022 59305
79022 1276
79022 2055
59305 77573
77573 1276
1276 5988
1276 56604
1276 130705
1276 132292
1276 175945
1276 301441
1276 355
1276 349
1276 92178
1276 5079
1276 34890
1276 51454
5988 56604
5988 349
56604 27037
56604 32414
56604 25784
56604 349
27037 130705
27037 132292
27037 175945
27037 51454
130705 11956
11956 305043
305043 55474
55474 357785
357785 1798
1798 81967
1798 156336
81967 210121
210121 79374
79374 156336
79374 51454
156336 112364
112364 12702
112364 3017
12702 3017
3017 24273
3017 113319
3017 141841
24273 113319
24273 141841
113319 141841
141841 221703
141841 25784
221703 816
816 97766
816 2055
97766 59
97766 2055
59 132292
59 44
59 16157
132292 41669
41669 190608
41669 88640
190608 44126
88640 44126
44126 39705
44126 383034
39705 9447
9447 110601
9447 68412
110601 51518
110601 68412
51518 152817
51518 68412
152817 68412
68412 50863
50863 86790
86790 383034
383034 104498
104498 175945
175945 26146
175945 2055
175945 349
26146 254548
26146 92178
254548 2055
2055 150536
2055 25784
2055 355
2055 51454
2055 16157
150536 32414
32414 425579
32414 25784
425579 25784
25784 301441
25784 44
301441 355
355 168233
355 349
355 44
168233 349
349 92178
92178 5079
5079 34890
34890 44
44 9287
9287 61849
61849 51454
51454 21587
21587 256349
256349 109970
109970 62277
62277 983
983 16157
16157 96225
96225 8472
8472 173859
173859 12780
12780 128054
128054 8764
