358641 50361
50361 257303
50361 46281
50361 50384
50361 65234
257303 27180
27180 413977
27180 16461
27180 7590
27180 91044
27180 11792
413977 16461
413977 7590
16461 321519
16461 7590
16461 248901
321519 85042
85042 189798
85042 1988
189798 138116
189798 7590
138116 312635
312635 7590
7590 46281
7590 261484
7590 11792
7590 155953
46281 91041
91041 91044
91044 248963
248963 261484
261484 305951
305951 3508
305951 11792
3508 411341
3508 50384
411341 56377
56377 173533
56377 173534
173533 114930
114930 173534
173534 79309
79309 176949
176949 3654
3654 326208
3654 19582
326208 1988
1988 50384
1988 35248
1988 136057
1988 35376
1988 39697
1988 12224
1988 96598
1988 121750
1988 465
1988 117107
1988 19582
1988 20493
50384 57207
57207 58551
58551 240647
58551 35248
240647 35248
35248 248901
35248 65234
35248 55965
248901 8604
8604 107085
8604 86673
107085 86673
86673 11997
11997 65234
11997 317
11997 465
65234 94997
94997 55965
55965 136057
136057 35376
136057 317
136057 465
35376 39697
39697 22848
39697 24099
22848 3772
22848 11792
22848 91120
3772 381637
3772 20291
3772 20122
3772 20192
3772 20329
3772 164484
3772 192102
3772 91120
3772 167005
3772 51493
381637 22832
22832 20291
22832 111404
22832 11792
22832 102330
22832 164484
22832 117315
22832 167005
22832 162314
22832 51493
22832 39694
22832 155953
20291 38635
20291 20122
20291 24099
20291 11792
38635 127227
38635 20122
127227 94904
127227 11792
94904 20122
20122 20192
20122 164484
20122 91120
20122 20333
20122 68426
20192 248083
20192 164484
248083 20329
248083 7820
20329 433268
20329 11792
20329 192077
20329 192102
20329 91120
433268 24099
24099 35993
24099 11792
24099 164484
24099 51493
35993 111404
111404 11792
11792 192077
11792 102330
11792 192102
11792 60490
11792 91120
11792 167005
11792 265538
11792 87363
11792 51493
11792 155953
192077 102330
192077 164484
192077 192081
192077 60490
192077 20333
192077 68426
102330 164484
102330 250481
102330 104198
102330 117315
102330 60490
102330 68426
164484 250481
164484 104198
164484 117315
164484 60490
164484 174924
164484 81878
164484 68426
250481 104198
250481 68426
104198 192081
104198 117315
104198 81878
192081 117315
192081 174924
192081 68426
117315 192102
117315 60490
117315 81878
117315 68426
117315 51493
192102 60490
192102 68426
60490 91120
60490 167005
91120 20333
20333 167005
20333 68426
167005 174924
167005 81878
174924 81878
81878 265538
81878 68426
265538 87363
87363 162314
162314 68426
68426 51493
51493 39694
39694 155953
155953 65
155953 1291
65 2070
65 19582
2070 12224
12224 34
12224 317
34 7820
7820 96598
96598 1291
1291 121750
1291 2009
121750 317
121750 465
317 219075
317 465
317 442892
317 20493
219075 465
465 442892
465 2009
465 20493
465 445297
442892 2009
2009 117107
117107 19582
19582 20493
20493 445297
