67168 94029
94029 224234
224234 451544
451544 8498
8498 328673
8498 224225
328673 5226
5226 55739
5226 261259
5226 2230
5226 168676
55739 32564
32564 311857
311857 352604
352604 116671
116671 148769
116671 90613
148769 57092
148769 49159
148769 44460
57092 49159
49159 176098
49159 37506
49159 90613
49159 204375
49159 28091
49159 65217
37506 56741
37506 19153
37506 30230
37506 16344
56741 35277
56741 45930
56741 93428
56741 71547
35277 15828
35277 45930
15828 64312
64312 45930
64312 16344
45930 93428
93428 119318
93428 184570
93428 103528
93428 58047
119318 95071
119318 2236
95071 184570
95071 21100
184570 103528
103528 92929
92929 174720
174720 133616
174720 822
133616 9502
9502 77855
77855 863
863 261259
863 211
261259 5061
5061 39591
39591 9506
39591 1941
39591 211
9506 150438
9506 1941
9506 211
150438 12272
150438 211
12272 382056
12272 224225
382056 1941
382056 10748
1941 191690
1941 211
1941 16344
191690 211
211 224225
211 18851
211 885
211 2230
211 23942
211 2041
211 182946
224225 18851
18851 376600
376600 885
885 2230
2230 2213
2213 2236
2236 168676
2236 20599
2236 28091
168676 20599
20599 215258
215258 10717
10717 10748
10717 2161
10748 390100
10748 23942
390100 2161
2161 352607
2161 39436
352607 34547
34547 17977
17977 23942
23942 39436
39436 48340
48340 822
822 85388
85388 2041
2041 182946
182946 90613
182946 19153
182946 14648
182946 30230
182946 16344
90613 58080
90613 19153
90613 14648
90613 28091
90613 16344
58080 272336
58080 71547
58080 83184
58080 20988
272336 71547
71547 58047
71547 20988
71547 58180
71547 108153
58047 99066
58047 21100
58047 19153
58047 30230
58047 16344
99066 118457
99066 19153
99066 14648
99066 30230
99066 16344
118457 21100
118457 19153
21100 367271
21100 16344
367271 19153
367271 30230
19153 325670
19153 14648
19153 31952
19153 28091
19153 65217
19153 245909
19153 20988
325670 31949
325670 30230
31949 204375
31949 65217
31949 14659
31949 245909
31949 16344
204375 14648
204375 30230
204375 14659
14648 391944
14648 30230
14648 353529
14648 31952
14648 185622
14648 28091
14648 245909
14648 44460
14648 297385
14648 16344
391944 30230
30230 353529
30230 28091
30230 245909
30230 16344
353529 31952
31952 185622
31952 297385
185622 28091
28091 65217
28091 16344
65217 14659
65217 16344
14659 245909
14659 16344
245909 44460
44460 297385
297385 16344
16344 103090
16344 157498
103090 118148
118148 83184
83184 157498
157498 20988
20988 58180
20988 108153
58180 108153
