222224 19559
222224 847
19559 35669
19559 4526
19559 1503
35669 182108
35669 335
35669 138
182108 373229
182108 4526
182108 7698
373229 4526
373229 7698
373229 352
373229 1503
373229 138
4526 220052
4526 207607
4526 451690
4526 235551
4526 223219
4526 280040
220052 352
207607 23423
207607 408
23423 142799
23423 408
23423 6742
23423 352
142799 4365
142799 408
142799 6742
142799 352
142799 15
4365 451690
4365 134768
4365 408
4365 6742
4365 2045
4365 1503
451690 1852
451690 1503
1852 85423
1852 129189
1852 7348
1852 240700
1852 832
1852 456
1852 5980
1852 2045
1852 75615
1852 307417
1852 1276
1852 54440
85423 129189
129189 2179
2179 134768
2179 1503
134768 408
134768 352
408 235551
408 6742
408 352
408 39859
408 901
408 213
408 5980
408 2045
408 673
408 11443
235551 6742
235551 7698
235551 352
6742 223219
6742 673
223219 245493
223219 7698
223219 352
223219 1503
245493 280040
280040 7698
280040 1503
7698 54747
7698 1
54747 352
54747 15
54747 1503
352 39859
352 233558
352 47924
352 1503
352 11443
901 7348
901 5980
901 673
7348 1572
7348 213
7348 335
7348 15
7348 847
1572 281510
1572 456
1572 847
281510 180513
281510 15
281510 1503
180513 58629
180513 1503
58629 23412
58629 1503
23412 265701
23412 392111
392111 70436
70436 141947
141947 213
213 150574
213 456
213 29445
213 358495
213 5980
213 75615
213 16
213 54440
150574 335
150574 138
335 233558
335 240700
335 456
335 29445
335 358495
335 5980
335 75615
335 33191
335 89000
233558 15
233558 1503
15 240700
15 832
15 414370
15 49001
15 75615
15 111237
15 33191
15 311866
15 1276
15 1
15 92610
240700 832
240700 456
240700 1503
240700 1276
240700 138
832 414370
832 5980
832 1276
414370 456
414370 1503
456 29445
456 5980
456 1503
456 1276
456 138
29445 49001
29445 1503
29445 138
49001 358495
49001 138
358495 5253
358495 1503
358495 138
5253 5980
5980 302535
5980 847
5980 1503
5980 1276
5980 138
302535 50080
50080 25305
50080 1
25305 2045
25305 1276
2045 47924
47924 847
847 75615
75615 1503
75615 1276
75615 138
1503 111237
1503 112180
1503 16
111237 33191
33191 311866
311866 89000
311866 310
89000 160375
89000 138
160375 160385
160385 29065
29065 310
310 307417
310 1
307417 1276
307417 138
1276 112180
1276 138
1276 92610
1276 288391
1276 54440
112180 138
138 16
138 296983
138 11443
16 1
1 454637
1 123016
1 296440
1 441513
1 361432
1 320274
1 380778
1 442485
1 358126
1 289
289 228
228 55894
55894 137099
137099 107847
107847 113611
113611 2870
113611 3252
2870 376539
2870 54440
376539 92610
92610 288391
288391 3252
3252 54440
54440 673
673 296983
296983 11443
11443 396729
396729 4426
