204175 1267
204175 220
1267 45024
1267 25686
1267 13352
1267 23968
1267 220700
1267 1705
1267 116988
1267 110769
1267 27407
1267 816
1267 396620
1267 1871
1267 18292
1267 93
45024 25686
45024 816
45024 301
25686 13352
25686 816
13352 23968
13352 220
13352 1971
13352 5982
13352 816
13352 301
23968 182818
23968 52197
23968 365
23968 220
23968 2164
182818 220700
220700 16643
220700 365
16643 88654
16643 150681
16643 365
16643 220
88654 19864
88654 365
88654 220
88654 816
88654 4665
88654 19861
19864 18104
19864 1053
18104 50885
18104 365
18104 2164
50885 52197
50885 220
50885 503
50885 1871
50885 93
50885 2164
50885 7752
52197 18325
52197 220
52197 2164
18325 65778
65778 37901
65778 301
37901 15195
15195 32218
32218 150681
32218 220
32218 816
150681 50403
150681 365
150681 4740
150681 105339
150681 1971
150681 3188
150681 301
50403 1705
50403 220
50403 816
1705 42447
1705 220
1705 816
1705 503
1705 2164
42447 245227
42447 2164
245227 365
365 300499
365 116988
365 4740
365 110769
365 154643
300499 220
220 116988
220 4740
220 87545
220 9110
220 43527
220 816
220 19000
220 4665
220 7458
220 177535
220 503
220 200608
220 18292
220 93
220 154643
220 196234
220 39453
220 79317
220 569
220 39590
116988 4740
116988 1871
116988 301
4740 160163
4740 2164
4740 196234
160163 105339
105339 15877
15877 1971
1971 29419
1971 5982
1971 110769
1971 9110
1971 503
1971 154643
1971 972
1971 301
29419 5982
29419 301
5982 189207
5982 301
189207 70309
189207 301
70309 110769
70309 27407
110769 27407
110769 4665
110769 301
27407 145671
145671 79390
79390 57246
57246 11208
11208 134759
11208 3188
134759 3188
3188 247698
3188 503
3188 712
3188 972
247698 32831
32831 3630
3630 87545
3630 87554
3630 3608
3630 183497
87545 87554
87545 3608
87554 3608
3608 183497
183497 205115
205115 7953
7953 320470
320470 9110
9110 76423
9110 7458
9110 437118
9110 503
9110 396620
9110 225528
9110 972
76423 43527
76423 816
76423 503
43527 503
816 19000
816 18292
816 225528
816 972
816 301
816 569
19000 4665
4665 7458
4665 19861
4665 301
437118 15291
15291 177536
177536 177535
177535 503
503 396620
503 152715
503 75149
503 280
503 93
503 2164
503 196234
503 972
396620 301
152715 4564
4564 75149
75149 712
712 6981
712 301
6981 1053
6981 1871
6981 280
6981 301
1053 7285
7285 131239
131239 1871
1871 200608
1871 18292
200608 18292
18292 225528
18292 93
225528 280
225528 93
280 154817
154817 93
93 352185
93 79317
352185 19861
19861 154643
154643 64906
154643 301
64906 68666
68666 2164
2164 196234
2164 7752
196234 7752
7752 448791
448791 972
972 39453
972 301
39453 301
301 79317
301 30555
301 569
301 222138
79317 30555
30555 569
569 222138
569 39590
222138 39590
