83779 119572
83779 60557
60557 80819
80819 91323
91323 251041
91323 39511
251041 10593
251041 19966
10593 150516
10593 171823
10593 262572
10593 110569
150516 147990
150516 330
150516 4820
147990 22935
22935 2194
2194 79171
2194 171823
2194 59
2194 4820
2194 51344
2194 419
2194 110569
2194 8705
79171 11569
79171 2680
11569 104415
104415 20799
20799 21856
21856 99889
99889 108727
108727 27404
27404 210014
27404 269723
27404 154093
27404 59528
27404 298725
269723 302628
302628 325302
325302 147513
147513 354168
354168 154093
154093 410950
154093 59528
154093 298083
410950 59528
59528 298725
59528 322941
59528 298083
298725 412191
412191 322941
322941 298083
298083 13920
13920 139048
139048 23123
23123 181957
23123 330
181957 330
181957 59
330 214212
330 818
330 30039
330 56160
330 61966
330 5804
330 2986
330 262572
330 995
330 51344
214212 8208
8208 143884
8208 818
143884 249274
249274 7698
7698 258460
258460 818
818 397568
818 59
818 56160
818 2566
818 59648
818 5852
818 995
397568 30039
30039 412820
412820 2680
412820 59
2680 171823
2680 4820
2680 456
2680 110569
2680 8705
171823 59
171823 4820
171823 456
171823 2694
59 56160
59 5860
59 456
59 419
59 110569
59 8705
56160 2566
56160 61966
56160 456
56160 396
2566 65080
2566 61966
65080 61966
65080 396
65080 71889
65080 8705
65080 19966
61966 59648
59648 9418
9418 40768
40768 5804
5804 85506
5804 17506
5804 5852
85506 35117
85506 17506
85506 2986
35117 17506
17506 5860
17506 18957
17506 73516
17506 16432
17506 2986
5860 5803
5860 396
5803 5852
5852 18957
73516 16432
16432 268481
16432 26782
16432 2986
268481 26782
268481 2986
26782 45361
26782 2986
45361 2986
2986 262572
2986 995
262572 995
262572 396
262572 2694
995 4820
4820 51344
4820 456
51344 456
456 158873
456 110569
158873 396
396 70445
396 294363
396 419
396 110569
396 8705
396 254031
70445 2694
70445 419
2694 294363
2694 419
294363 419
419 110569
110569 72011
72011 71889
72011 8707
72011 90760
72011 33138
71889 300361
71889 8705
300361 8705
8705 8707
8705 90689
8707 90689
8707 90760
90760 33138
33138 274602
274602 19966
19966 341920
341920 34312
34312 126665
126665 36064
36064 158076
158076 39511
39511 254031
