259560 1
1 412536
1 327232
1 137502
1 8
1 3158
1 10
137502 91037
91037 73571
91037 8
73571 4990
4990 22925
4990 22926
22925 38081
38081 92040
92040 93181
93181 7643
93181 15854
93181 356
7643 272440
7643 33083
7643 15854
272440 33083
272440 1852
272440 356
33083 15854
33083 15112
33083 38865
15854 15112
15854 323
15112 72216
15112 2308
15112 689
72216 43376
72216 8
72216 1274
72216 3158
72216 42
72216 10
72216 885
72216 323
43376 155073
43376 42
155073 8
8 67352
8 66159
8 110761
8 337209
8 1852
8 28413
8 22926
8 379327
8 1274
8 133869
8 390
8 223643
8 100618
8 10
8 97766
8 89070
67352 66159
67352 42
67352 10
67352 323
67352 689
66159 110761
66159 130591
66159 4368
66159 689
110761 42
130591 3720
3720 281193
281193 38593
38593 114952
114952 328712
114952 88806
114952 230397
328712 88806
328712 26381
328712 1274
88806 336113
88806 230397
88806 26381
336113 230397
336113 26381
230397 307747
230397 26381
307747 26381
26381 337209
337209 1852
1852 352241
1852 28413
1852 22926
1852 379327
1852 390
1852 383653
1852 13127
352241 356
352241 1274
356 28413
356 379327
356 1274
356 390
356 38865
356 97763
356 885
356 137233
356 13127
28413 22926
28413 1274
22926 379327
22926 1274
379327 1274
379327 3158
379327 10
379327 885
1274 219253
1274 133869
1274 7436
1274 100618
1274 15742
1274 97766
1274 26820
219253 30185
30185 121946
30185 4445
121946 7111
7111 45607
45607 18827
45607 323
18827 246365
18827 151210
18827 4445
18827 153796
18827 241506
246365 3158
3158 203685
3158 203682
3158 133869
3158 38865
3158 7436
203685 203682
203682 42
42 133869
42 223643
42 100618
42 10
42 13127
133869 50595
50595 30302
30302 390
390 38865
390 323
38865 151210
38865 7436
38865 13127
38865 4368
38865 323
38865 689
151210 4445
4445 153796
153796 110096
153796 241506
153796 323
153796 689
153796 11045
241506 7436
241506 323
7436 219758
7436 323
219758 7953
7953 223643
7953 323
100618 10
10 374053
10 15742
10 97766
374053 292066
292066 1961
1961 15742
15742 21339
21339 47321
47321 91135
91135 97766
97766 97763
97763 2308
97763 885
2308 44255
2308 35229
2308 885
35229 885
885 383653
383653 13812
13812 137233
13812 13127
137233 13127
13127 4368
4368 417289
4368 689
4368 11170
4368 11045
417289 5741
417289 20596
417289 689
5741 200896
5741 20596
200896 20596
20596 48596
20596 323
20596 11170
48596 323
323 26820
323 689
323 89070
323 11170
323 11045
26820 689
689 89070
689 11170
89070 11170
11170 114397
11170 11045
114397 11045
