57959 35445
35445 61232
35445 206
61232 147905
61232 14564
147905 14661
14661 14638
14661 44025
14638 44025
14638 82348
14638 28066
44025 206
44025 28066
44025 16779
206 378073
206 82348
206 28066
206 19566
206 10855
206 2765
206 316812
206 185609
206 331661
206 195202
206 117439
206 184736
206 78
206 35221
206 43107
206 3188
206 526
206 4820
206 73767
206 41251
206 171
206 247595
206 322
206 121845
206 6694
206 8425
378073 43781
43781 185323
43781 58102
43781 59906
185323 58102
58102 59906
59906 82348
82348 380731
380731 111681
111681 278525
111681 243980
111681 62741
278525 243980
278525 62741
243980 62741
62741 244030
244030 334849
334849 336977
336977 339610
339610 123499
123499 224762
224762 306005
306005 14564
14564 45419
14564 57451
45419 28066
28066 57451
28066 19566
28066 31749
28066 16779
28066 1503
28066 322
57451 19566
19566 31749
19566 16779
19566 10855
19566 1503
31749 20957
31749 16779
31749 78
20957 45444
20957 16779
45444 16779
16779 317821
317821 10855
317821 1503
10855 242514
10855 2765
10855 1503
10855 3188
242514 25882
25882 212095
212095 13134
212095 2765
212095 4991
212095 1503
212095 3188
13134 83505
13134 19667
13134 37459
13134 205253
13134 213230
13134 185609
13134 7785
13134 1503
13134 3188
83505 4270
83505 1503
4270 23019
23019 2765
23019 1503
2765 5697
2765 37459
2765 185609
2765 7785
2765 26144
2765 117439
2765 3188
2765 63
2765 322
5697 19667
5697 1503
5697 41251
19667 37459
19667 1503
37459 76571
37459 3419
37459 1503
76571 14086
14086 316812
14086 205253
14086 1503
316812 205253
316812 15
316812 3419
316812 1503
213230 25518
25518 81726
25518 1503
81726 185609
185609 7785
185609 4991
185609 15
185609 2055
185609 78
185609 3419
185609 1503
185609 3188
185609 63
185609 322
7785 154151
7785 1503
154151 4991
154151 3419
154151 1503
4991 136147
4991 117439
4991 1503
4991 4820
4991 73767
136147 1852
136147 3419
136147 1503
1852 329394
1852 195202
1852 32936
1852 117439
1852 46795
1852 184736
1852 241486
1852 43107
1852 41251
329394 15
329394 78
15 331661
15 195202
15 117439
15 184736
15 241486
15 43107
15 8425
331661 2055
2055 195202
2055 117439
2055 241486
2055 43107
2055 526
2055 4820
2055 73767
2055 247595
2055 322
2055 121845
195202 32936
195202 78
195202 1503
195202 63
195202 322
32936 14945
14945 28551
14945 1503
28551 187579
187579 26144
26144 117439
26144 1503
117439 46795
117439 78
117439 3419
117439 1503
46795 184736
184736 78
184736 3419
78 241486
78 43107
78 41251
241486 17931
241486 1503
17931 35221
35221 1016
35221 322
1016 7871
7871 43107
43107 3419
43107 1503
43107 63
3419 245034
3419 76484
3419 3188
245034 1503
1503 76484
1503 526
1503 73767
1503 247595
1503 121845
1503 6694
1503 8425
76484 3188
3188 112134
112134 526
526 4820
526 171
526 322
4820 73767
4820 63
4820 322
73767 6139
73767 63
6139 41251
41251 171
41251 322
171 73576
73576 63
63 247595
247595 322
322 121845
322 8425
121845 6694
6694 8425
