427228 1503
1503 414697
1503 9905
1503 169634
1503 55526
1503 62828
1503 79166
1503 6081
1503 17176
1503 73227
1503 83106
1503 88286
1503 39797
1503 10343
1503 93735
1503 353368
1503 212249
1503 86334
1503 33485
414697 9905
9905 169634
9905 10343
9905 396
169634 1164
1164 9924
9924 48849
9924 73227
9924 11956
9924 27407
48849 55526
55526 51375
51375 7287
7287 212
212 193669
193669 62828
62828 79166
62828 6081
62828 396
79166 23072
79166 396
23072 8161
23072 6081
23072 8383
8161 6081
8161 19342
8161 14486
6081 8383
6081 19342
6081 89353
6081 39797
6081 396
8383 17176
8383 14486
8383 89353
17176 77101
17176 14486
17176 89353
77101 20807
20807 22592
22592 129491
129491 73227
129491 396
73227 83106
73227 2500
73227 396
83106 89740
89740 88286
88286 19342
88286 27407
88286 64131
19342 98112
98112 65296
65296 14486
14486 89353
14486 15960
89353 39797
39797 10343
10343 22593
10343 396
22593 248500
248500 116074
116074 151027
151027 11956
11956 93735
93735 27407
27407 86319
86319 75045
75045 220436
220436 100300
100300 64131
64131 27296
27296 15960
15960 16770
15960 2500
16770 2500
2500 396
396 353368
396 58073
396 33485
353368 212249
212249 304002
304002 291710
291710 326401
291710 16443
16443 30945
16443 30935
16443 30980
30945 30935
30935 30980
30980 277355
277355 297996
297996 318276
318276 70958
70958 397020
397020 19956
19956 52213
19956 238434
19956 286333
52213 178406
52213 24136
178406 86334
86334 24136
86334 14648
24136 52208
52208 33275
33275 50382
50382 390373
50382 31213
50382 40305
390373 62227
390373 62209
62227 238434
62227 40305
62227 62209
238434 31213
238434 99155
31213 79014
31213 101177
31213 95063
31213 174066
31213 71218
31213 396147
31213 286333
79014 99155
99155 7564
99155 101177
99155 65004
99155 95063
7564 14620
14620 35450
35450 14021
14021 58073
58073 101177
101177 65004
65004 99057
65004 95063
65004 14648
99057 95063
95063 35150
35150 174066
35150 159134
35150 286333
174066 71218
174066 33485
174066 14648
71218 40305
40305 39517
40305 62209
39517 396147
396147 33485
33485 159134
33485 14648
159134 62209
159134 14648
62209 286333
286333 14648
