269337 23670
23670 115503
23670 66435
23670 38425
23670 109540
23670 12424
115503 291951
115503 24036
291951 122228
122228 70898
70898 24052
24052 38360
38360 23741
38360 66435
23741 127512
23741 66435
23741 56418
23741 24036
127512 243234
243234 122218
122218 66435
122218 109534
38425 32726
38425 228828
38425 11792
32726 109534
32726 23897
32726 2054
32726 109540
32726 12510
109534 23897
109534 12510
23897 38434
23897 2054
23897 109540
23897 12510
38434 12300
38434 56418
38434 46229
12300 87953
12300 46229
12300 3158
87953 12303
87953 2054
12303 56418
12303 2054
12303 12228
12303 12510
56418 24036
56418 2054
56418 3158
24036 2054
2054 109540
2054 12228
2054 12424
2054 158
109540 12228
109540 12510
109540 11792
12228 17760
17760 12424
12424 12510
12424 46229
12510 241545
12510 46229
12510 228828
241545 46229
46229 228828
228828 4821
4821 338494
4821 164914
4821 170605
4821 49024
4821 42803
4821 14166
338494 22823
338494 11792
22823 164914
22823 294824
164914 150245
164914 11792
150245 294824
150245 11792
294824 11792
11792 154186
11792 14602
154186 14602
154186 14621
154186 29233
154186 16452
14602 43952
14602 63271
14602 14621
14602 29233
14602 2694
43952 53485
43952 26357
43952 14621
43952 29233
53485 53284
53284 33486
53284 58088
53284 53274
33486 10360
33486 53274
10360 58088
58088 94591
94591 53274
94591 16452
53274 63271
63271 26357
63271 14621
63271 29233
63271 16452
26357 34194
26357 16452
34194 57104
57104 14621
14621 288431
14621 29233
14621 16452
14621 170605
288431 29233
29233 72496
29233 16452
29233 170605
72496 37523
37523 380097
380097 16452
16452 234758
16452 47609
16452 9063
234758 47609
47609 9063
9063 2694
2694 326506
326506 89955
89955 170605
170605 6663
6663 53913
6663 384503
6663 1574
6663 93329
6663 93334
6663 106650
53913 3755
3755 298437
3755 13633
3755 47949
298437 13633
298437 97805
298437 1574
298437 39031
298437 2288
298437 3158
13633 129948
13633 1574
13633 127634
13633 2288
13633 3158
129948 47949
47949 97805
47949 1574
97805 384503
97805 1574
97805 39031
384503 1574
1574 127634
1574 39031
1574 308214
1574 2288
127634 93329
127634 2288
93329 93334
93329 2288
93329 3158
93334 106650
93334 3158
106650 39031
106650 2288
39031 2288
308214 2288
2288 266238
266238 3158
3158 49024
49024 42803
49024 832
42803 14166
14166 832
832 5283
5283 4829
4829 159838
159838 56225
56225 57441
57441 117294
117294 158
158 3590
3590 2094
2094 70436
