27222 16238
16238 87184
87184 7533
87184 6
7533 411234
7533 44036
7533 284103
7533 14648
7533 31213
7533 57132
7533 69864
7533 384269
7533 267536
7533 6948
7533 115733
7533 277092
7533 28488
7533 34852
7533 89423
7533 175149
7533 142383
7533 8679
7533 60502
411234 33488
411234 2670
33488 57191
33488 14648
57191 44036
57191 14648
44036 284103
44036 2670
44036 679
284103 121028
284103 6948
121028 344883
344883 344882
344882 14648
14648 184279
14648 57132
14648 6948
184279 31213
184279 6948
31213 57132
31213 267536
57132 69864
57132 6948
69864 69859
69859 384269
384269 267536
267536 6948
6948 327462
6948 57107
6948 115733
6948 277092
6948 28488
6948 106469
6948 142383
6948 6
327462 57107
57107 115733
115733 28521
115733 42936
115733 2670
28521 277092
28521 38210
28521 175149
277092 38210
38210 28488
38210 34852
38210 175149
38210 272491
38210 106469
28488 34852
34852 89423
34852 175149
34852 42936
34852 2670
34852 2153
89423 175149
175149 42936
175149 2670
272491 42936
42936 106469
106469 142383
142383 2670
2670 301383
2670 224329
2670 548
2670 93735
2670 5115
2670 231506
2670 129201
2670 25723
2670 18679
301383 78119
78119 153134
153134 805
153134 6
153134 11981
805 673
805 2153
805 679
673 8291
673 679
673 51644
8291 12740
12740 49235
49235 21484
49235 6
49235 1878
21484 5318
21484 47296
5318 55673
55673 6
6 224329
6 5115
6 679
224329 548
548 93735
548 5115
548 3103
548 29945
93735 81669
93735 5115
81669 5115
81669 49229
5115 3103
3103 8679
8679 60494
8679 60502
8679 27792
60494 13743
60494 151006
60494 27792
13743 151006
13743 60502
13743 27792
151006 60502
60502 27792
27792 291179
291179 1799
1799 231506
1799 11981
231506 11981
231506 2153
11981 234646
234646 28401
28401 8556
8556 19609
19609 99813
99813 85985
85985 129201
129201 25723
25723 29945
25723 49229
29945 18679
18679 38858
38858 2153
2153 239864
2153 679
239864 679
679 7848
7848 47296
47296 1878
47296 23468
1878 23468
23468 33208
33208 206563
33208 29127
206563 146471
146471 29127
29127 79552
79552 29263
29263 51644
51644 100846
100846 7819
7819 39728
39728 154636
154636 17871
17871 73272
73272 79207
79207 85537
85537 49229
49229 336310
336310 179349
