367019 367018
367018 69781
69781 145406
69781 40950
69781 5226
145406 289431
145406 40950
40950 159502
159502 73502
73502 66854
66854 74393
74393 291403
291403 17324
17324 81270
81270 17446
17446 100144
17446 5994
100144 5994
100144 138
5994 1298
5994 138
5994 8381
1298 233618
1298 81
1298 138
1298 5188
1298 88
233618 51171
233618 4201
51171 133117
51171 81
133117 16092
16092 59051
16092 17951
16092 81414
16092 79766
16092 553
59051 18118
18118 81
81 4616
81 171830
81 18900
81 28960
81 6724
81 52741
81 5226
81 99006
81 553
81 176529
81 12142
4616 56965
4616 356
4616 5226
4616 3343
4616 2156
56965 13746
56965 356
13746 225226
13746 5226
13746 88
13746 553
13746 12142
225226 356
225226 88
225226 553
225226 2156
356 188460
356 89807
356 357694
356 5226
356 304788
356 188595
356 411991
356 176529
188460 33045
188460 88
33045 399023
399023 138
138 204332
138 300525
138 11357
138 148677
138 147441
138 24420
138 44
138 170945
138 141222
138 176529
204332 302882
302882 63325
63325 17951
17951 81414
81414 89807
81414 8381
89807 8381
89807 22236
89807 4201
89807 5226
89807 88
89807 553
89807 2156
8381 79766
8381 18900
8381 28960
79766 22236
22236 317
317 300525
317 357694
317 171830
317 18900
317 29013
317 52741
317 176529
317 60144
357694 88
171830 11548
171830 44
11548 84077
84077 18900
84077 4201
84077 5226
84077 3343
18900 29013
18900 28960
18900 4201
29013 28960
28960 11357
28960 4042
11357 4924
4924 6724
6724 4042
4042 18023
4042 5663
18023 5663
5663 57
57 148677
57 44
57 52741
57 176529
148677 42644
42644 147441
42644 117441
117441 5188
5188 24420
5188 68441
24420 44
44 52741
44 176529
44 60144
52741 4201
4201 5226
4201 188595
5226 304788
5226 88
5226 99006
5226 38976
5226 188595
5226 553
5226 3343
5226 411991
5226 176529
5226 12142
304788 88
304788 2156
88 99006
88 38976
88 188595
88 553
88 3343
88 411991
88 2156
88 176529
88 12142
88 4528
88 4714
99006 24969
24969 68441
68441 170943
68441 28309
68441 88398
68441 162294
170943 28309
28309 118212
28309 178563
28309 170945
28309 2156
118212 114992
118212 178563
118212 170945
118212 88398
118212 162294
114992 178563
178563 170945
170945 88398
88398 162294
162294 20317
20317 174005
20317 138279
138279 128302
128302 141222
141222 91369
91369 38976
38976 188595
188595 553
188595 3343
188595 2156
553 3343
553 2156
3343 411991
3343 176529
3343 12142
411991 2156
2156 176529
176529 12142
12142 60144
60144 4528
4528 4727
4528 4714
4727 4714
4714 131132
