206792 34290
34290 66478
66478 13999
13999 121442
121442 2694
121442 1988
121442 2179
121442 701
121442 159
2694 42140
2694 95755
2694 1467
42140 16293
42140 3419
16293 205375
205375 480
480 124083
480 6409
480 201500
480 29431
480 17352
124083 63451
124083 689
63451 167764
63451 22215
167764 5333
167764 1988
5333 17301
5333 44386
17301 1988
1988 1307
1988 134553
1988 10745
1988 95881
1988 18038
1988 6409
1988 64940
1988 701
1988 54292
1988 27662
1988 33034
1988 4365
1988 2185
1988 197012
1988 689
1988 159874
1988 209005
1988 95114
1988 28285
1988 31108
1988 3335
1307 1307
1307 134553
134553 17260
134553 2662
134553 701
17260 2662
2662 10745
2662 64940
2662 19749
2662 159874
10745 39660
10745 28285
39660 95881
95881 110433
110433 2373
2373 50137
2373 2185
50137 18038
50137 2185
18038 29500
18038 64940
18038 27662
29500 6409
29500 29431
29500 11956
6409 201500
6409 29431
201500 20554
20554 137842
20554 5449
137842 8126
137842 2179
137842 689
8126 2179
8126 5449
8126 4365
8126 50914
8126 689
2179 95755
2179 19749
2179 689
2179 159874
2179 28285
95755 5449
5449 29431
29431 64940
64940 1053
64940 701
64940 27662
1053 44386
44386 701
701 54292
701 3335
701 159
54292 27662
27662 95510
95510 68435
95510 159
68435 22843
22843 61796
61796 72833
72833 16452
16452 105983
16452 28081
105983 67721
67721 205335
205335 19162
19162 163443
163443 28081
28081 395664
28081 65248
28081 14549
28081 14551
395664 115814
115814 65248
65248 14549
14549 318399
14549 14551
318399 14551
14551 66609
66609 304757
304757 214258
214258 33034
33034 4365
33034 689
33034 159874
4365 19749
4365 50914
4365 3419
19749 50926
19749 689
50926 137945
137945 73560
137945 689
137945 3419
73560 22215
22215 214372
214372 15971
15971 50914
15971 689
50914 2185
50914 689
2185 197012
197012 689
689 159874
689 3419
689 17352
159874 3419
159874 5741
3419 17352
3419 209005
3419 31108
17352 5741
5741 209005
209005 26337
26337 95114
95114 83063
95114 28285
83063 28285
28285 276977
276977 17318
17318 138007
138007 142105
142105 181495
181495 21274
21274 106189
106189 11956
11956 31108
31108 3335
3335 44563
44563 159
159 1467
1467 51415
