431442 16296
16296 183929
183929 329622
329622 84063
84063 230162
230162 3938
3938 71433
3938 40415
71433 11444
71433 7437
71433 677
11444 240590
11444 40415
11444 145824
240590 7437
240590 677
7437 175957
7437 40415
7437 65243
175957 116514
116514 14584
116514 7533
14584 149809
14584 65243
14584 21061
14584 361327
149809 98232
149809 383
149809 7533
98232 100624
100624 184693
100624 7533
100624 1988
184693 150251
150251 20159
20159 339
20159 383
20159 1988
339 14484
339 78781
339 3300
339 72455
339 81
339 1988
339 677
14484 78781
78781 11895
78781 2141
78781 383
78781 81
78781 1988
11895 34838
34838 9646
34838 1988
9646 63137
9646 13516
9646 383
9646 81
9646 1988
9646 677
63137 13516
63137 383
63137 1988
13516 88235
13516 677
88235 2141
88235 383
2141 130703
2141 383
130703 13093
13093 77692
13093 677
77692 44302
44302 40415
44302 383
44302 1988
44302 677
40415 21328
40415 677
21328 21310
21310 208120
208120 7679
7679 52264
7679 12878
52264 174035
52264 81
52264 1988
174035 158639
158639 3189
3189 388600
388600 11513
388600 2359
11513 2391
11513 50547
11513 383
2391 129217
2391 166382
129217 50547
50547 50727
50727 9389
9389 44219
44219 146476
146476 62675
146476 79266
146476 41111
62675 79266
62675 41111
79266 41111
41111 166382
166382 41106
41106 449436
41106 24864
24864 11460
11460 2359
2359 3300
3300 26013
3300 72455
3300 383
3300 81
3300 1988
26013 10007
10007 10375
10375 72455
72455 383
383 65243
383 21061
383 38043
383 293030
383 1988
65243 21061
65243 29233
65243 14648
65243 7533
21061 93439
21061 7533
93439 29233
93439 7533
29233 361327
29233 404869
29233 7533
361327 14648
361327 7533
14648 404869
14648 7533
404869 7533
7533 266566
266566 82567
266566 3227
82567 193947
82567 101380
193947 3227
3227 252555
3227 2925
252555 109497
109497 101380
101380 220860
220860 38043
38043 3842
38043 2925
3842 264348
3842 2925
264348 2925
2925 199714
199714 76613
76613 52830
52830 55211
55211 38007
38007 81
81 293030
293030 1988
293030 677
1988 145824
1988 677
145824 677
677 260311
260311 147730
147730 12878
