280625 32239
32239 64937
32239 13915
32239 5082
32239 97376
64937 202893
64937 6408
202893 11559
202893 301
202893 383
202893 1503
202893 1971
202893 205
202893 6408
11559 22900
11559 301
11559 183831
11559 1062
11559 1971
11559 73586
22900 22469
22900 220
22469 22590
22469 220
22590 49143
49143 15788
49143 3603
49143 220
15788 161074
161074 3603
3603 50329
3603 1062
3603 1503
3603 220
3603 186279
50329 187345
50329 220
187345 147994
147994 5792
147994 1503
5792 216744
5792 20463
5792 129528
216744 301
216744 1062
216744 220
216744 1971
301 183831
301 72725
301 1062
301 199167
301 425038
301 383
301 91903
301 1503
301 157145
301 20463
301 176617
301 221
301 1286
301 129528
301 3360
301 251975
301 5082
301 1971
301 186279
301 7428
301 314017
301 205
301 128538
301 63
183831 158926
183831 383
158926 13915
158926 6408
13915 201089
13915 55475
13915 73586
201089 55475
55475 311186
311186 112265
311186 1062
311186 383
311186 1503
112265 2676
112265 1062
112265 221
112265 205
112265 63
2676 135331
2676 5082
135331 9005
9005 72725
72725 135130
72725 383
135130 288182
288182 57310
57310 189540
189540 1062
1062 199167
1062 383
1062 91903
1062 1503
1062 1286
1062 398939
1062 129528
1062 3360
1062 251975
1062 5082
1062 97376
1062 1971
1062 186279
1062 7428
1062 314017
1062 128538
1062 73586
1062 63
425038 425037
425038 383
383 91903
383 157145
383 20463
383 1286
383 398939
383 129528
383 251975
383 5082
383 97376
383 1971
383 7428
383 324742
383 97183
383 314017
383 205
383 262524
383 128538
383 73586
383 63
91903 1503
91903 1286
91903 205
1503 157145
1503 221
1503 1286
1503 129528
1503 251975
1503 5082
1503 186279
1503 7428
1503 324742
1503 314017
1503 205
1503 128721
157145 20463
157145 220
20463 157144
20463 205
157144 176617
157144 63
176617 220
220 145723
220 93446
220 82752
220 5082
220 97376
220 186279
145723 221
221 93446
221 82752
221 1971
221 73586
221 63
93446 1286
1286 398939
1286 251975
1286 1971
1286 7428
1286 205
1286 63
398939 1968
398939 205
1968 82752
1968 1971
82752 3334
82752 205
3334 129528
3334 73586
129528 3360
129528 1971
129528 205
129528 6408
129528 63
3360 251975
3360 5082
3360 186279
3360 205
251975 5082
251975 1971
251975 205
251975 63
5082 97376
5082 1971
5082 205
5082 63
97376 1971
1971 186279
1971 220398
1971 128721
1971 73586
1971 63
186279 7428
186279 205
7428 324742
324742 134836
324742 75370
324742 205
134836 393281
393281 97183
97183 99225
97183 68278
99225 243285
99225 252158
99225 68278
99225 266847
243285 252158
243285 160262
243285 68278
252158 213479
213479 202740
202740 287230
287230 160262
160262 160396
160396 419563
419563 371809
371809 68278
68278 174811
174811 266847
174811 75370
266847 310717
266847 75370
310717 75370
75370 314017
314017 205
205 262524
205 73586
262524 78175
78175 220398
220398 89189
220398 164479
89189 128723
89189 228042
128723 204115
128723 128721
128723 228042
204115 128721
204115 228042
128721 228042
128721 164479
128721 214635
228042 110784
110784 128538
128538 245806
245806 164479
245806 214635
164479 214635
214635 20150
20150 167249
167249 6408
6408 73586
73586 63
