86075 63787
86075 7550
86075 27712
86075 16460
86075 31786
63787 7550
63787 116636
63787 16460
7550 332139
7550 27712
7550 28072
332139 27712
27712 116636
27712 69327
116636 34858
34858 254891
34858 69327
254891 249782
249782 16460
16460 117449
16460 69327
117449 53901
53901 355496
53901 339766
53901 19153
53901 14648
355496 19153
355496 34719
339766 26363
339766 14590
339766 19913
26363 116678
26363 31786
116678 33480
116678 19153
116678 19150
33480 352792
33480 14621
33480 19153
33480 7551
33480 14590
33480 19150
33480 60020
33480 31786
33480 19913
33480 43978
33480 28072
33480 33177
352792 14621
352792 7551
352792 14590
14621 30225
14621 19153
14621 79097
14621 7551
14621 99974
14621 19150
14621 73340
14621 56817
14621 171298
14621 19913
14621 256238
14621 21042
30225 204199
30225 19153
30225 60021
30225 256238
204199 19153
204199 19913
19153 79097
19153 99974
19153 14648
19153 116338
19153 75343
19153 14582
19153 14607
19153 391511
19153 14672
19153 108406
19153 95015
19153 21042
19153 252930
19153 69327
19153 33177
19153 127587
79097 7551
79097 14648
7551 315228
7551 99974
7551 14590
7551 14648
7551 19150
7551 14635
7551 14608
7551 14582
7551 14607
7551 65216
7551 73340
7551 60020
7551 60021
7551 14672
7551 31712
7551 95015
7551 28097
7551 19913
7551 43978
7551 28072
7551 33177
315228 99974
99974 14590
99974 19150
14590 252564
14590 14648
14590 34719
14590 19150
14590 75343
14590 14608
14590 14582
14590 65216
14590 60020
14590 14672
14590 108406
14590 95015
14590 28097
14590 121344
14590 43978
14590 28072
252564 14648
14648 116338
14648 326930
14648 125765
14648 65216
14648 60020
14648 95015
14648 28097
14648 19913
326930 34719
34719 359509
34719 28097
34719 273548
359509 19150
19150 75343
19150 14582
19150 65216
19150 14672
19150 31712
19150 43978
19150 28072
19150 267778
19150 310288
75343 125765
125765 14635
14635 14608
14635 65216
14608 14582
14608 14607
14608 19913
14608 28072
14582 14607
14582 65216
14607 65216
14607 19913
14607 28072
65216 73340
65216 64173
65216 14672
65216 19913
65216 43978
65216 28072
65216 33177
73340 56817
56817 60020
56817 28072
60020 60021
60020 31712
60020 28097
60020 28072
60021 391511
60021 19913
60021 28072
391511 64173
391511 19913
64173 14672
64173 28072
14672 31712
14672 28097
14672 256238
14672 43978
31712 31786
31786 108406
31786 171298
31786 28072
108406 171298
108406 95015
108406 28097
108406 19913
108406 72658
171298 95015
171298 19913
171298 28072
95015 28097
95015 19913
28097 123551
28097 21042
28097 28072
123551 106583
106583 19913
19913 103289
19913 28072
19913 69327
19913 33177
103289 72658
72658 256238
256238 21042
21042 95066
21042 58180
95066 119967
95066 58180
95066 172363
119967 58180
58180 172363
58180 33177
172363 273548
273548 252930
252930 121344
43978 28072
28072 69327
28072 33177
69327 33177
33177 127587
127587 267778
127587 310288
267778 86136
86136 310288
310288 88809
310288 112771
88809 112771
112771 211702
211702 187993
187993 76502
76502 5813
5813 20086
5813 7323
5813 57817
5813 40744
20086 7323
7323 57817
7323 149083
57817 149083
57817 13777
149083 40744
40744 13777
13777 5006
5006 8664
5006 21731
5006 32664
5006 116078
5006 4794
8664 4199
8664 21731
8664 32664
4199 67747
4199 116078
67747 21731
21731 32664
21731 4794
32664 116078
116078 4794
4794 2988
2988 121631
2988 15454
121631 15454
15454 18537
