367370 46193
46193 146948
46193 375551
46193 408918
46193 12315
146948 45721
146948 12344
146948 1503
146948 12315
45721 20360
45721 87355
20360 21605
20360 82019
20360 12344
20360 73007
21605 75818
21605 12344
21605 12230
75818 38426
38426 86811
38426 12344
38426 12195
86811 92718
92718 82019
92718 21620
92718 12514
82019 12344
12344 40635
12344 73007
40635 21620
21620 12230
21620 12514
21620 383
12230 19332
12230 12195
12230 12315
12230 383
19332 12195
19332 12315
12195 12346
12195 12514
12346 2662
12346 12514
2662 420189
2662 1247
2662 235456
2662 1503
2662 301
2662 11426
2662 258843
2662 39263
2662 77156
420189 1247
420189 1292
420189 1881
1247 235456
1247 301
1247 143605
1247 173628
1247 39263
1247 52805
1247 383
235456 1503
235456 301
235456 383
1503 261262
1503 212893
1503 301
1503 31382
1503 143605
1503 258843
1503 12315
1503 12514
1503 360038
1503 39263
1503 141160
1503 8643
1503 91201
1503 52805
1503 286110
1503 89707
1503 161323
1503 6192
1503 124209
1503 454523
261262 212893
212893 301
301 11367
301 143605
301 173628
301 408918
301 12315
301 39263
301 88183
301 8643
301 64087
301 91201
301 58434
301 286110
301 77156
301 161323
301 1757
301 6192
301 124209
301 383
301 454523
301 43
301 121948
11367 11426
11367 383
11426 16576
11426 31382
16576 31382
31382 170170
170170 38250
38250 143605
143605 1292
143605 1881
143605 383
1292 173628
1292 258843
1292 121948
173628 60707
173628 62064
60707 286222
286222 62064
62064 258843
62064 23685
62064 96884
258843 1881
1881 375550
1881 34784
1881 43
375550 375551
375551 87355
87355 408918
408918 12315
12315 337831
12315 383
337831 12514
337831 383
12514 73007
12514 383
73007 325126
325126 353871
353871 395847
395847 427800
427800 185510
185510 64266
64266 360038
360038 19163
19163 33725
19163 383
33725 336630
336630 56836
56836 39263
39263 383
141160 229774
229774 7698
7698 88183
7698 89707
88183 33804
88183 8643
33804 8643
33804 34343
8643 64087
8643 49421
8643 91201
8643 52805
8643 58434
64087 49421
64087 52805
64087 58434
49421 91201
49421 52805
49421 58434
49421 383
91201 52805
91201 383
52805 58434
52805 49428
52805 383
58434 49428
49428 95155
95155 49433
49433 49456
49456 34343
34343 286110
286110 2041
286110 383
2041 77156
77156 89707
89707 126008
126008 161323
161323 1776
1776 1757
1776 108108
1776 23685
1757 6192
6192 34784
34784 108108
108108 133032
133032 428482
428482 38548
38548 361649
38548 24199
38548 124209
38548 145011
361649 24199
24199 124209
124209 383
124209 43
383 454523
454523 43
43 121948
121948 23685
23685 96884
96884 145011
