121733 63825
121733 24099
63825 24099
24099 103328
103328 61258
103328 8786
103328 1062
61258 200438
61258 8786
61258 15
200438 7035
200438 1062
7035 63367
7035 8786
7035 1881
7035 1062
63367 8786
63367 15
63367 1062
8786 63860
63860 1858
63860 1062
1858 93971
1858 4345
1858 45606
1858 83407
1858 3787
1858 68956
93971 6408
6408 272027
6408 41012
6408 265036
272027 374
374 139852
139852 27030
139852 15
139852 1881
139852 1062
27030 85985
27030 439099
85985 39532
39532 28405
28405 28355
28405 1062
28355 4345
28355 21314
4345 41012
4345 15
4345 11036
4345 14469
4345 2690
41012 161
41012 15
161 247062
161 1985
161 238880
247062 33464
247062 15
33464 45606
45606 265036
45606 15
265036 5796
265036 1062
5796 201682
5796 1062
5796 29420
201682 36995
36995 267944
36995 283894
283894 3482
3482 398975
3482 1062
3482 11773
3482 232287
398975 15
15 432746
15 83407
15 1062
15 10015
15 217713
15 434621
432746 1881
1881 83407
1881 3787
1881 80279
1881 434621
83407 3787
3787 76531
76531 1062
1062 182186
1062 3197
1062 68956
1062 10015
1062 11036
1062 55649
1062 176296
1062 1985
1062 29420
1062 11773
1062 454
1062 188852
1062 17896
1062 29550
1062 21314
1062 232287
1062 94844
1062 434621
1062 387330
1062 122475
1062 321585
1062 68285
1062 122488
182186 3197
3197 68956
3197 8398
3197 11773
3197 21314
3197 94844
3197 122488
68956 36130
68956 11036
36130 10015
10015 35829
10015 11036
35829 49238
49238 11036
11036 78841
11036 14469
78841 180707
78841 8398
180707 8398
8398 217713
8398 2690
8398 80279
8398 126441
217713 14469
217713 454
14469 82756
82756 68499
68499 11114
11114 394010
394010 55649
55649 176296
55649 762
176296 2690
176296 762
2690 1985
1985 29420
29420 11773
11773 454
11773 17896
454 80279
454 126441
454 29550
454 21314
454 94844
80279 142984
80279 197787
142984 197787
142984 142985
142984 188852
197787 207907
207907 142985
142985 188852
188852 108050
108050 439099
439099 17896
17896 126441
126441 29550
29550 21314
21314 232287
232287 94844
232287 762
94844 762
762 434621
434621 3984
3984 387330
387330 46370
46370 122475
46370 122488
122475 321585
122475 68285
321585 68285
68285 160264
68285 89017
68285 285733
160264 89017
89017 415310
415310 122488
122488 341877
341877 176397
176397 253488
176397 238880
253488 248698
248698 285733
285733 122445
122445 238880
238880 240844
