161509 1
1 183051
1 339578
1 47770
1 75370
339578 192864
192864 157550
192864 146614
192864 95913
192864 36558
157550 157547
157550 122468
157550 274848
157550 181776
157550 287234
157550 150181
157547 146614
157547 274848
157547 235630
157547 390848
157547 287234
157547 380282
157547 150181
146614 318094
146614 122468
146614 122442
146614 268598
146614 150181
318094 122468
318094 89925
318094 157551
318094 150181
318094 75370
122468 274848
122468 332783
122468 261240
122468 122442
122468 235630
122468 177801
122468 207756
122468 181776
122468 390848
122468 268598
122468 274858
122468 261993
122468 287234
122468 157551
122468 150181
274848 332783
274848 261240
274848 157562
332783 30799
332783 75370
261240 171187
261240 150181
171187 122106
171187 157562
122106 232651
122106 287234
122106 157551
232651 205880
232651 68278
232651 176397
232651 75370
232651 36558
205880 197143
197143 197114
197114 2680
197114 301
197114 221
197114 1503
197114 1286
197114 68278
197114 89925
197114 30799
197114 47770
197114 157551
197114 75370
2680 27629
2680 301
2680 7675
27629 301
27629 1503
27629 1286
301 193158
301 25762
301 139867
301 221
301 191688
301 1503
301 1286
301 44259
301 7675
301 177801
301 330302
301 229213
301 270277
301 342703
193158 88215
88215 25762
88215 88128
88215 71460
88215 349
25762 88128
25762 71460
88128 71460
71460 139867
71460 349
139867 221
221 191688
221 1503
191688 1503
1503 1286
1503 44259
1503 7675
1503 164253
1503 268598
1503 262989
1503 330302
1503 270277
1503 249512
1503 342703
1503 317895
1286 44259
44259 7675
7675 21388
21388 4543
4543 16249
16249 45
45 82707
82707 349
349 164253
349 11880
164253 11880
11880 122442
122442 235630
122442 68278
122442 30799
122442 47770
122442 36558
235630 177801
235630 176397
235630 89925
235630 30799
235630 261993
235630 75370
177801 207756
177801 89925
177801 30799
177801 157562
177801 157551
177801 75370
177801 36558
207756 181776
207756 150181
207756 75370
181776 390848
181776 150181
390848 303286
303286 268598
268598 325482
268598 30799
268598 36558
325482 68278
325482 88564
68278 344084
68278 278446
68278 274858
68278 30799
68278 262989
68278 339242
68278 290584
68278 264413
68278 261993
68278 266663
68278 266548
68278 287234
68278 330302
68278 229213
68278 270277
68278 438034
68278 283100
68278 264259
68278 342703
68278 317895
68278 315153
344084 375252
344084 36558
375252 176397
375252 36558
176397 312477
176397 95913
176397 380282
176397 95901
176397 36558
312477 205820
205820 278446
205820 150181
278446 36558
274858 89925
89925 270378
89925 262989
89925 339242
89925 152915
89925 261993
89925 270277
89925 264259
89925 342703
270378 30799
30799 262989
30799 339242
30799 152915
30799 261993
30799 330302
30799 270277
30799 249512
30799 342703
262989 339242
262989 264413
262989 75370
262989 36558
339242 290584
339242 36558
290584 290405
290405 264413
264413 260713
264413 36558
260713 116026
260713 152915
260713 47770
260713 264259
116026 152915
152915 47770
47770 261993
47770 330302
47770 270277
47770 264259
261993 266551
261993 75370
261993 342703
261993 36558
266551 266663
266551 266548
266551 36558
266663 266548
266548 157562
266548 88564
266548 95913
266548 95901
266548 75370
266548 36558
157562 317613
317613 287234
287234 157551
287234 150181
157551 330302
330302 229213
330302 150181
330302 75370
229213 270277
229213 75370
229213 36558
270277 166107
270277 75370
166107 438034
438034 88564
438034 95901
438034 36558
88564 283103
88564 380282
88564 95901
88564 274517
88564 150181
283103 283100
283103 249512
283103 95913
283103 95901
283100 249512
95913 380282
95913 274517
380282 95901
380282 150181
95901 274517
95901 150181
274517 150181
274517 75370
150181 264259
264259 75370
75370 342703
75370 317895
75370 315153
342703 317895
342703 36558
317895 36558
36558 183523
183523 315153
