267326 2287
267326 1062
2287 206
2287 1988
206 435586
206 198382
206 20941
206 1556
206 51367
206 42062
206 127137
206 34086
206 281054
206 46187
206 23764
206 328312
206 222082
206 1988
206 79479
206 119761
206 456
206 92922
206 26276
206 1062
206 277667
206 1274
206 94100
206 1455
206 548
206 50783
206 142579
435586 14584
435586 1062
14584 112100
14584 20941
112100 329777
112100 12389
329777 198382
198382 20941
198382 138
20941 8903
20941 138
20941 1274
8903 324523
8903 1988
8903 1274
324523 19604
19604 139851
19604 1988
19604 43727
19604 1455
139851 276299
276299 306
306 1556
306 138
306 456
306 1062
306 1455
1556 1300
1556 1062
1300 2351
1300 456
2351 51367
2351 42062
51367 42062
51367 127137
51367 456
51367 94100
42062 127137
42062 138
42062 317
42062 2697
42062 94100
42062 548
127137 26293
127137 138
127137 456
127137 1062
127137 2697
26293 84427
26293 317
84427 4412
4412 362908
4412 1988
4412 69630
4412 142579
362908 34086
34086 128949
34086 46184
34086 46187
34086 38405
34086 23764
34086 12389
34086 138
34086 1062
34086 1274
128949 46184
128949 12389
128949 138
128949 1062
128949 1274
46184 281054
46184 46187
46184 23764
46184 12389
281054 46187
281054 12389
281054 138
281054 1062
46187 96724
46187 12389
46187 138
46187 1062
46187 1274
46187 2697
96724 38405
96724 23764
96724 12389
38405 298160
38405 12389
298160 75677
298160 12389
298160 1062
75677 40661
75677 20360
75677 12389
40661 20360
20360 23764
20360 12389
23764 348996
23764 12389
23764 328312
23764 1062
23764 1274
348996 12389
12389 328312
328312 7961
328312 1062
328312 317
7961 222082
222082 4446
222082 1988
222082 317
222082 1274
4446 434666
4446 173989
4446 455788
4446 294778
294778 1988
1988 79494
1988 204913
1988 138
1988 456
1988 1062
1988 43727
1988 3609
1988 27308
1988 13889
1988 8381
1988 1455
1988 142579
79494 176443
79494 125038
79494 79479
79494 53863
79494 204913
79494 104772
79494 217840
79494 93833
79494 104758
79494 119761
79494 1062
79494 317
176443 53737
176443 1062
53737 125038
125038 79479
125038 53863
125038 147531
125038 104772
125038 217840
125038 93833
125038 104758
79479 53863
79479 93833
79479 138
79479 1274
79479 2697
53863 204913
53863 104772
53863 104763
53863 217840
53863 131640
53863 93833
53863 104758
204913 147531
204913 1274
147531 104772
104772 104763
104772 217840
104772 131640
104763 217840
217840 131640
217840 104758
131640 93833
93833 104758
104758 119761
119761 138
119761 1062
138 274019
138 456
138 92922
138 1274
138 316678
138 94100
138 1455
138 548
138 50783
138 69630
274019 456
456 92922
456 1062
456 1274
456 94100
92922 26276
92922 1062
92922 27545
92922 1274
26276 1062
1062 212670
1062 3609
1062 1274
1062 2697
1062 94100
1062 1455
1062 15030
212670 317
317 277667
317 1274
317 69630
277667 113954
113954 164
113954 92926
164 213852
213852 27545
27545 27404
27404 92926
92926 42388
42388 43727
43727 3609
3609 27308
27308 13889
13889 11044
13889 8381
11044 11730
11730 8381
8381 162610
162610 47425
47425 7818
7818 213389
213389 1274
1274 316678
1274 548
1274 69630
316678 2697
2697 94100
94100 1455
94100 548
1455 548
548 50783
50783 15030
15030 69630
69630 142579
