172729 1625
172729 352
172729 818
1625 8539
1625 352
8539 115322
8539 220
115322 5628
115322 220
5628 307629
5628 179711
5628 371
5628 124936
307629 1276
307629 352
307629 1852
307629 220
307629 1881
1276 141854
1276 1852
1276 1881
1276 44244
1276 122070
1276 245092
1276 2386
1276 124936
141854 23652
141854 1852
23652 1220
1220 84809
1220 179711
1220 12767
1220 818
84809 8306
84809 220
8306 173335
8306 352
8306 317
8306 12767
173335 352
173335 317
352 242118
352 7953
352 99010
352 330172
352 453595
352 818
352 37019
352 9837
352 127465
242118 7953
7953 99010
7953 317
7953 37019
7953 9837
99010 23649
99010 1852
99010 317
23649 179711
23649 1852
23649 220
23649 1881
179711 2050
179711 818
2050 18260
2050 41346
2050 29973
2050 1109
2050 371
18260 6612
18260 134
6612 4504
6612 21300
4504 21300
21300 76738
76738 11407
76738 220
11407 143982
143982 4720
143982 220
4720 42884
42884 1852
1852 48884
1852 1881
1852 44244
1852 245092
1852 315003
1852 2386
1852 124936
48884 64425
48884 317
64425 330172
330172 317
317 37491
317 160583
317 272114
317 220
317 1881
317 122070
317 9837
317 30552
317 245092
317 124936
37491 20929
20929 100440
100440 94560
100440 102951
94560 94597
94560 102951
94597 94593
94593 102951
94593 113117
113117 6093
6093 41346
6093 371
6093 3026
41346 29973
41346 1109
29973 160583
29973 1109
160583 1109
1109 371
1109 134
371 134
371 17122
134 92549
92549 73770
73770 3026
3026 73758
73758 90854
90854 241336
241336 1893
1893 354887
354887 17122
17122 69386
69386 12767
12767 453595
12767 818
453595 818
818 40068
818 37019
818 16210
40068 37019
37019 230258
230258 135071
230258 230257
230258 200855
230258 220
135071 230257
230257 200855
200855 272114
200855 220
272114 220
220 124275
220 245092
220 16210
124275 1881
1881 44244
1881 13396
1881 124936
44244 18714
18714 122070
18714 9852
18714 30552
18714 52
122070 9852
122070 9837
122070 52
9852 113705
9852 9837
9852 127465
9852 30552
9852 52572
9852 245092
113705 9837
113705 13396
113705 127465
113705 52572
9837 13396
9837 52
9837 52572
9837 245092
13396 127465
13396 30552
13396 52
127465 30552
30552 52
52 29512
52 245092
29512 52572
52572 245092
245092 13638
13638 194514
194514 6696
6696 307548
307548 315003
307548 16210
315003 16210
16210 197769
197769 299094
299094 2386
2386 58778
58778 58782
58782 61656
58782 61609
58782 35580
61656 124936
61656 35580
124936 61609
61609 35580
