432914 220
220 171330
220 167820
220 2594
220 242968
220 24018
220 6547
220 54076
220 50783
220 15862
220 677
220 8867
220 92817
220 8903
220 8835
171330 167820
171330 2594
167820 2594
2594 242968
2594 677
242968 107474
242968 677
24018 6547
6547 9785
9785 157984
9785 54076
157984 9910
9910 54076
54076 81
81 51943
51943 50783
50783 4712
4712 15862
15862 677
677 229281
677 8005
677 37434
677 6749
677 42999
677 31152
677 93563
229281 8005
229281 6749
229281 11444
8005 37434
8005 6749
8005 31152
8005 11444
37434 6749
6749 42999
6749 31152
42999 31152
31152 11444
11444 93563
93563 5907
5907 59816
59816 4717
4717 135330
135330 8956
135330 36216
135330 8603
8956 90683
8956 303944
8956 8934
8956 8867
8956 8725
8956 114063
8956 225832
8956 128997
8956 190783
8956 112930
8956 8603
8956 292907
8956 145599
90683 303944
90683 8725
90683 8603
303944 8934
8934 8867
8934 8896
8867 8725
8867 8896
8867 36216
8867 8603
8867 8903
8725 114063
8725 8603
114063 8896
114063 36216
114063 8603
8896 225832
8896 36216
8896 8603
225832 128997
225832 36216
225832 8603
128997 190783
128997 8603
190783 36216
36216 112930
36216 8603
36216 292907
36216 145599
112930 8603
8603 292907
8603 14572
8603 19161
292907 281523
281523 145599
145599 14621
145599 14572
14621 84826
14621 112097
14621 14031
14621 20976
14621 14677
14621 77402
14621 7551
14621 329090
14621 319421
14621 14572
14621 118138
14621 19161
84826 16358
84826 39164
16358 138250
16358 77580
16358 251199
16358 7551
16358 8903
16358 319421
16358 60429
16358 8835
16358 142521
138250 198363
138250 112097
198363 112097
198363 8747
112097 77580
112097 7551
77580 124475
77580 14677
77580 7551
77580 39164
77580 8835
124475 14031
14031 20976
14031 14677
14031 7551
14031 14572
20976 31304
20976 8747
20976 14677
20976 7551
20976 14590
20976 14572
31304 56267
31304 7551
31304 4910
31304 123924
31304 14590
31304 143262
56267 60036
56267 7551
56267 4910
56267 14590
60036 75763
75763 99041
75763 4910
99041 251199
99041 7551
99041 4910
99041 14590
99041 274257
251199 148764
251199 4910
148764 8747
8747 361167
8747 19161
8747 57861
8747 8835
361167 14677
14677 77402
14677 7551
14677 14590
14677 319421
14677 14572
14677 118138
14677 19161
77402 39172
77402 7551
39172 72738
72738 92817
92817 7551
92817 4910
92817 8835
7551 394927
7551 329090
7551 4910
7551 123924
7551 14590
7551 143262
7551 138403
7551 62181
7551 319421
7551 14572
7551 118138
7551 19161
7551 60429
7551 8835
394927 329090
394927 14572
329090 4910
329090 14572
4910 123924
4910 14590
4910 143262
4910 62181
4910 319421
4910 14572
4910 142521
123924 14590
14590 143262
14590 138403
14590 62181
14590 56280
14590 14572
14590 118138
14590 142521
143262 138403
138403 39164
138403 8903
138403 8835
39164 381165
39164 60429
381165 6969
6969 233121
233121 122828
122828 286503
122828 62181
62181 56280
62181 14572
62181 8835
56280 8903
56280 14572
8903 319421
8903 60429
8903 8835
319421 14572
319421 8835
14572 118138
118138 19161
19161 39159
39159 274257
274257 57861
57861 299448
57861 60429
299448 60429
60429 8835
8835 142521
