901 373
901 7880
901 4259
901 36989
373 34291
373 3810
373 7880
373 4259
373 6
34291 70131
34291 220
34291 11991
34291 857
34291 2188
34291 519
70131 231642
70131 519
231642 231645
231642 15
231642 88
231642 383
231645 15
231645 220
231645 88
15 113546
15 220959
15 136666
15 26597
15 184523
15 409
15 237394
15 391171
15 163053
15 68253
15 245458
15 431817
113546 63983
113546 88
113546 857
63983 220
63983 356
63983 349
63983 88
63983 456
220 57945
220 27766
220 356
220 352223
220 3810
220 116906
220 349
220 136666
220 13934
220 26597
220 857
220 412047
220 46115
220 409
220 154934
220 2188
220 45468
220 39808
220 20412
220 273266
220 352035
220 519
220 87325
220 281400
220 392036
220 533
220 163053
220 431817
57945 29254
57945 3810
57945 6
29254 439
29254 383
29254 456
439 27766
439 11991
439 349
439 519
27766 11991
27766 88
27766 857
27766 519
27766 533
11991 220959
11991 349
11991 88
11991 519
220959 356
220959 88
220959 857
220959 519
356 352223
356 3810
356 136666
356 412047
356 46115
356 150378
356 519
356 392036
352223 3810
3810 116906
3810 349
3810 13934
3810 8189
116906 349
116906 409
116906 10534
349 136666
349 201122
349 412047
349 409
349 154934
349 2188
349 39808
349 13052
349 519
349 392036
136666 50778
136666 88
136666 383
136666 6
136666 519
136666 456
50778 57580
50778 86293
50778 141534
50778 78227
57580 180838
57580 13934
57580 86293
57580 10534
180838 13934
180838 86316
180838 10534
13934 86293
13934 86316
13934 140090
13934 5439
13934 10534
13934 78227
86293 86316
86293 78227
86316 140090
86316 5439
86316 4259
86316 10534
140090 141534
140090 10534
141534 155537
141534 10534
155537 5439
155537 88
155537 2153
155537 10534
155537 36989
5439 26597
5439 5011
5439 4259
5439 2153
5439 731
5439 533
5439 68253
5439 454
26597 9180
26597 88
26597 4259
26597 383
26597 6
26597 456
9180 431959
9180 128171
9180 13854
9180 383
9180 533
9180 456
431959 383
128171 5011
128171 383
5011 184523
5011 409
5011 7880
5011 2153
5011 731
5011 383
184523 15998
184523 4259
184523 4526
184523 383
184523 6
15998 100569
15998 4259
100569 98944
100569 88
98944 88
88 357341
88 201122
88 412047
88 409
88 7880
88 4526
88 13052
88 8189
88 391171
88 6
88 299174
88 352035
88 519
88 87325
88 392036
88 456
88 245458
88 431817
357341 13854
13854 201122
13854 2153
201122 857
201122 4259
201122 2153
201122 731
201122 10534
857 412047
857 409
857 39808
857 731
857 391171
412047 409
46115 6
150378 409
409 154934
409 4526
409 6
409 519
154934 2188
2188 45468
2188 39808
2188 519
45468 3351
3351 40081
40081 39808
39808 604
39808 4526
39808 519
604 7880
7880 4259
7880 4526
7880 2153
7880 383
7880 6
4259 82798
4259 20412
4259 731
4259 352035
4259 456
4259 68253
4259 454
4259 245458
82798 4526
82798 2153
82798 6
4526 78042
4526 281400
78042 13052
13052 2153
2153 20412
2153 731
2153 383
2153 352035
20412 8189
20412 6
8189 731
8189 383
8189 519
731 42597
731 383
731 6
731 533
731 454
42597 10534
10534 78227
78227 36989
36989 82245
36989 41944
82245 270523
82245 6
270523 41944
41944 30966
41944 16452
30966 57872
57872 65721
57872 197702
197702 16452
16452 273266
16452 237394
16452 391171
273266 237394
237394 383
383 391171
383 108823
383 299174
383 533
383 163053
383 456
383 245458
391171 6
391171 519
6 108823
6 299174
6 163053
6 456
6 68253
108823 456
299174 519
352035 519
519 87325
87325 281400
281400 81699
81699 392036
392036 533
533 163053
163053 456
456 68253
68253 454
454 245458
245458 1546
1546 431817
