315234 67792
315234 95896
67792 295681
67792 95903
67792 379891
67792 88569
67792 319870
67792 241918
67792 297776
67792 121551
67792 407017
67792 325123
67792 329852
67792 351669
67792 258729
67792 258921
67792 270429
67792 241902
67792 229093
67792 154021
67792 261307
67792 347499
67792 204033
67792 427558
67792 116097
67792 248731
67792 95918
67792 221864
67792 393299
295681 95903
295681 157562
295681 88579
95903 379891
95903 88569
95903 95910
95903 270429
95903 88579
95903 79653
95903 427558
95903 95901
95903 79648
95903 149210
95903 36558
95903 150301
379891 88569
379891 68282
379891 121551
379891 68278
379891 208498
379891 79648
379891 36558
88569 382096
88569 68282
88569 241918
88569 157562
88569 95910
88569 68278
88569 329852
88569 351669
88569 198081
88569 154021
88569 144262
88569 95901
88569 149210
88569 116097
88569 404347
88569 36558
88569 95918
88569 221864
382096 68282
382096 68278
382096 30799
68282 265200
68282 205992
68282 121551
68282 68278
68282 95907
68282 89009
68282 116097
68282 36558
68282 248731
68282 221864
265200 205992
265200 88579
205992 350777
205992 121551
205992 68278
205992 30799
205992 95896
205992 75370
350777 174818
174818 153324
174818 287852
174818 116099
174818 146277
174818 372906
174818 95910
174818 157545
174818 329852
174818 95918
153324 272956
153324 157547
153324 287852
153324 116099
153324 253110
153324 318536
153324 314691
153324 208498
153324 261978
153324 157545
153324 316430
153324 204033
272956 157547
272956 150170
272956 68278
272956 208498
272956 79648
157547 287852
157547 157548
157547 263036
157547 95910
157547 208498
157547 325123
157547 261978
157547 329852
157547 204033
287852 116099
287852 157548
287852 319870
287852 150170
287852 253110
287852 153329
287852 208498
287852 157545
287852 316430
287852 172489
116099 157136
116099 146277
116099 157548
116099 319870
116099 263036
116099 150170
116099 378387
116099 153329
116099 208498
116099 325123
116099 261978
116099 157545
116099 172489
116099 229093
116099 204033
157136 106761
157136 68278
157136 79653
157136 36558
106761 146277
146277 157548
146277 150170
146277 241918
146277 89005
146277 95910
146277 95918
157548 319870
157548 95910
157548 208498
157548 256022
157548 157545
157548 172489
157548 329852
157548 79653
157548 204033
319870 263036
319870 157563
319870 95910
319870 253110
319870 153329
319870 172489
319870 79648
319870 149210
263036 157563
263036 157562
263036 157545
263036 172489
263036 204033
157563 406249
157563 372906
157563 95910
157563 318536
157563 261978
157563 316430
157563 172489
157563 79653
406249 150170
406249 95910
150170 241918
150170 153329
150170 318536
150170 314691
150170 351669
150170 221864
150170 393299
241918 157562
241918 68278
241918 172489
241918 79653
157562 297776
157562 89005
157562 172489
297776 89005
297776 88564
297776 95901
297776 79648
297776 95918
89005 372906
89005 321885
89005 95910
89005 198081
89005 88579
89005 95896
89005 95918
89005 150301
372906 321885
372906 208498
321885 337311
321885 95910
321885 88564
321885 88579
321885 95896
321885 79648
321885 150301
95910 409498
95910 253110
95910 157545
95910 329852
95910 351669
95910 198081
95910 258921
95910 368391
95910 270429
95910 229093
95910 79653
95910 79648
95910 116097
95910 36558
95910 95918
253110 378387
253110 153329
253110 318536
378387 153329
153329 318536
153329 204033
318536 121551
318536 68278
318536 157545
121551 407017
121551 68278
121551 314691
121551 329852
121551 219983
121551 261007
121551 36558
121551 393299
407017 68278
68278 314691
68278 261978
68278 329852
68278 260730
68278 219983
68278 30799
68278 261007
68278 258729
68278 121232
68278 325424
68278 181771
68278 229093
68278 154021
68278 89009
68278 79653
68278 204033
68278 297900
68278 149210
68278 116097
68278 404347
68278 95918
68278 221864
314691 208498
314691 30799
314691 79648
314691 75370
208498 325123
208498 261978
208498 172489
208498 329852
208498 204033
325123 261978
325123 256022
325123 172489
325123 121232
325123 75370
261978 256022
261978 157545
261978 75370
256022 269710
256022 172489
269710 157545
269710 121232
269710 149210
269710 75370
157545 316430
157545 243315
157545 79653
157545 204033
316430 172489
172489 329852
172489 258921
172489 79653
172489 204033
329852 88564
329852 198081
329852 30799
329852 95901
329852 79648
329852 149210
88564 351669
88564 198081
88564 243315
88564 270429
88564 95896
88564 95901
88564 79648
88564 404347
88564 95918
351669 198081
351669 95918
198081 260730
198081 243315
198081 88579
198081 89009
198081 95896
198081 79648
198081 116097
198081 36558
198081 95918
260730 110215
260730 79648
260730 36558
260730 150301
110215 219983
110215 258729
110215 121232
110215 325424
110215 229093
110215 36558
110215 221864
219983 403385
219983 88579
219983 36558
403385 30799
403385 36558
30799 261007
30799 270429
30799 204033
30799 116097
30799 221864
30799 393299
261007 258729
258729 121232
258729 88579
258729 149210
258729 36558
121232 325424
325424 258921
325424 79653
325424 36558
325424 75370
258921 237619
258921 79653
258921 75370
237619 368391
368391 243315
243315 270429
243315 95896
243315 95901
243315 116097
270429 95907
270429 88579
270429 89009
270429 95896
270429 79648
270429 36558
270429 150301
95907 88579
95907 79648
95907 116097
95907 36558
88579 241902
88579 79653
88579 204033
88579 427558
88579 95901
88579 297900
88579 79648
88579 116097
88579 36558
88579 95918
88579 150301
88579 221864
241902 181771
241902 144262
241902 95896
241902 36558
181771 229093
181771 144262
229093 154021
229093 79648
229093 36558
154021 89009
154021 36558
89009 261307
89009 95896
89009 79648
89009 36558
89009 95918
261307 95896
261307 36558
347499 79653
79653 144262
79653 204033
79653 95896
79653 36558
144262 204033
144262 95896
144262 221864
204033 95896
204033 36558
95896 427558
95896 95901
95896 79648
95896 116097
95896 95918
95896 150301
427558 95901
95901 297900
95901 79648
95901 248731
95901 95918
95901 150301
297900 79648
297900 36558
79648 148013
79648 116097
79648 404347
79648 36558
79648 95918
79648 150301
79648 221864
148013 149210
148013 36558
148013 75370
149210 116097
149210 36558
116097 36558
116097 75370
404347 36558
36558 248731
36558 95918
36558 221864
36558 393299
248731 263195
248731 75370
263195 146297
146297 95918
95918 150301
150301 221864
393299 75370
75370 119129
