52184 52178
52184 1503
52178 11376
52178 677
52178 223
52178 50942
52178 11134
11376 30076
11376 211
11376 184765
11376 50942
30076 211
30076 1267
30076 223
30076 317
211 179874
211 220
211 193030
211 444218
211 280
211 329045
211 1267
211 223
211 29385
211 14199
211 15857
211 99866
211 82058
211 1426
211 54738
211 216484
179874 220
179874 317
220 193030
220 424794
220 677
220 105568
220 432482
220 5795
220 444218
220 254944
220 94726
220 75094
220 5706
220 7239
220 14199
220 50942
220 11134
220 37666
220 99870
220 82058
220 54738
220 317
220 211933
193030 5628
193030 1267
193030 223
193030 306
193030 1503
5628 179006
5628 1503
179006 184765
179006 424794
184765 280
184765 1267
184765 223
184765 317
424794 677
424794 1503
424794 317
677 105568
677 329045
677 94726
677 75094
677 115909
677 125529
677 15857
677 22207
677 50942
677 30205
677 235585
677 211933
677 42291
677 94291
677 216484
677 10025
677 19257
5795 444218
5795 1267
5795 223
5795 1959
5795 1525
5795 1503
444218 101044
444218 1267
444218 223
101044 135561
135561 4417
4417 254944
254944 280
254944 1267
254944 1503
254944 317
280 398780
280 1489
280 223
280 115909
280 131471
280 99866
280 82058
1489 329045
329045 1267
329045 223
329045 317
1267 94726
1267 112566
1267 16313
1267 13481
1267 50942
1267 37666
1267 99866
1267 54738
94726 75094
75094 223
223 115909
115909 306
115909 1503
115909 310
115909 317
306 23482
306 346982
306 20165
306 94291
23482 1959
1959 346982
1959 679
346982 1525
346982 1503
1525 20165
1525 16313
20165 1503
1503 125529
1503 3482
1503 14199
1503 15857
1503 30205
1503 10019
1503 423384
1503 42291
1503 42066
1503 679
1503 70366
1503 123990
125529 23330
23330 112566
112566 29385
29385 290
290 16381
290 2429
16381 44094
44094 29885
29885 5706
5706 45163
45163 276053
45163 43905
45163 16313
45163 310
276053 43905
276053 16313
43905 191227
191227 16313
16313 68706
16313 2837
68706 2848
2848 3812
3812 3852
3852 2837
2837 264694
264694 310
310 403761
403761 3482
3482 131471
131471 7239
131471 14199
7239 14199
14199 13481
13481 15857
13481 3802
13481 30205
13481 70366
15857 22207
15857 11134
15857 7783
15857 679
22207 50942
22207 11134
22207 3802
22207 317
50942 11134
50942 317
11134 37666
37666 3802
3802 30205
30205 6558
30205 1426
6558 10019
10019 173374
173374 223148
223148 99870
99870 99866
99866 82058
82058 1426
1426 54738
54738 317
317 235585
317 100204
317 211933
317 94291
235585 100204
100204 211933
211933 7783
7783 423384
7783 42309
7783 216484
7783 70366
7783 19257
7783 17182
7783 123990
42309 42291
42291 94291
42291 679
94291 2429
2429 42066
42066 5189
5189 216484
5189 679
216484 679
216484 17182
679 70366
679 10025
679 19257
679 17182
679 123990
70366 10025
10025 19257
10025 17182
10025 123990
19257 17182
17182 123990
17182 23409
123990 23409
