164039 8553
8553 150602
150602 323
323 390218
323 129662
323 101917
323 88015
390218 53
390218 43
53 91760
53 43
53 301
53 101917
53 5245
53 327
53 29859
91760 463
91760 33461
91760 327
463 316457
463 2009
463 13239
463 33461
463 337377
463 121270
463 11891
463 346234
463 7639
463 295879
316457 23767
316457 43
316457 1852
23767 147008
23767 12465
23767 129229
23767 12464
23767 130711
23767 34923
147008 12465
12465 115339
12465 12344
12465 129229
12465 29859
115339 12344
12344 129229
129229 12464
12464 51459
12464 2009
12464 301
12464 29859
51459 397299
397299 2009
2009 162008
2009 13244
2009 43
2009 92915
2009 301
2009 1852
2009 5245
2009 88015
2009 327
13244 13239
13244 43
13244 301
13239 10097
13239 301
10097 365400
365400 23
365400 7639
23 3946
3946 121480
3946 327
121480 43
43 92915
43 29568
43 301
43 33461
43 337377
43 101917
92915 129662
92915 301
92915 327
129662 50457
129662 327
50457 45733
45733 110963
110963 120508
120508 232101
232101 85387
85387 107739
107739 2748
2748 130711
2748 13916
130711 27545
130711 130749
27545 29568
29568 18633
29568 327
18633 130749
18633 69625
130749 13916
13916 199960
199960 73772
199960 45048
73772 159984
73772 159981
73772 45048
159984 159981
159984 45048
159981 45048
159981 301
45048 69625
45048 301
45048 327
69625 301
69625 11891
301 122062
301 59951
301 101917
301 162583
301 88015
122062 33461
33461 337377
33461 1852
337377 1852
1852 50318
1852 16082
1852 63802
1852 346234
1852 7639
1852 295879
1852 110494
50318 59951
59951 35868
35868 119692
119692 121270
121270 11891
121270 130393
121270 181109
121270 39147
121270 5245
11891 369591
11891 101917
101917 16082
16082 9879
16082 327
9879 162650
9879 6653
162650 196012
196012 6653
6653 162583
162583 20498
20498 130393
20498 48778
20498 20946
20498 34923
20498 39147
130393 181109
181109 102515
102515 62227
102515 14663
62227 281611
281611 14663
14663 63802
63802 14575
14575 48778
48778 20946
20946 34923
20946 39147
34923 39147
39147 346234
346234 7639
7639 295879
7639 5245
295879 5245
5245 110494
110494 88015
88015 77658
88015 327
77658 197061
197061 327
327 129824
129824 69161
69161 68539
68539 96858
96858 29859
29859 64717
64717 113408
113408 51043
51043 82305
