120578 83151
120578 206
120578 463
120578 301
120578 1274
120578 1062
83151 229598
229598 34282
34282 116320
116320 161
161 82476
161 4
161 2770
82476 78706
82476 965
78706 206
78706 1062
206 59425
206 91556
206 363995
206 135633
206 68436
206 187519
206 4
206 301
206 1298
206 108349
206 37796
206 370611
206 1274
206 374356
206 1286
206 168527
206 114019
206 96095
206 8875
206 8725
206 234336
206 2770
206 84864
206 78322
206 1062
206 388602
59425 29912
29912 165137
165137 3158
3158 165355
3158 221586
3158 7437
3158 965
165355 82475
82475 91969
91969 16391
91969 37336
91969 4
16391 37336
37336 108555
37336 22820
37336 44135
37336 22779
37336 2406
108555 91556
108555 9943
108555 131674
108555 42695
108555 73343
108555 20115
108555 51524
108555 22779
91556 9943
91556 22820
91556 44135
91556 135633
91556 68436
91556 22779
91556 1274
91556 1062
9943 22820
22820 131674
22820 42695
42695 73343
42695 222641
42695 44135
42695 88393
42695 22779
42695 1274
73343 222641
73343 68436
222641 288058
288058 363995
363995 228247
363995 22779
363995 1274
363995 1062
228247 192123
192123 221586
192123 44135
221586 44135
221586 22779
44135 135633
44135 68436
44135 133115
44135 37796
135633 88393
135633 22779
88393 20115
88393 68436
20115 68436
68436 51524
68436 22779
51524 22779
22779 133115
133115 463
133115 301
133115 1274
133115 1062
463 187519
463 108349
463 1062
187519 4
187519 301
187519 1274
187519 1062
4 48854
4 301
4 1274
4 1286
4 84864
4 81
4 2406
4 9464
4 27651
48854 89404
48854 301
89404 136610
89404 1274
89404 1062
136610 37069
37069 37036
37036 301
37036 310
301 202953
301 1298
301 145445
301 37796
301 1274
301 1286
301 53207
301 71986
301 234336
301 21391
301 1062
301 388602
202953 1298
202953 1274
202953 1062
1298 145445
1298 81
1298 1062
145445 108349
108349 37796
108349 1062
37796 443515
37796 1274
443515 23037
23037 370611
23037 2770
23037 184251
370611 1274
370611 1062
1274 374356
1274 1286
1274 168527
1274 168529
1274 234336
1274 2770
1274 21391
1274 1062
1274 388602
374356 1286
374356 1062
1286 168527
1286 234336
1286 84864
1286 1062
1286 388602
168527 114019
168527 1062
114019 168529
114019 81
168529 53207
168529 1062
53207 86658
86658 190709
190709 8913
8913 47613
8913 96095
8913 71986
8913 8725
47613 96095
47613 8875
47613 114080
47613 9006
96095 8875
96095 9006
96095 1062
8875 114080
8875 9006
114080 9006
9006 71986
71986 8725
8725 8781
8781 1968
8781 1062
1968 234336
234336 2770
234336 1062
2770 84864
2770 81
2770 1062
2770 2347
84864 81
84864 1062
81 25128
81 22228
81 41401
81 965
25128 21391
21391 70599
70599 310
310 22228
22228 2406
2406 78322
78322 9464
78322 1062
9464 27651
9464 1062
9464 2347
27651 41401
41401 1062
1062 419854
419854 12390
12390 388602
388602 2347
2347 208579
2347 7437
2347 184251
208579 7437
208579 965
7437 272112
272112 965
965 184251
184251 3969
