133672 2687
2687 242911
2687 220
2687 519
2687 40208
242911 13107
242911 220
242911 1574
242911 519
13107 267988
13107 11267
13107 519
13107 203206
13107 18875
13107 71770
13107 45137
13107 2164
267988 126455
267988 519
267988 2164
126455 11267
11267 2369
11267 18875
11267 71770
11267 45137
11267 2164
11267 9413
2369 27884
2369 220
2369 519
2369 2164
27884 15575
27884 220
27884 6185
15575 99731
99731 67583
99731 220
99731 6948
67583 220
220 265030
220 519
220 30455
220 14369
220 1471
220 15177
220 172708
220 6395
220 203206
265030 1574
265030 2164
1574 455344
1574 361725
1574 979
455344 519
519 342434
519 18038
519 203206
519 18875
519 71770
519 45137
519 2164
519 6948
342434 6185
342434 6948
6185 49722
6185 14369
6185 28080
6185 43955
49722 129508
129508 74512
129508 6948
74512 7228
7228 58640
58640 95561
95561 195364
195364 361725
361725 979
979 30455
979 172708
979 140632
979 18875
979 17197
979 95724
979 19843
30455 60972
60972 14369
60972 6948
14369 101879
101879 1471
101879 14572
101879 6948
101879 43955
1471 40208
40208 85880
85880 18038
18038 15177
15177 172708
172708 56315
56315 140632
140632 8588
8588 6395
6395 203206
203206 18875
203206 2164
18875 73128
18875 45137
18875 2164
73128 71770
71770 45137
71770 2164
45137 224067
224067 21593
21593 35825
35825 17197
17197 95724
17197 7783
95724 13552
95724 7783
95724 2164
13552 141085
141085 7783
7783 78022
78022 2164
2164 9413
9413 19843
19843 44522
44522 402510
402510 57675
57675 61023
61023 295672
61023 30981
295672 55560
295672 6948
55560 117056
55560 95239
55560 48190
55560 116511
117056 14572
117056 6948
14572 364800
14572 35043
14572 366361
14572 14672
14572 317036
14572 4906
14572 86383
14572 116511
14572 43955
364800 6948
6948 281075
6948 136605
6948 35043
6948 4906
6948 309354
6948 274949
6948 312829
6948 86383
6948 116511
6948 219867
6948 152318
6948 43955
281075 136605
136605 19947
19947 154009
19947 280700
154009 280700
280700 30981
30981 35043
35043 69155
69155 366361
366361 14672
366361 33490
14672 317036
317036 4906
4906 28080
4906 31219
28080 95239
95239 48190
48190 309354
48190 312829
48190 33490
48190 31219
309354 65881
309354 30243
65881 274949
274949 14642
14642 312829
14642 80248
14642 86383
14642 228915
14642 31219
14642 116511
312829 80248
312829 33490
80248 86383
80248 33490
80248 31219
86383 33490
86383 31219
33490 228915
228915 31219
31219 116511
116511 30243
30243 219867
219867 152318
152318 43955
43955 30258
