368977 315161
315161 62226
315161 34312
62226 417455
417455 34312
34312 31069
34312 63962
31069 31222
31222 347325
31222 71136
31222 2417
347325 272055
272055 71136
71136 19535
19535 63962
19535 88
63962 56438
63962 1837
63962 1988
63962 677
63962 88
63962 2071
56438 5199
56438 2071
5199 98157
5199 2416
5199 1988
5199 28425
5199 226484
98157 933
933 937
937 85889
85889 233519
85889 11854
85889 88
233519 207818
207818 511
207818 5193
511 26023
511 52920
511 74026
511 3645
511 2416
511 1988
511 28425
511 176199
511 13115
511 50103
511 82722
26023 11854
26023 2417
26023 1988
26023 677
26023 88
26023 925
11854 110375
110375 1837
110375 23633
1837 209943
1837 1988
1837 149696
1837 226484
1837 33424
209943 52920
52920 439374
52920 52129
52920 74026
52920 1988
52920 5193
52920 88
52920 42267
439374 52129
52129 74026
52129 1988
74026 3645
74026 5193
3645 2417
3645 677
2417 253970
2417 249457
2417 93489
2417 677
2417 12076
2417 136973
2417 13115
2417 50103
2417 149696
2417 301383
2417 45183
2417 22305
253970 7961
253970 5193
7961 249457
7961 93489
7961 136973
249457 2416
249457 677
249457 88
2416 97673
2416 1988
2416 677
2416 5193
2416 88
2416 226484
97673 1988
97673 88
1988 83641
1988 677
1988 144096
1988 5193
1988 136973
1988 24341
1988 176199
1988 13115
1988 50103
1988 149696
1988 82722
1988 301383
1988 88
1988 226484
1988 45183
1988 32425
1988 23633
1988 164005
83641 93489
93489 677
677 144096
677 136973
677 86294
677 24341
677 15781
677 176199
677 13115
677 149696
677 82722
677 116966
677 88
677 45183
677 16163
677 32425
677 33424
677 23635
677 23633
677 22305
677 164005
144096 60260
144096 5193
144096 88
60260 1500
1500 28425
28425 5193
5193 260563
5193 13115
5193 149696
5193 301383
5193 88
5193 23633
260563 18258
18258 12076
12076 136973
136973 88
86294 47421
47421 141928
141928 24341
24341 15781
24341 88
15781 176199
15781 88
15781 33424
176199 13115
176199 88
13115 42386
13115 88
13115 925
13115 23635
13115 22305
42386 92
92 77797
92 50103
77797 3484
3484 50103
50103 149696
149696 82722
149696 88
82722 116966
82722 88
116966 13809
116966 88
13809 301383
13809 88
13809 33424
301383 88
88 367716
88 45183
88 32425
88 33424
88 23635
88 22305
88 164005
88 322824
367716 14733
14733 3101
3101 226484
226484 2071
2071 42153
42153 925
925 45183
45183 10461
10461 21454
21454 51245
51245 16099
16099 16163
16099 32425
16163 32425
32425 33424
33424 23635
23635 23633
23635 22305
23633 22305
22305 164005
22305 22333
22333 104224
22333 3912
22333 435867
104224 22149
104224 3912
104224 3630
22149 14264
22149 3912
22149 3630
14264 3912
14264 3630
3912 190112
190112 435867
190112 3630
435867 3630
3630 4076
4076 42271
42271 42267
42267 33810
33810 322824
