111478 111459
111459 22093
22093 43682
22093 2991
43682 87126
87126 68438
87126 2420
68438 192082
192082 74325
74325 91553
91553 48928
91553 20281
48928 186714
48928 20281
186714 20281
20281 259405
259405 22734
22734 22753
22753 40057
40057 81931
40057 4962
81931 4962
4962 116060
116060 60746
60746 89562
60746 331
89562 119873
89562 37968
119873 197638
119873 7512
197638 33450
197638 31969
197638 43
33450 63315
33450 61023
33450 89405
33450 55512
33450 87236
33450 37968
33450 7512
33450 54329
33450 321009
63315 311937
63315 61023
311937 61023
61023 89405
61023 55512
89405 55512
89405 37968
89405 43
55512 87236
55512 7529
87236 23521
23521 22633
22633 33360
33360 4717
4717 6907
6907 26550
26550 225754
225754 165119
165119 145049
165119 2991
165119 195404
145049 200427
145049 2991
145049 331
200427 2991
2991 138092
2991 195404
138092 195404
138092 142203
142203 27527
27527 48042
48042 1767
48042 2420
1767 199558
199558 2420
2420 185735
185735 91816
91816 6393
91816 11560
6393 11560
6393 43
11560 300452
11560 50047
11560 51315
11560 43
300452 229306
300452 51315
229306 16643
229306 43
16643 11986
11986 3091
3091 19861
3091 33819
3091 43
19861 9867
9867 67220
67220 41522
41522 42900
41522 148318
42900 50047
42900 331
50047 51315
51315 32245
51315 43
32245 84629
32245 331
84629 7270
7270 174134
7270 148478
174134 49252
49252 2836
2836 37968
37968 132810
37968 331
132810 6945
6945 7512
6945 7529
7512 207673
207673 31969
31969 54329
54329 7529
7529 258483
7529 331
258483 322427
322427 344072
344072 148478
148478 24025
148478 43
24025 148318
24025 331
148318 13146
13146 284133
284133 331
331 250793
331 25203
25203 2180
2180 187014
187014 33819
33819 28818
33819 43
28818 24013
24013 4587
4587 64382
64382 43
43 321009
43 57112
321009 57112
