419780 419782
419780 419781
419780 317491
419782 419781
419782 317491
419781 317491
317491 40699
40699 220456
40699 42660
220456 2277
220456 138
220456 335
2277 39088
2277 42660
2277 335
2277 213
2277 357930
39088 42660
42660 138
42660 1062
138 387218
138 354
138 227537
138 40974
138 1101
138 1124
138 318245
138 89926
138 427109
138 88559
138 213669
138 47310
138 314490
138 159553
138 450102
138 2670
138 456
138 131422
138 267795
138 58992
138 51
138 157286
138 10252
387218 354
387218 1267
354 410507
354 1101
354 132865
354 1267
410507 13830
13830 227537
227537 3547
227537 335
227537 1062
227537 4412
227537 2662
227537 213
227537 2156
3547 40974
40974 29433
40974 18521
40974 213
40974 2670
40974 51
29433 1003
1003 40203
1003 1101
1003 143833
40203 1101
40203 51
1101 143833
1101 1124
1101 335
1101 159553
1101 51
143833 1124
143833 335
143833 213
143833 2670
143833 51
1124 335
1124 1062
1124 213
1124 2670
1124 51
335 318245
335 1062
335 88559
335 213669
335 314490
335 184943
335 159553
335 450102
335 2670
335 357930
335 456
335 131422
335 58992
335 157286
318245 1062
1062 334638
1062 89926
1062 88559
1062 45391
1062 47310
1062 314490
1062 184943
1062 159553
1062 450102
1062 2670
1062 357930
1062 456
1062 131422
1062 58992
1062 157286
1062 19159
334638 89013
89013 321847
89013 248127
89013 290583
89013 317778
89013 88569
89013 427109
89013 95905
89013 329858
89013 321879
89013 79648
321847 97187
97187 310676
97187 89926
97187 313508
97187 318856
97187 88559
310676 248127
248127 290583
290583 128855
128855 291348
128855 146291
128855 89926
128855 88569
291348 317778
317778 146291
317778 79648
146291 267564
146291 288064
146291 329858
146291 321879
267564 208497
267564 88569
267564 95905
267564 79648
208497 257903
208497 263746
208497 239269
257903 248706
248706 375882
248706 263746
248706 427109
375882 263746
375882 95905
263746 181776
263746 427109
181776 239269
239269 302334
302334 89926
89926 313508
89926 288064
89926 88569
89926 2662
89926 213
313508 121352
288064 331979
288064 95905
331979 331981
331981 97196
97196 318856
318856 121352
121352 88569
121352 427109
88569 427109
88569 95905
88569 329858
88569 321879
427109 95905
427109 79648
95905 329858
95905 321879
95905 79648
329858 79648
321879 79648
79648 284510
284510 201335
201335 88559
88559 44022
88559 213
88559 2670
44022 213669
44022 213
213669 326
326 259270
259270 4412
259270 213
4412 336832
4412 132865
4412 181078
4412 45391
4412 2156
336832 18521
18521 132865
132865 93114
93114 181078
181078 45391
45391 47310
45391 213
45391 2156
47310 1267
47310 213
1267 314490
1267 450102
1267 456
314490 202
314490 26352
202 184943
184943 2662
184943 2670
2662 159553
2662 450102
2662 132240
2662 58992
2662 157286
2662 10252
159553 213
159553 2670
213 450102
213 2670
213 357930
213 456
213 131422
213 267795
213 58992
213 157286
213 10252
450102 2670
450102 456
2670 357930
2670 456
2670 131422
2670 132240
2670 58992
2670 51
2670 157286
2670 19159
357930 456
456 131422
131422 2156
2156 132240
132240 267795
132240 58992
58992 90901
58992 31195
58992 19159
90901 31195
31195 35288
35288 51
35288 26352
51 157286
10252 19159
19159 31959
31959 26352
