44272 8177
44272 4929
44272 6199
44272 2433
8177 227775
227775 31
31 11076
11076 11009
11076 2050
11009 8291
11009 1220
8291 7869
7869 24888
24888 32269
32269 11872
11872 20367
11872 12912
20367 605
20367 86
20367 35726
605 46051
605 20400
605 16911
605 176776
46051 20400
20400 43164
20400 1274
43164 260295
260295 2680
260295 138
2680 181477
2680 70006
2680 75682
2680 169822
2680 1274
181477 2347
181477 138
181477 1274
2347 101897
2347 169822
101897 187
187 97376
97376 11556
97376 2786
97376 138
11556 70006
11556 51394
11556 1274
70006 70293
70006 51394
70006 2786
70293 51394
51394 64935
64935 2786
64935 138
2786 75682
2786 138
2786 1274
75682 4514
75682 138
4514 12912
4514 2433
12912 4929
12912 2433
12912 12904
4929 6199
4929 2433
4929 12904
6199 405123
6199 138
405123 2839
405123 138
405123 1274
2839 182850
2839 16911
182850 138
138 39079
138 169822
138 179711
138 12904
138 1274
138 308991
39079 401332
401332 59488
59488 216809
59488 412267
412267 37039
37039 113072
37039 110987
113072 6948
110987 126483
110987 6948
126483 132094
132094 6948
6948 202307
6948 153046
6948 33905
6948 233390
6948 35120
6948 1274
6948 101096
6948 19913
6948 308991
202307 195020
195020 153046
195020 100207
153046 209056
153046 150116
209056 150116
150116 88464
88464 36164
36164 2050
2050 169822
2050 179711
169822 35701
169822 1274
35701 106807
35701 6930
35701 1274
106807 33905
106807 6930
106807 19913
33905 6930
6930 229635
229635 63696
63696 31285
31285 100207
100207 267166
267166 61419
61419 111282
111282 255931
255931 233390
233390 35120
233390 19913
35120 6417
35120 1274
6417 179711
179711 1220
179711 1274
1220 19690
1220 16911
16911 2433
2433 100396
2433 12904
100396 12904
12904 1274
1274 101096
1274 176776
101096 33736
101096 19913
33736 176776
176776 19913
19913 270133
270133 109471
109471 30998
30998 35554
35554 40279
40279 283423
283423 95811
95811 308991
308991 130830
130830 116398
116398 693
693 86581
86581 86
86 201701
201701 35726
