123001 19991
19991 121094
121094 57318
57318 213496
213496 110014
213496 6948
213496 16783
213496 206
213496 2696
213496 301
110014 390905
390905 6948
6948 401951
6948 86388
6948 389837
6948 223012
6948 318401
6948 318799
6948 377333
6948 57477
6948 308220
6948 354768
6948 193314
6948 99961
6948 66926
401951 59186
59186 31773
59186 75778
31773 33472
31773 14564
31773 16783
33472 86388
33472 31957
33472 30300
33472 86374
33472 57477
86388 57138
86388 16783
57138 389837
57138 358698
57138 54039
389837 39524
389837 31957
39524 358698
39524 54039
39524 57128
39524 354768
358698 14564
14564 223012
14564 102432
14564 57477
14564 193314
223012 31957
31957 318401
31957 377333
31957 86374
31957 57477
318401 30300
30300 318799
318799 54039
318799 16783
54039 377333
54039 57128
377333 102432
102432 57128
102432 86374
57128 86374
86374 57477
57477 16783
57477 8711
16783 308220
16783 75778
16783 66926
308220 99505
99505 354768
354768 8711
354768 2353
8711 193314
8711 206
8711 75839
8711 301
8711 335
193314 75778
75778 206
206 75839
206 66926
206 2696
206 6386
206 164146
206 301
206 62484
206 6576
206 81990
206 78232
206 56357
75839 99961
99961 66926
99961 335
66926 35441
66926 7437
66926 335
35441 3628
3628 83710
83710 13146
13146 281833
281833 2696
2696 132874
2696 6576
132874 132873
132874 301
132873 6386
132873 301
132873 335
6386 5983
6386 301
6386 335
5983 164146
5983 63575
164146 63575
164146 335
63575 30308
30308 14916
14916 19861
14916 301
14916 55248
19861 93990
19861 55248
93990 30334
93990 7437
93990 2353
30334 130712
130712 301
130712 1798
301 258022
301 62484
301 335
301 240077
301 6576
301 37991
301 56357
258022 7437
7437 180559
7437 2353
7437 62484
7437 95765
180559 11050
180559 2353
180559 8385
11050 220693
220693 2353
2353 157962
2353 56357
2353 95765
2353 8385
157962 134415
134415 131726
131726 62484
62484 335
62484 8385
335 240077
335 6576
335 56357
335 8385
335 55248
6576 33788
33788 99942
33788 118207
99942 177341
177341 41770
41770 151499
41770 118207
151499 167172
167172 1798
167172 1297
1798 37991
37991 1297
1297 11193
11193 198759
11193 81990
11193 19215
198759 81990
81990 78232
78232 118207
78232 19215
118207 19215
19215 136081
19215 48037
19215 105928
136081 48037
48037 105928
105928 73765
73765 85356
85356 56357
56357 95568
56357 95765
95568 95765
95568 8385
95765 8385
8385 419466
419466 623
623 55248
55248 72111
