14790 60634
14790 13486
60634 828
60634 471
828 48422
828 15600
828 7916
828 1988
828 11945
48422 15614
48422 383
15614 13486
15614 15600
13486 355960
13486 36267
13486 4646
13486 383
355960 16590
355960 6742
16590 14169
16590 193005
14169 141917
141917 31114
31114 15600
31114 13654
15600 13654
15600 2707
15600 1988
13654 2707
2707 5739
5739 36267
5739 4646
5739 1988
36267 56357
36267 4646
36267 1837
36267 383
56357 4646
56357 383
4646 19684
4646 383
19684 11282
19684 1988
11282 2345
2345 101128
101128 96293
96293 268
96293 245
268 295111
268 295108
268 245
295111 295108
295111 295107
295111 245
295108 295107
295108 245
295107 245
245 336545
336545 74740
74740 116970
116970 310
310 40531
40531 280075
40531 1454
1454 5925
1454 1837
5925 6833
5925 2487
5925 376
5925 383
6833 127109
127109 1837
127109 2487
1837 239402
1837 1988
1837 16115
1837 14837
239402 55534
239402 1988
55534 81644
55534 70262
55534 10214
55534 70282
55534 53
81644 77720
81644 70262
81644 10214
81644 70282
77720 70262
77720 383
70262 10214
10214 70282
70282 45730
70282 383
45730 2487
2487 108348
2487 94231
108348 32351
108348 22990
108348 1988
108348 383
32351 22990
32351 23919
22990 80328
22990 1988
80328 121846
80328 1988
80328 383
121846 5516
5516 198310
198310 5198
198310 383
5198 149903
5198 11945
149903 7916
149903 3176
149903 471
149903 11945
7916 433918
7916 3176
7916 1988
7916 471
7916 11945
433918 3176
3176 167830
3176 471
3176 11945
167830 1988
1988 194175
1988 376
1988 178147
1988 383
1988 23919
1988 16115
1988 76743
1988 11945
1988 14837
1988 11432
194175 376
194175 383
376 178147
376 8678
178147 298309
178147 383
178147 53
298309 383
383 195243
383 23919
383 169419
383 53
383 94231
195243 6742
6742 82344
82344 471
471 159778
471 11945
159778 202960
202960 193005
193005 10926
10926 35405
35405 1836
1836 15680
15680 32379
15680 53517
32379 53517
32379 23919
53517 23919
23919 32369
32369 8667
8667 16115
8667 14448
16115 14448
14448 8678
8678 169419
169419 76743
76743 53
53 44311
44311 94231
94231 78170
78170 394719
394719 33903
33903 252022
252022 11945
11945 14837
14837 14856
14837 11432
14856 127714
14856 11432
127714 11432
