444150 14600
14600 153833
14600 46657
153833 22735
22735 227650
22735 28301
22735 18271
22735 46657
227650 28301
28301 46661
28301 18271
46661 18271
18271 46657
46657 161
161 145802
145802 15
15 417047
15 11564
15 750
15 83
15 192832
15 83675
15 43371
15 195524
15 114221
15 10214
15 50891
15 121394
15 175103
15 20073
15 5226
417047 39079
417047 205
39079 298534
39079 205
39079 206
205 137006
205 83
205 192832
205 317979
205 2417
205 195524
205 340047
205 2662
205 50891
205 33120
205 29264
137006 11564
137006 750
137006 2417
137006 206
11564 91731
11564 750
11564 374
11564 206
91731 750
750 157111
750 93446
750 272120
750 192832
750 1456
750 340047
750 13768
750 114221
750 175103
157111 83821
157111 2417
157111 57
157111 374
157111 206
83821 7353
7353 93446
93446 5092
5092 83
5092 439
5092 206
5092 5226
83 272120
83 2417
83 27864
83 5191
83 195524
83 439
83 45740
83 18076
83 50891
83 417851
83 206
83 17190
272120 206
192832 8942
192832 2662
192832 206
8942 317979
8942 2417
8942 195524
8942 96722
8942 45740
8942 114221
8942 10214
8942 88
8942 206
317979 2417
317979 2662
317979 206
2417 83675
2417 43371
2417 27864
2417 195524
2417 45740
2417 88458
2417 222785
2417 2662
2417 114221
2417 206
2417 33120
83675 66159
66159 130592
130592 43371
43371 27864
43371 5226
27864 5191
27864 206
5191 195524
195524 439
195524 2662
195524 88
195524 206
439 22084
439 13768
439 46795
439 80087
439 17190
439 22240
439 5226
22084 228811
22084 88
22084 5226
228811 21746
21746 234299
21746 269333
234299 76722
234299 206
76722 96722
76722 128620
96722 128620
96722 27635
96722 75427
96722 87480
128620 27635
27635 176904
27635 23716
27635 285361
27635 269333
27635 75427
27635 127522
27635 241820
176904 23716
176904 88
23716 285361
23716 269333
285361 12466
12466 269333
12466 56412
12466 241820
12466 1456
269333 75427
75427 127522
127522 87480
127522 70883
87480 70883
70883 165227
165227 45740
45740 56412
56412 241820
1456 340047
1456 88458
340047 57
340047 206
57 164585
164585 374
374 88458
374 175103
88458 27037
88458 206
27037 13768
27037 121394
27037 88
27037 20367
27037 80087
27037 5226
13768 46795
13768 88
13768 20367
13768 80087
13768 5226
46795 30097
46795 80087
46795 5226
30097 221782
30097 88
221782 12755
12755 141646
12755 80087
141646 222785
222785 2662
2662 114221
2662 33120
114221 18076
114221 88
18076 10214
18076 206
10214 50891
50891 51329
50891 206
50891 5226
51329 121394
51329 88
121394 175103
121394 5226
175103 20073
175103 88
175103 206
175103 5226
20073 355097
20073 88
355097 88
88 417851
88 24857
88 20367
88 80087
88 17190
88 5226
417851 206
417851 5226
206 393851
206 33120
206 29264
206 80087
393851 13241
13241 33120
13241 29264
13241 24857
33120 29264
29264 24857
24857 69662
69662 35845
35845 20367
20367 80087
20367 17190
20367 5226
80087 17190
80087 22240
80087 5226
17190 22240
17190 5226
22240 86044
86044 5226
