105829 26837
26837 109188
26837 161630
26837 159079
26837 32765
109188 159078
109188 161630
109188 32765
159078 161630
159078 32765
159078 81131
161630 159079
161630 32765
159079 32765
32765 81131
81131 39847
39847 75547
75547 21364
21364 17409
17409 64032
17409 11339
17409 1503
64032 11331
11331 11336
11331 21407
11331 11339
11331 14890
11331 3419
11331 1503
11336 21407
11336 11339
11336 14890
11336 1503
21407 11339
21407 1503
11339 116078
116078 97865
116078 352
116078 11711
116078 3419
116078 1503
97865 13439
13439 142746
13439 14437
13439 1503
142746 14437
142746 352
142746 3419
142746 1503
14437 405530
14437 352
14437 7921
14437 1503
405530 1416
405530 352
1416 419232
419232 310
310 439049
310 45159
45159 2845
2845 175831
2845 126359
126359 57705
126359 102155
57705 161931
57705 2813
161931 3243
3243 1340
1340 6185
6185 56678
6185 16333
56678 16333
16333 334144
334144 39959
39959 74792
74792 2342
74792 1503
2342 121147
2342 10744
121147 352
121147 3298
352 164993
352 251893
352 207971
352 187842
352 7921
352 38940
352 310515
352 11311
352 4355
352 11711
352 50919
352 419318
352 8391
352 143880
352 32746
352 3419
352 322748
352 128459
352 1503
251893 63086
251893 11710
63086 242091
242091 11710
11710 207971
207971 10744
207971 3419
10744 187842
187842 7921
187842 3419
187842 1503
7921 38940
7921 3419
7921 322748
7921 1503
38940 10748
38940 3419
38940 1503
10748 177028
177028 310515
310515 14890
310515 3419
14890 11311
11311 3298
3298 4355
4355 24923
4355 1503
24923 11711
24923 8391
24923 1503
11711 50919
11711 3419
11711 1503
50919 4375
50919 3419
4375 381796
4375 419318
4375 16366
4375 18170
4375 3419
4375 1503
419318 8391
8391 135663
8391 18170
8391 2813
135663 143880
135663 16366
135663 1503
143880 16366
143880 3419
143880 1503
16366 141503
16366 18170
16366 35391
141503 18170
18170 161074
18170 37437
18170 1503
161074 37437
37437 93661
93661 35391
35391 34165
35391 86401
86401 32963
32963 86400
32963 9507
86400 9507
9507 34619
34619 111909
111909 32746
32746 3419
32746 1503
3419 322748
3419 359364
322748 359364
322748 1503
359364 13518
359364 1503
13518 273822
273822 27404
27404 15295
15295 321271
321271 40418
40418 55547
55547 102155
102155 128459
128459 2813
2813 1503
1503 144036
