236714 69355
69355 47718
47718 256702
256702 1988
256702 465
256702 1503
1988 145124
1988 283680
1988 465
1988 6596
1988 59
1988 1503
1988 12914
1988 2994
1988 63437
1988 113335
1988 136111
1988 519
1988 50910
1988 2138
1988 4201
1988 25470
1988 206
1988 103421
1988 1852
1988 399193
1988 1104
145124 5335
145124 374
5335 192857
5335 73357
5335 16158
5335 9166
5335 16173
5335 1503
5335 331
5335 11170
5335 206
5335 396
192857 73357
192857 331
73357 16158
73357 206
16158 9166
16158 16173
16158 97166
16158 42
9166 16173
9166 331
9166 42
16173 288593
16173 97166
288593 97166
97166 335696
97166 396
335696 285609
285609 120464
120464 133745
133745 70287
70287 8738
70287 1503
70287 519
70287 206
70287 396
8738 66271
8738 331
66271 283680
66271 396
283680 465
283680 59
465 210581
465 703
465 85005
465 317
465 224439
465 12914
465 519
465 50910
465 972
465 98268
465 331
465 158199
465 4201
465 103421
465 399193
210581 11444
210581 317
210581 4526
210581 2138
11444 216939
11444 364071
11444 146318
11444 11308
11444 11360
11444 2138
216939 703
216939 317
216939 1503
216939 4526
216939 11170
703 185587
703 317
703 9903
703 11158
703 396
185587 6596
185587 59
185587 206
185587 396
6596 39946
6596 1852
39946 139061
39946 191867
139061 191867
191867 59
191867 206
59 85005
59 12914
59 9903
59 278439
59 3360
59 297
59 39463
59 113335
59 50910
59 331
59 25470
59 206
59 103421
59 285366
59 42
59 1104
85005 317
317 224439
317 392524
317 243095
317 364071
317 12914
317 115835
317 11308
317 66550
317 11158
317 972
317 98268
317 25470
317 165362
317 103421
317 363682
317 399193
224439 1503
1503 392524
1503 146318
1503 12914
1503 115835
1503 11360
1503 66550
1503 278439
1503 297
1503 113335
1503 519
1503 50910
1503 98268
1503 331
1503 2138
1503 25470
1503 2179
1503 262073
1503 363682
1503 399193
1503 72171
392524 4526
4526 243095
4526 364071
4526 220491
4526 12914
4526 972
4526 396
243095 122503
122503 364071
122503 2179
220491 146318
220491 2179
146318 14800
14800 12914
12914 442050
12914 9903
12914 11364
12914 64207
12914 18284
12914 2138
12914 4201
12914 206
12914 1852
12914 396
442050 9903
442050 331
9903 115835
9903 11308
9903 972
9903 331
9903 2138
9903 11170
9903 2179
9903 206
9903 396
115835 11364
115835 18284
115835 206
11364 11308
11364 64207
11364 66550
11308 11360
11308 972
11308 2138
11308 206
11308 1104
11360 64207
64207 66550
66550 18284
66550 206
18284 278439
18284 262073
18284 206
278439 3360
278439 374
278439 519
278439 972
278439 206
278439 396
278439 42
3360 297
3360 519
3360 206
3360 363682
3360 1852
3360 93741
3360 1104
297 39463
297 5026
297 519
297 331
297 206
297 396
297 42
297 1104
39463 5026
39463 331
39463 206
5026 44669
5026 206
44669 2994
44669 331
44669 1852
2994 63437
2994 519
2994 103421
63437 374
63437 519
63437 1852
63437 42
374 113335
374 1104
113335 3654
113335 519
113335 206
113335 1852
113335 396
113335 42
3654 88700
88700 136111
88700 519
136111 519
136111 331
136111 396
519 50910
519 4201
519 2179
519 206
519 363682
519 1852
519 399193
519 1104
50910 11158
50910 2138
50910 4201
50910 2179
11158 972
11158 2138
972 98268
972 331
972 2138
972 19077
972 206
972 103421
98268 331
98268 2138
98268 2179
331 158199
331 2138
331 4201
331 25470
331 206
2138 256249
2138 4201
2138 11170
2138 19077
2138 165362
2138 2179
2138 363682
256249 4201
4201 25470
4201 2179
25470 11170
25470 206
25470 396
11170 19077
11170 51257
11170 2179
19077 51257
51257 165362
165362 2179
2179 262073
2179 206
2179 363682
2179 72171
2179 396
262073 206
206 103421
206 363682
206 2656
206 93741
206 72171
206 382799
103421 9605
103421 396
103421 1104
9605 363682
363682 1852
363682 396
1852 399193
399193 2656
399193 396
399193 42
2656 93741
2656 42
93741 14805
93741 396
14805 72171
72171 396
396 285366
285366 42
42 382799
42 1104
382799 1104
