29049 225794
225794 463
225794 383
225794 1062
463 106505
463 383
463 46375
463 191068
463 1062
463 194551
106505 30981
106505 383
30981 21024
30981 4819
30981 175142
30981 58569
21024 14584
14584 382902
14584 116179
14584 57430
14584 19158
382902 295613
382902 19158
295613 57138
295613 383
57138 366284
57138 83217
366284 31213
31213 41880
31213 34314
31213 116179
31213 121134
41880 168527
41880 31520
41880 4819
41880 383
168527 31520
168527 383
168527 1062
31520 166657
31520 383
31520 1062
166657 168529
168529 64896
168529 383
168529 1062
64896 217068
64896 44086
64896 136545
217068 454652
217068 44086
217068 7592
454652 44086
44086 136545
136545 259334
136545 4819
259334 1267
4819 175142
175142 30844
30844 58569
30844 1062
58569 383
58569 1062
58569 7592
383 46375
383 4795
383 33677
383 169607
383 212259
383 150187
383 191516
383 1941
383 22487
383 4994
383 122528
383 199703
383 195814
383 1062
383 194551
383 116179
383 57430
383 167073
383 314155
46375 1012
46375 1062
1012 4795
4795 6381
4795 4327
4795 1062
6381 4308
6381 4327
6381 253
4308 4327
4308 1062
4327 33677
4327 1240
4327 253
4327 1062
33677 20715
20715 169607
169607 11549
169607 3191
11549 212259
11549 150187
212259 3191
3191 150187
150187 2368
2368 1240
1240 739
739 55678
739 32236
55678 253
253 12637
253 805
253 1941
12637 12658
12637 12684
12658 63298
12658 10940
12658 30335
12658 15798
63298 10940
63298 30335
63298 15798
10940 30335
30335 15798
15798 191068
191068 1267
1267 80836
1267 1941
1267 32236
80836 822
80836 1941
822 805
805 191516
805 31343
191516 1062
31343 346829
31343 8493
31343 10789
346829 8493
8493 10789
10789 6018
6018 11089
11089 2972
2972 3089
3089 16242
16242 14934
14934 151012
151012 1941
1941 32236
1941 1062
32236 12684
12684 3069
3069 3411
3411 22487
22487 4994
22487 6663
22487 12003
4994 122528
4994 12003
4994 1062
122528 6663
122528 1062
6663 199703
199703 12003
199703 1062
12003 195814
12003 1062
195814 1062
1062 93598
1062 194551
1062 57430
1062 314155
93598 34314
93598 74195
93598 57430
93598 19158
34314 74195
34314 83217
34314 167073
74195 194551
74195 72814
74195 83217
74195 121134
74195 101171
194551 72814
194551 57430
194551 7592
72814 199574
72814 83217
72814 116179
72814 95019
199574 83217
199574 101171
83217 116179
83217 101171
83217 95019
116179 121134
116179 101171
116179 57430
121134 211280
121134 101171
211280 101171
101171 95019
101171 57430
101171 19158
95019 57430
57430 19158
19158 167073
167073 194824
194824 7592
7592 314155
