0 1
0 2
1 3
1 4
1 5
1 6
3 7
7 8
7 5
8 9
8 4
8 10
8 11
9 4
9 12
9 5
4 10
4 13
4 14
4 15
4 12
4 16
4 2
4 17
4 18
10 19
10 13
10 14
19 13
19 14
13 14
13 5
14 20
14 21
14 5
20 22
20 23
20 21
20 24
22 23
22 21
22 24
23 25
23 21
23 24
25 21
21 26
21 27
26 28
28 29
29 24
29 5
24 15
24 30
15 31
15 5
31 32
32 33
33 12
12 16
12 6
16 27
27 34
27 11
34 5
5 35
5 36
5 37
5 38
5 39
35 36
37 2
2 40
2 6
40 6
6 11
6 41
11 42
11 41
42 41
41 43
43 44
44 45
44 46
44 47
44 48
44 49
44 50
44 51
44 52
45 46
45 53
45 49
45 51
46 54
46 55
46 47
46 56
46 57
46 58
46 49
46 59
46 60
46 61
46 62
46 63
46 39
46 64
54 65
65 55
65 66
55 47
55 51
47 67
47 53
47 68
47 51
67 53
53 69
53 70
53 48
53 71
53 57
53 72
53 73
53 49
53 74
53 75
53 51
53 76
53 77
53 39
69 70
69 68
70 66
70 48
70 38
70 62
70 78
70 64
66 48
66 49
48 56
48 79
48 58
48 80
48 81
48 61
48 38
48 82
48 51
48 76
48 77
48 39
48 78
48 83
56 79
56 71
56 84
56 51
79 71
79 68
79 50
79 51
71 57
71 72
71 85
71 62
71 63
71 86
71 51
71 76
71 77
57 72
57 68
57 39
72 73
72 49
72 68
72 81
72 51
72 39
73 58
73 38
73 75
73 51
73 39
58 49
58 61
58 38
49 59
49 68
49 74
49 60
49 62
49 87
49 51
49 88
49 78
49 64
59 68
68 85
68 84
68 74
68 60
68 61
68 62
68 64
68 83
85 17
85 84
17 89
17 90
17 51
89 50
50 84
50 74
84 91
84 74
84 92
84 18
91 74
91 90
74 90
90 92
92 93
93 18
18 94
94 95
94 80
94 52
80 60
80 81
80 51
60 81
60 51
81 61
81 38
81 75
81 87
81 51
81 77
81 88
61 38
61 51
38 62
38 39
62 63
62 51
63 82
63 86
63 51
82 96
82 86
86 97
97 98
98 75
75 87
75 51
87 51
51 76
51 77
51 88
51 64
51 83
76 77
77 88
88 39
39 99
99 78
64 30
30 83
83 52
