0 1
1 2
2 3
2 4
2 5
5 6
6 7
6 8
6 9
7 10
7 8
7 11
10 12
10 9
12 13
12 14
12 15
12 16
12 17
13 14
13 18
13 19
14 18
18 15
18 20
18 21
18 22
15 23
15 20
23 20
20 21
20 22
20 19
21 24
21 22
22 25
22 19
25 8
25 11
25 19
8 9
9 11
11 26
26 19
19 27
27 28
28 29
28 30
28 31
28 32
28 33
28 34
28 35
29 30
29 35
30 36
30 37
36 38
36 16
38 16
38 39
16 40
16 41
16 32
16 42
16 43
16 44
16 45
16 46
16 47
16 48
16 49
16 50
16 17
16 51
16 52
16 34
16 35
16 53
16 54
16 39
16 55
16 56
40 57
40 58
57 41
41 59
41 31
41 58
41 33
59 31
31 60
31 58
31 61
31 33
31 62
31 63
31 64
31 65
31 66
60 58
60 35
58 67
58 33
58 68
58 53
67 61
67 69
61 32
61 69
61 70
61 43
61 35
61 64
61 71
32 33
32 69
32 46
32 52
32 35
33 69
33 68
33 35
69 62
69 63
69 71
62 70
62 68
62 71
70 72
70 42
70 63
70 68
70 71
70 66
72 42
42 73
73 43
43 44
43 17
43 52
43 53
43 39
44 74
44 17
44 53
44 39
74 63
74 17
74 53
74 39
63 45
63 68
63 46
63 35
63 71
45 75
45 46
75 68
68 76
68 71
76 77
76 71
76 66
77 46
77 71
46 78
46 49
46 50
46 17
46 51
46 53
46 39
78 47
47 79
79 80
80 81
81 82
81 49
81 50
81 83
81 54
81 55
82 48
82 17
82 53
82 39
48 49
49 84
49 17
49 53
49 39
84 85
84 86
84 50
85 86
86 50
50 17
50 35
50 53
17 51
17 39
51 52
51 39
52 34
52 35
52 83
34 35
35 64
35 83
35 65
35 37
64 87
87 83
83 53
53 88
53 54
53 89
88 90
90 54
90 39
54 71
71 65
71 91
65 66
65 37
66 91
91 89
89 92
92 39
39 93
93 37
37 55
55 94
94 56
56 95
95 96
96 97
97 98
98 99
