0 1
1 2
1 3
1 4
1 5
1 6
1 7
1 8
3 9
3 10
3 11
9 12
12 12
12 13
12 11
12 14
13 15
15 16
15 17
15 10
15 4
15 11
16 18
16 17
16 19
16 20
16 21
16 10
16 4
16 22
16 23
16 24
16 25
16 8
16 26
16 27
16 28
18 17
18 10
18 4
18 6
18 11
18 29
17 30
17 31
17 32
17 33
17 22
17 23
17 34
17 28
30 35
30 19
30 10
35 36
35 37
35 38
35 39
35 21
35 5
35 40
35 6
35 41
36 42
36 10
42 43
42 19
42 10
42 44
42 29
43 19
43 45
43 11
19 37
19 46
19 21
19 47
19 10
19 48
19 4
19 44
19 40
19 49
19 50
19 7
19 8
19 51
37 46
37 11
46 31
46 52
31 38
31 32
38 32
38 11
32 53
32 54
32 4
53 54
54 55
54 45
55 56
56 57
57 39
57 6
57 11
57 41
39 33
39 10
39 11
33 58
58 59
58 6
59 60
59 61
60 61
61 20
61 62
61 63
61 64
61 65
20 62
62 63
62 64
63 64
64 66
66 65
66 11
65 67
65 45
67 68
68 69
68 21
69 21
69 6
21 45
21 10
21 4
21 44
45 47
45 44
45 40
45 22
45 70
45 71
45 7
45 27
45 28
47 10
10 48
10 72
10 4
10 44
10 40
10 49
10 73
10 22
10 71
10 25
10 7
10 8
10 51
10 26
10 74
10 27
48 75
75 76
76 72
72 4
72 11
4 5
4 44
4 6
4 49
4 11
4 77
4 8
4 26
5 44
5 6
5 11
5 26
44 40
44 26
44 74
44 27
40 6
40 11
6 49
6 11
6 78
6 7
6 79
6 28
49 11
11 73
11 78
11 80
11 71
11 50
11 7
11 81
11 27
11 28
73 82
82 22
22 83
83 84
84 85
85 86
86 78
78 70
70 29
29 87
29 50
29 51
87 23
23 88
88 89
88 80
88 52
89 80
89 52
80 52
52 77
77 14
14 24
24 71
71 41
41 90
90 34
34 91
91 92
92 93
93 94
94 50
50 25
25 95
95 96
95 97
96 97
97 98
98 7
7 8
8 51
8 26
51 26
26 74
74 81
27 99
99 79
79 28
