0 1
0 2
1 3
3 4
3 5
3 2
4 6
4 7
4 8
4 9
4 10
4 11
4 12
4 13
4 14
4 15
4 16
6 17
6 5
6 10
6 18
17 19
17 20
17 21
17 22
19 23
23 20
20 5
5 7
5 24
5 25
5 26
5 27
5 28
5 29
5 30
5 31
5 9
5 2
5 32
5 10
5 33
5 12
5 13
5 34
5 35
24 36
24 2
24 37
24 38
36 39
36 40
36 11
36 37
39 41
39 42
42 43
42 15
43 25
25 44
44 21
21 8
8 45
8 22
8 26
8 46
8 47
45 48
48 49
48 50
49 51
49 47
49 52
49 53
49 18
49 54
51 22
22 55
22 56
22 29
56 26
56 57
26 58
58 46
46 59
46 10
59 60
59 28
59 15
60 27
60 28
27 28
28 29
28 10
28 61
29 62
29 38
29 53
29 63
62 64
64 65
64 37
65 66
66 30
30 57
30 10
30 18
57 31
57 9
31 67
31 68
31 38
31 53
31 69
31 15
67 70
70 71
71 72
72 73
73 74
74 68
68 40
68 10
40 9
9 47
9 10
9 53
9 18
47 52
52 75
75 76
76 2
2 32
2 10
2 33
2 12
2 77
2 13
32 10
32 37
32 53
10 61
10 33
10 53
10 78
10 34
10 16
10 18
10 79
61 80
61 37
61 81
80 33
80 11
33 11
33 82
33 83
11 82
82 83
83 84
84 37
84 85
37 86
37 87
37 85
37 13
37 81
37 14
37 15
86 12
12 88
88 77
77 38
77 18
38 89
38 87
89 53
53 87
53 90
53 78
53 34
53 15
53 16
53 79
87 85
85 13
13 63
63 90
90 91
91 78
78 81
81 92
92 93
93 14
14 69
69 34
69 94
69 15
34 94
94 95
95 96
96 15
15 16
16 18
18 79
79 35
35 54
54 50
50 97
97 98
98 99
