0 1
0 2
1 3
1 4
1 5
1 6
1 7
1 8
1 9
1 10
1 11
1 12
1 13
1 14
1 15
1 16
1 17
1 18
1 19
1 20
1 21
1 22
1 23
1 24
3 25
3 26
3 27
25 4
25 28
25 29
25 30
4 31
4 32
4 27
4 30
4 33
31 5
31 34
31 6
31 7
31 32
31 27
31 10
31 35
31 36
31 37
31 38
31 39
31 12
31 40
31 2
31 41
31 42
31 18
31 30
5 34
5 6
5 32
5 35
5 37
5 12
5 15
34 6
34 32
34 12
34 2
6 7
6 32
6 28
6 27
6 15
6 41
6 30
6 43
7 32
32 44
32 28
32 27
32 35
32 36
32 37
32 39
32 12
32 2
32 45
32 30
32 46
32 21
32 22
32 47
44 48
48 49
48 50
48 10
48 51
48 52
48 53
48 45
48 54
48 55
48 56
48 57
49 58
58 59
58 60
58 53
58 61
58 56
58 43
58 62
59 28
59 26
59 30
59 63
28 64
28 26
28 50
28 27
28 14
28 30
28 65
28 63
28 24
64 26
64 27
64 15
64 30
64 63
26 8
26 50
26 11
26 66
26 12
26 13
26 14
26 15
26 19
26 30
26 67
26 43
26 68
26 20
26 46
26 65
26 21
26 69
26 63
26 24
8 50
50 27
50 12
27 9
27 29
27 35
27 37
27 13
27 70
27 2
27 14
27 15
27 71
27 30
27 43
27 20
27 46
27 72
27 22
27 33
27 73
27 47
9 10
9 70
10 74
10 12
10 15
10 63
10 24
74 75
74 29
74 15
75 76
75 29
75 77
75 78
75 11
75 79
75 12
75 16
75 80
75 17
75 81
76 82
76 29
76 35
82 29
29 83
29 77
29 78
29 11
29 79
29 12
29 40
29 16
29 80
29 17
29 84
29 81
29 85
83 35
83 2
35 36
35 37
35 60
35 39
35 77
35 66
35 12
35 13
35 2
36 37
37 60
37 12
37 40
37 2
37 41
37 30
37 86
60 38
60 12
38 39
38 12
38 56
39 77
39 70
77 78
77 12
77 80
77 84
77 81
78 12
11 79
79 66
79 80
66 12
12 13
12 40
12 15
12 52
12 87
12 41
12 45
12 42
12 18
12 68
12 20
12 88
12 63
12 24
13 70
13 15
13 63
70 40
70 22
40 2
2 14
2 41
2 19
14 15
14 30
15 51
15 17
15 88
15 63
15 24
52 53
53 87
87 41
41 71
41 42
71 89
89 45
45 54
54 90
90 42
42 61
61 55
61 56
55 56
56 57
57 91
57 16
91 16
16 80
80 17
17 84
84 81
81 18
81 30
18 19
19 30
30 92
30 43
30 68
30 65
30 21
30 22
30 33
30 69
30 73
30 63
92 67
67 43
43 93
43 72
43 33
43 63
93 68
68 20
20 46
46 65
46 63
65 72
72 21
72 22
72 33
21 22
21 33
22 33
22 63
33 23
33 73
23 69
23 47
69 73
69 47
73 47
47 94
94 95
95 86
95 85
86 85
85 96
96 97
97 98
98 99
98 62
99 88
99 62
99 63
88 62
62 63
63 24
