0 1
1 2
1 3
1 4
2 3
2 5
3 6
3 7
6 8
6 5
8 4
8 9
4 10
9 11
11 12
12 13
13 14
13 7
14 15
14 7
14 16
14 17
14 10
14 18
14 19
14 20
15 7
7 21
7 16
7 22
7 23
7 24
7 25
7 26
7 10
7 27
7 28
7 29
7 30
7 31
21 32
21 16
21 23
21 25
21 33
21 34
21 10
32 35
32 16
32 22
32 25
32 36
35 16
16 22
16 37
16 38
16 39
16 23
16 24
16 25
16 40
16 34
16 41
16 10
22 23
22 25
22 34
22 10
37 42
37 43
37 44
37 38
37 39
37 23
37 34
42 43
42 44
42 38
42 39
43 41
44 38
44 23
44 34
44 10
38 45
38 23
38 46
38 10
45 47
45 48
47 49
47 33
49 48
49 23
48 50
48 34
50 39
50 23
50 25
39 23
39 25
39 34
23 24
23 25
23 36
23 40
23 34
23 41
24 25
24 34
24 10
25 36
25 40
25 33
25 34
36 40
36 34
36 10
40 33
33 51
33 52
52 34
34 53
34 41
53 41
41 54
41 5
41 10
54 5
5 17
5 55
5 10
5 56
5 18
17 57
17 46
57 58
57 59
58 60
60 61
61 59
61 55
59 46
46 62
46 63
46 64
46 65
46 66
46 67
46 68
46 69
46 20
46 70
62 71
71 55
55 63
55 72
55 64
55 73
55 10
63 72
72 64
72 10
64 73
64 10
73 74
74 75
75 76
76 77
77 26
26 78
26 31
26 79
78 10
10 80
10 81
10 82
10 28
10 30
10 83
10 69
80 27
27 84
27 20
84 81
81 56
81 85
81 86
81 87
81 28
56 85
56 88
85 89
85 86
85 87
85 29
89 90
89 88
90 82
90 91
82 88
88 92
88 29
92 91
91 86
86 87
87 93
93 28
28 94
28 95
94 95
94 65
95 65
65 29
30 83
83 18
18 31
31 79
79 66
66 67
67 96
96 97
96 20
97 98
97 68
68 19
19 69
69 20
20 70
20 99
70 99
