0 1
1 2
1 3
1 4
1 5
1 6
1 7
1 8
1 9
1 10
1 11
1 12
1 13
1 14
1 15
1 16
1 17
1 18
1 19
2 3
3 20
3 4
3 5
3 21
3 6
3 7
3 8
3 22
3 23
3 11
3 24
3 25
3 13
3 14
3 15
3 16
3 26
3 17
3 18
3 27
3 28
3 29
20 30
30 31
31 32
32 4
4 33
4 5
4 6
33 34
33 21
34 35
35 36
35 37
36 5
5 21
5 6
5 13
5 14
5 15
21 37
37 38
38 6
6 39
6 7
6 8
6 9
6 11
6 40
6 13
6 16
6 26
6 17
6 18
6 19
39 41
41 42
42 43
43 44
43 40
43 45
43 25
43 46
43 47
44 7
44 9
44 48
44 23
7 8
7 49
7 50
7 10
7 51
7 26
8 9
8 49
8 50
8 11
8 52
8 53
8 54
8 55
9 48
9 56
9 57
9 58
9 50
48 56
48 22
48 57
48 58
48 23
48 50
48 59
56 22
22 57
22 49
22 50
57 58
57 60
58 23
23 60
60 61
60 49
61 62
49 63
49 59
49 10
63 50
50 59
59 10
10 11
11 64
11 40
11 24
11 13
11 65
11 66
11 67
64 68
68 69
69 70
70 40
70 71
70 72
70 54
70 55
40 52
40 54
40 55
52 24
24 73
24 15
24 55
73 74
74 71
71 45
71 75
71 76
71 72
45 75
45 72
45 53
75 76
76 77
77 78
77 79
77 80
78 72
72 81
72 53
72 79
72 82
72 47
81 53
81 54
53 12
53 46
53 13
53 65
12 25
25 46
46 13
46 83
46 55
13 65
13 15
65 14
14 66
66 15
66 55
15 84
15 85
84 54
84 55
54 67
67 79
79 86
86 83
83 85
83 87
85 88
88 87
87 80
80 82
82 55
55 47
47 89
89 16
16 51
51 90
51 17
51 91
90 26
26 17
26 18
26 19
26 29
17 18
18 27
27 28
27 92
27 93
28 94
28 92
28 95
94 92
94 93
94 95
94 96
92 19
19 93
93 95
95 97
95 29
97 98
97 96
98 99
99 29
99 96
29 96
96 91
