0 1
0 2
1 3
1 4
1 5
1 6
1 7
1 8
1 9
3 10
10 11
10 12
10 13
10 2
10 14
10 5
10 15
10 16
10 17
10 18
10 19
10 20
10 21
10 22
10 8
10 23
10 24
10 25
10 26
10 27
10 28
10 29
10 30
11 31
11 7
31 32
31 33
31 2
31 17
31 34
31 25
32 35
32 34
32 36
35 37
37 38
37 33
38 39
38 7
39 40
39 2
39 41
39 34
39 36
40 42
42 43
42 44
42 45
42 41
42 7
43 46
43 47
43 2
46 48
46 25
48 49
49 50
50 51
51 52
51 41
52 53
52 36
53 54
53 47
53 55
53 2
53 6
53 44
53 36
53 56
53 57
54 12
54 47
54 2
12 58
12 59
12 47
12 2
12 14
12 60
12 5
12 6
12 16
12 17
12 18
12 20
12 23
12 56
12 30
58 13
58 2
58 34
58 36
13 61
13 2
13 25
61 62
62 63
63 59
63 64
63 7
63 65
59 47
59 7
59 22
59 36
47 66
47 55
47 67
47 2
47 14
47 68
47 44
47 17
47 18
47 41
47 34
47 23
47 36
47 29
47 30
47 69
47 57
66 55
66 70
66 71
66 68
66 41
55 70
55 72
55 71
55 67
55 73
55 41
72 74
72 71
72 75
72 73
74 71
74 75
71 67
71 73
71 36
67 76
67 36
76 75
76 73
75 73
73 77
77 64
64 33
64 5
64 41
33 2
33 34
33 36
2 78
2 14
2 5
2 15
2 16
2 17
2 19
2 21
2 79
2 65
2 36
2 25
2 26
2 27
2 57
78 14
14 60
14 25
60 68
60 17
60 18
60 19
68 4
4 5
5 15
5 6
15 80
80 6
6 44
6 41
6 34
6 36
44 81
44 19
81 16
81 82
16 82
16 17
16 18
82 17
82 29
17 18
17 36
18 19
19 20
19 21
19 41
19 69
20 83
83 84
84 85
84 86
85 87
85 36
87 88
88 86
86 45
45 21
21 41
21 36
41 89
41 90
41 56
41 57
89 34
89 36
34 91
34 36
34 92
34 25
34 26
34 56
91 93
93 90
90 94
94 95
95 79
79 7
7 65
7 22
65 22
22 8
8 23
8 96
96 24
24 9
9 97
97 36
36 92
36 56
36 30
36 57
92 25
25 26
25 98
25 27
26 98
98 27
27 28
28 29
29 99
29 56
99 56
56 30
56 69
30 69
30 57
69 57
