0 1
1 2
1 3
1 4
1 5
2 3
3 6
3 7
3 8
3 9
3 10
3 4
6 11
11 7
11 10
7 12
7 13
12 14
14 15
14 16
14 17
15 18
18 19
18 20
18 16
19 20
19 16
20 21
21 16
16 22
22 17
17 23
23 24
24 25
25 26
25 27
26 8
8 28
8 29
8 4
28 30
30 31
31 32
32 33
33 9
33 27
9 34
34 35
34 36
35 13
13 37
13 38
13 39
13 27
37 38
37 10
38 40
38 10
40 41
40 10
41 42
42 43
42 10
43 39
43 44
39 45
39 10
45 46
45 47
46 48
46 10
48 49
48 47
48 10
49 29
49 47
29 50
29 10
29 51
29 52
50 47
47 53
47 27
53 54
53 10
54 55
54 10
55 56
56 10
10 57
57 58
58 59
59 60
60 51
51 27
27 61
27 62
27 63
62 4
4 64
64 65
65 66
66 67
67 68
68 5
5 69
69 70
70 71
71 72
71 73
71 74
72 75
72 52
72 76
72 73
72 77
75 78
75 73
78 79
78 80
79 81
79 76
79 82
79 83
79 73
79 84
81 85
85 52
85 86
85 77
52 87
87 76
87 86
76 82
76 77
82 88
82 86
88 89
89 86
89 73
86 83
83 73
73 90
73 84
73 36
73 91
73 44
73 80
73 92
90 93
93 84
84 94
84 36
94 95
94 36
95 36
36 96
36 74
96 74
74 97
74 63
97 98
98 91
98 80
98 63
91 44
44 80
80 77
77 99
99 63
63 92
