0 1
0 2
1 3
1 4
3 5
3 4
5 6
5 7
5 8
5 9
5 10
5 11
5 12
5 13
5 14
5 15
5 16
5 17
5 18
5 19
5 20
5 2
5 21
5 22
6 23
6 24
6 25
6 26
23 27
23 8
23 28
23 15
23 18
23 22
23 29
27 30
27 24
27 31
27 25
27 26
30 32
30 31
32 33
32 2
33 7
33 24
7 34
7 31
7 19
34 35
35 36
35 14
35 21
35 37
35 29
35 38
36 39
36 24
36 26
36 40
39 24
39 37
24 41
24 28
24 10
24 4
24 25
24 26
24 16
41 42
42 31
31 8
31 14
31 16
31 43
31 18
31 44
31 45
31 37
31 22
8 25
28 9
28 10
28 25
9 46
9 4
46 10
10 47
10 4
10 25
47 48
48 49
48 50
48 11
49 51
49 50
49 52
49 53
51 50
51 52
51 11
50 52
50 11
50 53
52 11
52 53
52 54
52 55
11 53
53 54
53 56
53 57
54 58
58 59
58 60
58 61
58 57
58 62
59 60
59 63
59 55
59 57
60 63
60 43
60 61
63 64
64 12
64 57
12 65
12 55
65 55
65 61
55 66
55 17
55 67
55 68
66 69
69 70
69 43
69 44
69 71
70 72
72 73
72 13
73 74
73 14
74 13
13 14
14 75
14 76
14 77
75 76
75 40
76 78
78 79
78 19
79 4
79 19
4 80
4 17
4 68
4 2
4 45
4 29
4 38
80 81
81 77
81 82
81 20
81 2
77 19
82 83
83 84
84 25
25 15
25 26
25 18
25 19
25 37
15 26
26 16
26 18
26 37
17 85
17 19
85 86
86 43
43 87
87 88
87 67
88 89
89 18
18 90
90 61
61 91
91 92
92 93
92 94
92 95
93 94
94 95
95 67
95 57
67 56
67 57
67 62
67 96
56 57
56 44
56 62
57 44
57 62
44 62
62 97
97 71
71 96
96 68
68 19
19 40
19 20
19 2
40 20
2 98
98 99
98 21
21 45
21 37
21 22
21 29
45 37
37 22
