0 1
0 2
0 3
1 4
1 2
1 5
1 3
4 6
4 7
4 8
4 2
4 9
6 7
6 10
6 11
6 12
6 5
6 9
7 10
7 11
10 13
10 14
10 11
10 12
10 9
13 15
13 16
13 14
13 8
13 11
13 12
13 2
13 5
13 17
13 18
15 19
15 12
15 20
15 21
15 18
19 16
19 8
19 11
16 22
16 14
16 23
16 24
16 12
16 25
16 26
16 27
16 28
16 5
16 29
16 30
16 31
16 32
16 18
16 33
22 14
14 34
14 23
14 35
14 36
14 8
14 37
14 24
14 11
14 2
14 38
14 25
14 26
14 27
14 39
14 9
14 29
14 40
14 32
14 41
14 18
14 42
14 43
14 33
34 44
34 8
34 11
44 45
44 46
44 47
44 48
45 49
45 46
45 8
45 20
49 23
49 35
49 2
49 27
49 33
49 50
23 46
23 8
46 35
46 36
46 47
46 48
46 5
35 51
35 20
51 52
51 8
51 53
52 54
52 55
52 8
54 56
54 55
56 57
56 20
57 55
55 58
58 59
58 40
59 36
36 47
47 48
47 40
48 60
48 5
48 61
48 62
48 40
60 8
8 37
8 24
8 63
8 64
8 12
8 2
8 38
8 25
8 27
8 39
8 5
8 65
8 66
8 29
8 67
8 30
8 68
8 40
8 41
8 42
8 33
8 50
24 69
24 11
24 5
24 40
24 20
69 70
69 71
70 72
72 63
72 5
63 53
63 2
63 9
53 11
53 40
11 73
11 64
11 74
11 75
11 12
11 2
11 25
11 27
11 39
11 28
11 65
11 17
11 18
11 3
11 33
73 76
76 77
76 78
76 71
77 79
79 78
79 80
78 80
80 71
71 81
81 82
82 64
64 74
64 5
64 9
64 20
74 75
74 9
75 83
75 2
75 5
83 12
12 2
12 17
2 38
2 25
2 26
2 39
2 28
2 5
2 9
2 40
2 20
2 33
2 50
38 84
84 25
84 40
25 26
25 9
25 40
26 27
26 9
26 40
27 39
27 85
27 61
27 62
27 40
39 28
39 5
39 61
39 62
39 40
28 85
28 61
28 62
28 40
28 32
85 86
85 61
85 62
85 40
86 5
86 61
86 62
86 40
5 87
5 65
5 9
5 68
5 32
5 88
5 89
5 18
5 42
5 33
87 90
90 91
91 65
91 20
65 61
65 9
65 40
65 20
61 92
61 93
61 94
61 66
61 40
61 32
92 62
92 9
92 40
62 93
62 66
62 40
62 32
93 40
66 9
66 40
66 20
9 29
9 88
9 18
9 33
29 67
29 40
29 33
67 95
95 30
95 18
30 96
96 68
68 31
31 40
40 97
40 32
40 18
40 42
40 50
97 32
32 20
20 41
20 42
20 50
41 98
98 88
88 89
88 17
89 17
17 21
17 18
21 18
18 99
99 3
3 42
42 43
33 50
