0 1
1 2
1 3
2 4
4 5
5 6
6 7
6 8
6 9
6 10
6 11
6 12
6 13
7 8
7 13
8 14
8 15
8 13
14 16
16 17
17 18
18 19
18 13
19 20
20 21
21 9
21 13
9 22
22 10
10 15
15 11
15 12
15 13
11 12
12 23
12 13
23 13
13 24
13 25
24 26
26 27
27 28
28 29
28 30
28 3
28 31
28 32
28 33
28 34
29 35
29 36
35 37
35 38
35 39
35 40
35 41
35 42
35 43
35 44
35 33
35 45
35 46
35 47
35 48
35 49
37 50
37 51
50 51
50 52
51 30
51 53
30 54
30 32
30 33
30 53
54 52
54 55
52 56
52 57
52 55
56 57
56 33
56 53
57 55
57 58
55 59
59 60
60 61
61 62
62 63
63 64
63 65
63 58
63 3
63 66
63 67
63 36
63 41
63 42
63 68
63 33
63 69
63 48
63 34
63 70
63 71
63 72
64 73
64 74
64 36
64 42
64 75
73 65
73 74
73 76
65 58
65 77
65 36
65 25
65 33
58 3
58 74
58 66
58 77
58 67
58 36
58 25
58 34
58 70
58 71
58 78
58 79
3 74
3 77
3 36
74 66
74 38
74 78
66 77
66 36
77 67
77 71
77 78
77 72
77 79
77 80
77 81
77 82
67 36
67 25
36 83
36 45
36 34
36 71
36 78
83 84
84 38
38 85
85 86
85 87
85 53
86 88
86 87
86 39
86 32
88 31
88 39
31 89
31 87
31 39
89 87
89 39
87 90
87 40
90 39
39 40
40 32
40 53
32 91
32 92
32 34
91 25
25 41
25 42
25 33
25 48
25 71
41 42
42 68
42 33
42 49
68 75
75 93
93 94
94 43
43 44
43 33
43 49
44 33
44 46
44 49
33 45
33 49
45 69
45 53
45 49
69 95
95 46
46 76
76 47
76 53
47 53
53 48
53 49
48 49
49 92
92 96
96 34
34 97
97 70
97 71
97 78
70 71
71 98
98 78
98 72
98 80
98 99
78 72
72 79
79 80
80 99
99 81
81 82
