0 1
1 2
1 3
2 4
4 3
3 5
5 6
6 7
6 8
7 9
9 10
9 8
9 11
10 12
10 13
12 14
12 15
12 16
12 17
14 15
15 18
18 16
16 19
16 11
19 8
19 20
19 13
8 21
8 22
8 23
8 20
8 24
8 25
8 26
8 27
8 28
21 29
29 22
22 30
22 25
30 23
23 20
23 25
23 26
23 28
20 24
20 28
24 25
24 13
25 26
25 27
25 31
26 27
26 28
27 28
28 31
31 32
32 33
32 34
33 35
33 36
35 34
35 11
34 11
11 37
11 38
37 38
38 39
39 40
40 41
41 42
41 13
42 43
42 44
42 45
43 46
43 47
46 48
48 44
44 36
36 49
49 50
49 51
49 52
49 53
49 13
49 54
50 55
50 51
50 56
50 57
50 52
55 51
55 47
55 52
51 56
51 57
51 47
51 53
56 58
56 57
58 57
57 47
57 53
47 59
47 60
47 61
47 52
47 62
59 60
59 53
59 13
60 61
60 52
60 53
61 52
52 17
52 63
52 53
52 62
17 64
64 63
63 53
53 62
62 13
13 65
13 66
13 67
13 68
13 69
13 54
13 70
13 71
65 66
65 45
66 67
66 45
67 45
45 72
72 73
73 74
74 75
74 76
74 77
74 78
74 79
75 76
75 77
76 80
76 81
76 82
76 78
80 83
80 84
80 81
83 84
81 85
81 86
81 87
81 78
85 86
85 82
86 77
86 87
86 88
86 89
86 79
77 68
77 90
68 91
91 82
82 92
82 87
82 88
92 87
87 93
93 78
78 88
88 90
90 89
89 94
94 95
94 96
95 96
96 97
97 79
79 69
69 98
98 99
99 54
54 70
