0 1
1 2
1 3
1 4
3 5
5 6
5 7
6 7
7 8
7 9
8 9
9 10
10 11
11 4
4 12
4 13
12 14
12 15
12 16
14 17
14 13
14 18
17 19
17 13
17 20
17 21
19 22
22 23
22 24
22 25
22 16
22 26
23 24
24 27
24 28
24 13
24 29
24 30
24 31
24 32
24 33
24 34
24 35
24 36
24 26
27 37
37 38
37 18
37 16
37 39
38 28
38 16
28 40
28 41
28 29
28 30
28 42
28 43
28 34
40 41
41 44
41 13
41 45
41 20
41 34
44 13
44 15
44 26
13 46
13 47
13 33
13 34
13 15
13 26
13 48
46 49
49 50
49 51
49 15
50 29
50 15
29 30
29 51
30 52
30 47
30 53
30 54
30 51
30 15
52 55
52 56
52 18
56 47
47 57
47 53
47 15
57 58
57 15
58 59
58 53
58 33
58 21
53 60
53 33
60 61
60 51
61 62
62 45
45 42
45 15
42 25
42 26
25 63
25 26
63 64
64 65
65 66
66 67
67 68
68 69
69 31
69 32
69 51
69 15
31 32
31 33
31 15
31 70
32 33
33 71
33 21
33 72
33 18
33 70
71 73
71 15
73 20
20 43
43 21
43 51
43 26
21 74
74 75
74 15
75 34
34 54
34 76
34 15
54 77
77 78
78 72
72 79
79 80
79 51
80 18
18 81
18 51
18 15
81 82
82 35
35 51
35 15
35 26
51 83
51 84
51 15
51 85
51 86
51 39
83 87
87 88
87 89
88 90
88 91
90 91
90 89
91 92
92 89
89 76
76 84
84 15
84 16
15 93
15 86
15 26
15 48
15 94
93 85
85 70
85 16
70 36
36 16
16 86
86 26
26 48
48 94
94 39
94 95
94 96
94 97
39 98
98 95
95 99
99 96
99 97
96 97
