0 1
1 2
2 3
3 4
4 5
4 6
5 7
7 8
8 9
9 10
10 6
6 11
6 12
11 12
12 13
13 14
14 15
14 16
14 17
16 18
16 19
18 20
19 17
17 21
17 22
21 23
23 24
24 25
25 26
26 20
20 27
27 28
28 29
28 30
29 31
29 32
29 33
29 34
31 35
31 36
31 37
35 32
35 38
35 36
35 37
32 39
39 40
39 41
40 38
38 42
42 43
42 36
43 44
43 22
43 45
44 33
44 46
44 45
44 47
33 36
33 22
33 48
33 45
33 37
36 49
36 50
36 51
36 47
36 52
36 53
36 54
49 22
49 37
49 55
22 56
22 41
22 50
22 57
22 58
22 59
22 60
22 51
22 45
22 61
56 62
56 45
62 41
41 34
41 59
41 45
41 37
34 50
50 63
50 37
50 64
63 65
65 66
66 46
66 37
46 57
46 67
46 37
57 58
57 59
57 68
58 59
58 45
58 37
59 60
59 45
60 69
60 68
69 68
68 51
51 48
51 45
51 37
48 70
70 71
71 72
72 73
73 74
74 75
74 37
75 76
76 77
77 78
78 45
78 64
45 47
45 79
45 37
45 54
45 61
47 80
47 81
47 82
47 37
80 81
80 82
80 37
81 83
81 84
81 82
81 85
83 84
83 82
84 82
82 86
82 85
86 87
87 85
85 88
88 89
88 90
89 91
89 90
89 67
91 90
91 52
90 92
92 52
52 67
67 79
79 30
30 93
93 94
94 95
94 53
95 96
96 53
53 37
37 97
37 98
37 61
97 64
64 99
99 98
98 55
55 54
55 61
54 61
