0 1
1 2
1 3
1 4
1 5
3 6
6 7
6 8
6 9
6 10
7 11
7 12
7 9
7 10
11 13
11 14
11 15
11 16
11 12
11 17
11 18
11 19
11 20
11 21
11 22
11 23
11 24
11 25
13 8
13 10
8 26
8 14
8 15
8 17
8 18
8 19
8 27
8 28
26 29
26 10
29 14
14 15
15 30
15 12
15 31
30 16
16 12
12 32
12 17
12 33
12 19
12 20
12 34
12 27
12 23
12 24
12 25
12 35
32 36
32 25
36 37
37 17
37 31
37 10
17 38
17 9
17 31
17 10
38 18
38 31
18 33
33 19
33 31
19 20
19 9
19 31
19 39
19 10
20 40
20 31
20 10
40 34
34 41
41 27
27 42
27 25
27 9
27 31
27 10
42 43
42 44
42 9
43 45
45 44
44 46
46 47
47 48
47 49
48 49
49 50
50 51
51 52
52 53
52 5
53 54
54 55
55 56
55 5
56 57
57 58
57 59
58 60
58 61
58 62
60 61
61 63
61 59
63 62
63 59
63 64
62 59
59 65
59 66
59 64
59 67
59 68
66 64
64 69
64 67
69 67
67 68
68 70
70 21
21 71
21 25
71 22
22 23
22 10
23 24
23 25
23 10
24 72
24 25
72 25
72 31
72 39
72 10
25 28
28 9
28 10
28 5
9 73
73 31
31 74
74 39
39 35
35 75
75 76
76 10
10 77
77 78
78 79
78 80
79 81
81 82
81 83
82 84
82 85
84 86
84 87
86 88
86 89
86 90
86 85
88 89
88 80
88 85
89 90
90 91
90 80
90 85
91 92
91 83
92 4
4 83
83 93
83 5
83 80
93 94
94 87
94 80
87 95
87 80
87 96
95 5
5 97
97 80
80 98
98 85
85 99
85 96
99 96
