0 1
0 2
0 3
0 4
0 5
0 6
0 7
1 8
1 9
1 3
1 10
8 2
8 11
8 9
8 3
8 12
8 10
2 11
2 9
2 3
2 13
2 14
2 10
2 6
2 7
11 15
11 9
11 3
11 14
11 10
11 16
11 6
11 17
15 18
15 9
15 3
15 10
18 19
18 14
18 20
18 6
18 7
19 21
21 22
21 23
21 16
21 6
22 24
22 3
22 13
22 5
22 6
22 7
24 25
24 23
25 26
25 27
25 14
25 5
25 28
25 29
25 7
26 30
26 3
26 7
30 27
27 9
27 14
27 31
9 32
9 33
9 34
9 35
9 10
9 36
9 37
9 38
9 39
9 28
9 40
9 41
9 17
32 3
3 33
3 42
3 43
3 14
3 23
3 4
3 10
3 44
3 45
3 37
3 31
3 28
3 46
3 40
3 41
3 6
3 47
3 17
3 48
3 49
3 50
33 6
33 7
34 13
34 5
13 42
13 23
13 35
13 38
13 46
13 51
13 48
13 50
42 52
42 6
52 43
52 7
43 14
43 31
14 53
14 54
14 55
14 23
14 10
14 37
14 28
14 47
14 49
14 56
14 57
53 58
58 59
58 5
59 60
60 12
12 61
12 62
12 63
61 64
64 62
62 65
65 66
66 67
66 68
66 69
66 5
68 70
68 71
68 72
70 71
70 73
70 74
71 54
54 69
69 73
69 5
69 74
73 75
73 5
73 74
75 76
75 4
76 77
76 4
76 74
77 72
72 55
55 78
78 79
79 23
23 4
4 35
4 74
4 41
4 6
4 17
35 80
35 5
80 81
80 82
82 5
5 83
5 84
5 20
5 85
5 38
83 84
83 86
84 86
84 87
84 31
84 16
86 88
88 10
10 36
10 6
10 7
36 20
36 16
36 6
20 44
20 85
20 41
20 17
20 7
44 87
44 31
44 16
44 6
44 7
44 50
87 89
87 85
87 74
87 16
89 85
89 90
89 91
85 45
85 6
85 7
45 37
37 31
37 16
37 6
37 7
31 92
31 63
31 38
31 48
31 49
31 93
31 94
31 7
92 63
63 38
63 17
38 74
74 39
74 7
39 95
39 16
39 6
39 7
95 28
95 7
28 90
28 6
28 7
90 96
90 51
90 29
96 16
16 46
16 40
16 41
16 6
16 97
16 51
46 40
41 6
41 7
6 97
6 51
6 29
6 47
6 93
6 94
6 7
6 50
97 91
91 51
51 98
51 99
98 99
99 29
29 47
29 17
29 7
47 17
47 7
17 48
17 7
48 49
48 93
49 93
93 56
93 7
56 57
57 94
57 7
94 7
7 50
