0 1
1 2
1 3
1 4
1 5
1 6
1 7
2 3
2 4
2 8
2 9
2 10
2 11
3 12
3 13
3 4
3 8
3 14
3 11
3 15
3 7
12 13
12 7
13 4
4 5
4 8
4 14
5 6
6 16
6 17
6 18
16 17
17 19
17 20
17 7
19 20
19 7
20 21
20 22
20 7
20 23
20 24
20 25
21 26
21 27
21 7
21 23
26 22
26 28
26 7
22 28
22 27
22 23
22 29
28 27
28 7
27 30
27 31
27 32
27 7
27 33
27 34
27 35
27 29
27 24
27 36
30 31
30 7
30 29
31 37
31 38
31 32
31 34
31 39
31 35
31 29
31 24
31 36
37 38
38 32
38 40
32 41
32 42
32 39
41 43
41 7
43 44
43 7
43 45
43 39
44 46
44 10
44 7
44 23
46 47
47 48
47 8
47 11
48 49
48 50
48 9
48 51
48 52
48 53
48 54
48 55
48 56
49 57
49 58
57 59
57 60
57 9
57 14
57 10
57 11
59 61
59 8
59 62
59 63
59 14
59 10
59 64
59 11
61 8
8 65
8 66
8 67
8 68
8 69
8 70
8 50
8 63
8 71
8 72
8 73
8 15
66 74
66 75
66 67
66 76
66 14
74 75
75 67
67 76
67 14
76 77
77 58
58 78
58 79
58 9
58 10
58 64
78 79
78 64
79 68
79 64
68 80
68 14
80 69
80 64
69 70
70 81
70 14
70 11
81 82
81 83
82 84
82 85
82 14
84 85
85 86
86 62
86 11
62 60
62 9
62 10
60 50
60 63
50 9
50 10
50 64
9 63
9 10
63 71
63 14
63 10
63 11
71 87
87 88
88 89
89 90
90 83
83 91
91 14
91 11
14 51
14 92
14 73
51 52
51 53
51 11
52 92
52 93
52 53
52 11
92 93
92 72
92 53
93 72
93 53
72 53
53 54
54 94
94 55
55 95
95 56
95 11
56 10
56 11
10 73
10 96
73 64
64 96
96 11
11 15
15 7
7 97
7 23
7 33
7 39
7 35
7 18
97 23
23 33
23 18
23 36
33 34
33 29
34 98
34 35
34 29
34 24
34 40
34 36
98 42
42 45
45 99
45 39
39 35
35 18
35 29
35 24
18 29
29 24
29 40
24 40
40 25
25 36
