0 1
1 2
2 3
2 4
3 5
3 6
3 4
3 7
5 8
5 4
8 9
9 10
10 11
11 12
12 13
13 14
13 15
14 15
14 16
15 16
15 4
15 17
16 18
16 19
16 20
18 21
21 22
21 23
21 24
21 25
22 23
22 4
23 24
23 25
23 26
23 27
24 25
24 28
25 29
25 30
25 31
29 28
28 32
28 33
28 34
28 35
28 36
28 37
28 38
28 39
28 19
28 40
28 41
28 42
28 43
32 44
44 6
6 45
6 17
45 46
45 47
45 48
46 47
46 4
47 49
47 4
49 4
49 17
4 50
4 51
4 52
4 36
4 26
4 27
4 53
4 54
4 55
50 56
50 36
56 33
56 19
33 57
57 51
51 58
58 34
34 35
34 19
34 20
35 59
35 60
59 61
61 62
62 63
62 17
62 60
62 19
63 64
64 52
64 36
64 17
64 60
52 65
65 66
66 67
66 53
67 7
67 36
67 17
67 60
7 68
7 36
7 17
68 36
68 60
36 69
36 17
36 60
36 70
36 71
69 17
17 72
17 60
17 40
17 73
17 74
17 53
17 48
17 54
17 70
17 75
17 71
17 55
17 76
72 60
60 77
60 19
60 53
60 70
77 37
37 38
39 19
19 40
19 53
40 73
73 41
42 78
78 79
78 31
78 75
78 80
79 26
26 20
20 27
27 81
81 30
81 74
74 82
74 83
82 83
83 84
84 85
85 53
85 86
85 54
85 87
53 86
86 48
48 54
54 88
88 70
70 89
89 90
89 75
90 31
31 75
75 80
80 91
91 92
92 71
71 93
71 55
93 55
55 43
43 94
94 95
95 96
96 87
87 97
97 98
98 99
99 76
