0 1
1 2
1 3
1 4
1 5
1 6
1 7
1 8
2 9
2 10
9 11
11 12
12 13
13 14
14 15
14 10
15 3
15 16
3 17
3 10
3 18
3 19
3 20
3 21
17 22
22 23
22 10
23 24
23 25
24 25
25 26
26 27
27 28
27 10
27 29
27 18
27 20
27 21
27 30
27 31
28 32
28 33
28 10
28 34
28 7
28 29
28 20
28 35
28 31
32 36
36 33
36 10
33 4
33 35
4 5
4 10
4 29
4 20
4 21
5 10
10 6
10 34
10 7
10 8
6 34
6 19
6 20
6 35
7 29
7 21
7 35
29 8
8 37
8 21
37 38
37 20
38 39
38 18
38 20
38 21
38 31
39 40
39 20
40 18
40 41
40 31
18 42
18 43
18 20
18 44
18 45
18 31
18 16
18 46
42 47
47 43
43 19
43 20
19 48
19 20
19 49
19 31
19 50
48 51
51 20
51 41
20 52
20 53
20 54
20 55
20 56
20 21
20 45
20 57
20 58
20 59
20 60
20 61
20 62
20 50
20 63
20 64
20 16
52 65
65 66
65 67
66 53
53 68
68 69
69 70
69 71
69 49
69 72
70 71
70 73
71 73
73 49
49 72
72 74
74 75
74 76
74 41
74 30
75 76
75 77
75 78
76 77
76 16
77 78
78 41
41 54
41 79
54 44
54 35
44 80
44 81
44 82
44 67
80 81
81 55
55 82
55 56
82 83
83 56
56 21
21 45
21 30
21 59
21 31
21 62
21 63
21 16
45 35
45 31
35 57
35 59
35 31
35 62
35 50
35 63
35 16
35 84
35 85
57 30
30 58
30 50
30 16
30 86
30 46
58 87
87 88
88 59
88 31
59 67
67 31
31 60
31 61
31 84
60 89
89 90
90 61
61 62
61 85
63 64
64 16
16 86
16 85
16 46
86 79
86 91
86 92
86 93
86 84
86 94
86 95
86 85
79 91
91 96
91 97
96 92
92 93
92 97
93 84
93 94
93 98
93 97
93 95
84 99
84 97
99 94
99 98
94 98
94 97
98 97
97 95
95 85
85 46
