0 1
1 2
1 3
2 4
2 3
2 5
2 6
2 7
4 8
4 9
8 10
10 11
11 12
11 13
11 14
11 15
11 6
11 16
12 3
3 17
3 18
3 19
3 20
3 21
3 22
3 23
3 24
3 25
3 26
3 13
3 27
3 6
3 28
3 29
3 30
3 31
3 32
3 33
3 34
3 35
17 36
36 37
36 38
37 38
37 39
38 40
38 41
40 42
40 20
40 41
42 43
42 44
42 19
43 18
18 45
18 41
45 46
45 20
46 44
46 41
46 47
46 48
44 49
44 41
44 39
49 19
19 20
19 41
20 50
50 51
50 6
51 41
41 47
41 39
47 52
52 39
39 48
48 21
21 53
53 54
53 55
53 23
54 56
54 22
54 55
54 23
56 22
56 55
56 23
22 55
22 23
55 57
57 23
23 58
23 59
59 60
60 24
60 16
60 61
24 62
62 63
63 64
64 65
65 66
65 67
66 68
66 69
66 16
68 25
68 6
25 70
25 6
25 16
70 71
70 6
70 69
71 26
71 6
71 16
26 72
26 14
26 6
26 7
72 13
72 14
72 73
72 15
72 6
72 69
72 7
13 5
13 6
5 74
5 27
5 9
74 75
75 76
76 77
77 78
77 6
78 79
78 16
79 80
79 81
80 27
80 16
27 82
27 16
82 81
81 9
9 83
83 14
14 73
14 6
73 15
73 6
15 84
15 6
15 69
15 16
84 85
84 16
85 6
85 16
6 28
6 16
6 67
6 34
28 69
28 16
69 86
69 16
86 16
16 87
16 88
16 67
16 29
87 89
89 88
89 29
88 67
67 29
29 7
7 30
30 31
31 32
31 90
32 91
91 92
91 34
92 33
92 90
33 93
33 90
93 90
90 94
90 95
95 96
96 34
34 97
97 61
61 98
61 99
98 35
35 99
