0 1
1 2
2 3
2 4
2 5
3 6
3 7
6 7
6 8
6 9
6 10
7 11
7 10
11 12
12 13
13 14
14 15
15 16
16 17
16 18
17 18
17 19
17 20
18 21
18 22
18 23
21 24
24 22
24 20
22 8
22 4
22 5
22 20
8 25
8 26
8 27
8 28
8 29
25 30
25 31
25 4
25 19
30 32
30 19
32 31
31 33
31 34
31 35
33 34
34 35
34 19
35 4
35 19
4 36
4 37
4 38
4 39
4 40
4 41
4 42
4 19
4 26
4 43
36 44
36 19
36 5
44 45
45 37
37 46
37 47
37 38
37 41
37 19
46 47
47 48
48 49
49 50
49 51
50 52
52 38
38 39
39 53
53 40
53 54
53 55
53 56
53 23
40 41
40 19
41 42
41 19
42 19
19 26
19 54
19 57
19 43
19 58
19 59
19 60
19 61
19 62
19 63
19 64
19 65
19 66
19 67
26 68
26 51
68 69
69 70
69 71
69 72
70 54
70 56
70 23
70 73
54 55
54 74
55 56
55 5
55 23
55 73
56 75
75 76
76 77
77 78
77 5
78 71
78 72
78 73
71 57
57 79
57 72
79 80
79 43
80 43
43 5
5 58
5 81
5 82
5 59
5 83
5 60
5 61
5 20
5 64
5 74
5 66
5 67
5 84
58 85
58 20
85 81
81 86
81 60
81 51
86 82
82 59
82 67
82 84
59 87
59 88
59 89
59 67
59 84
87 83
87 84
83 88
88 60
88 67
60 61
61 20
20 62
62 90
90 63
63 51
63 91
51 89
89 27
27 64
64 9
9 10
10 92
92 28
28 93
93 94
93 72
94 95
94 72
95 65
65 23
23 72
72 73
73 96
73 74
96 74
74 97
97 98
98 99
99 29
29 66
66 91
91 67
67 84
