0 1
1 2
1 3
1 4
1 5
2 6
2 3
6 3
3 7
3 8
3 9
3 5
3 10
3 11
7 12
7 8
7 13
12 4
4 8
4 14
8 9
9 5
5 10
10 15
10 16
10 13
15 17
15 11
15 18
17 19
17 20
17 16
17 21
19 22
19 13
19 18
19 23
22 24
22 25
22 26
22 27
22 28
22 29
22 30
22 16
22 23
22 31
24 25
24 13
25 26
25 32
25 13
25 18
26 32
26 33
26 13
26 18
26 23
32 33
33 27
33 29
33 30
33 18
27 34
27 18
34 35
35 20
20 28
28 36
36 37
37 38
37 29
37 39
38 40
40 41
41 42
41 13
42 29
29 43
29 18
43 44
44 45
45 46
45 47
47 48
48 49
48 50
48 51
48 39
49 50
50 51
50 39
50 52
50 21
51 39
39 53
53 54
54 55
54 11
55 56
55 14
55 57
56 14
14 58
14 30
14 59
14 60
14 61
14 57
14 52
58 62
62 30
62 63
62 11
30 64
30 16
30 11
30 13
30 18
64 16
16 65
65 66
65 67
66 68
66 69
66 67
68 67
69 67
67 70
70 71
70 23
71 72
72 73
72 61
72 74
72 57
72 75
72 76
73 77
77 78
78 79
78 74
79 80
79 61
80 81
81 82
82 83
83 84
83 85
84 63
84 18
63 11
11 86
11 87
11 60
11 57
87 13
13 88
13 85
88 89
89 18
18 90
18 85
85 23
23 59
23 31
59 60
60 91
91 92
92 61
92 74
92 75
61 74
61 75
74 57
74 75
57 75
75 93
93 76
76 94
94 95
95 52
52 96
96 97
97 98
98 99
99 21
21 31
