0 1
0 2
1 3
1 2
1 4
3 5
3 6
5 2
2 7
7 8
7 4
8 9
8 4
9 10
10 11
11 12
12 13
13 14
14 15
15 16
15 17
15 4
16 18
18 19
19 20
19 4
20 21
20 17
20 22
21 23
23 24
23 25
23 26
23 27
23 6
24 25
25 28
25 26
28 29
29 30
30 31
31 26
31 27
26 32
32 17
17 22
17 33
17 34
22 35
22 36
22 4
35 37
37 38
37 39
38 40
38 41
40 42
40 43
40 44
40 45
42 46
42 47
42 44
46 48
48 49
48 41
49 43
49 41
49 44
43 50
43 41
43 44
43 45
50 51
51 41
41 52
41 53
41 39
52 53
53 54
54 39
39 47
39 6
47 55
47 4
55 44
44 45
44 4
45 56
56 57
57 58
58 59
58 60
59 61
59 60
59 62
61 63
61 60
61 62
63 60
60 62
62 64
64 65
65 66
66 67
67 36
36 68
36 4
68 4
4 69
4 70
4 71
4 72
4 73
4 74
4 75
4 76
4 33
69 70
69 77
69 72
69 78
70 79
70 72
79 80
79 77
79 72
79 81
80 82
80 83
80 84
80 72
80 73
80 85
80 75
80 86
82 87
82 83
87 83
87 81
87 75
87 86
83 71
83 84
83 72
83 73
83 75
71 84
71 72
71 81
71 75
84 88
84 86
84 33
88 77
88 72
88 86
77 72
77 78
72 89
72 73
72 81
72 74
72 75
72 90
72 76
89 78
78 73
73 85
73 81
73 75
73 86
73 6
85 81
81 74
74 75
75 90
75 76
75 86
90 76
76 86
86 91
91 33
33 92
33 93
33 94
92 93
93 95
95 94
95 6
94 96
96 27
27 97
97 98
98 99
98 34
99 34
34 6
