0 1
0 2
1 3
1 4
1 5
1 6
3 4
3 7
4 2
4 7
2 8
8 9
8 7
9 10
10 11
10 6
11 7
7 12
7 13
7 6
13 14
14 5
14 6
5 15
15 16
16 6
6 17
6 18
6 19
17 20
17 18
20 21
20 22
20 23
20 24
20 25
20 18
20 19
21 26
21 27
21 28
21 29
21 30
21 31
21 32
21 33
21 34
21 35
21 36
21 37
21 38
21 39
21 40
21 23
21 41
21 42
21 43
21 44
26 45
26 22
45 46
45 22
46 22
46 18
22 27
27 47
47 48
47 49
47 50
47 33
47 34
47 51
48 49
48 52
49 50
50 28
50 18
28 53
28 29
53 29
53 30
53 18
53 19
29 34
29 54
29 19
30 55
30 56
30 24
30 19
55 31
31 32
31 34
32 57
32 56
32 39
57 56
56 33
56 19
33 34
34 35
34 38
34 39
34 40
35 58
58 36
58 59
36 60
36 37
60 54
60 25
60 18
54 61
54 62
54 63
54 18
61 62
61 52
61 24
61 25
62 37
37 52
37 23
37 59
52 38
52 64
38 39
38 23
39 40
39 23
40 23
23 41
23 42
23 24
41 65
41 66
65 67
65 68
65 69
67 66
66 70
66 68
66 18
66 19
70 71
71 72
72 68
68 69
69 73
73 74
74 75
74 44
75 76
76 77
77 78
77 79
78 80
80 79
79 81
81 82
82 83
83 84
84 59
59 42
42 85
42 24
42 25
42 18
85 86
85 24
86 43
43 44
43 24
44 87
44 24
44 19
87 88
87 24
88 89
89 24
24 63
24 25
63 25
63 18
63 19
25 90
25 91
90 18
90 19
18 51
18 91
51 92
92 64
92 93
92 19
64 93
64 19
93 94
93 95
94 96
96 95
96 19
95 97
97 98
98 19
19 99
19 91
99 91
