0 1
0 2
1 3
1 4
1 5
1 6
3 7
7 8
7 9
7 10
8 11
11 12
11 13
12 14
12 2
14 15
15 16
16 17
16 18
16 19
16 20
17 21
21 22
22 23
23 24
23 25
23 5
23 26
23 27
23 28
23 29
23 30
23 31
23 32
23 33
23 34
24 35
24 36
24 19
24 37
35 38
35 6
38 39
39 25
39 37
25 40
25 9
25 6
25 36
25 41
25 2
25 37
40 42
40 5
40 26
40 43
40 32
40 44
40 19
40 45
42 9
42 6
42 46
42 19
9 4
9 5
9 47
9 10
9 48
9 49
9 26
9 50
9 51
9 52
9 53
9 27
9 54
9 29
9 55
9 31
9 56
9 57
9 58
9 37
9 59
4 5
4 10
4 60
4 6
5 47
5 10
5 30
5 46
5 37
5 61
5 62
47 10
47 36
47 2
47 37
10 48
10 60
10 26
10 50
10 51
10 6
10 52
10 58
48 60
48 63
60 49
60 64
60 46
49 63
49 50
49 2
49 37
63 64
63 65
64 66
66 67
66 26
66 68
66 58
67 26
26 50
26 36
26 46
26 2
26 37
50 51
51 68
68 18
18 6
6 69
6 29
6 55
6 41
6 43
6 56
6 33
6 13
6 70
69 52
52 53
52 37
53 71
53 2
71 27
27 72
27 36
27 41
27 2
27 13
27 37
72 54
54 73
73 36
36 28
36 55
36 74
36 45
36 58
36 34
36 62
28 29
28 37
28 75
29 76
29 19
29 37
76 77
76 32
76 19
77 30
77 32
77 19
30 55
55 78
55 37
78 79
79 80
79 19
80 81
80 82
80 37
82 31
82 2
31 41
31 2
31 37
41 43
41 56
41 32
41 74
41 33
41 70
41 83
43 46
43 37
46 56
46 37
56 2
2 32
2 13
2 37
2 84
32 74
32 13
32 37
74 44
44 33
44 19
33 85
33 37
85 19
19 45
45 13
45 37
13 70
70 57
57 65
65 86
86 87
86 88
87 89
87 88
89 88
88 20
20 90
90 83
90 58
83 58
58 37
37 34
34 75
75 91
75 62
75 92
75 93
91 94
94 61
61 95
95 59
59 62
62 84
84 96
96 97
97 92
92 93
93 98
98 99
