0 1
1 2
1 3
1 4
1 5
1 6
1 7
3 4
4 5
4 6
4 8
5 9
9 10
10 11
10 6
10 7
11 12
11 6
12 6
6 13
6 14
6 15
6 16
6 8
13 17
17 14
14 15
15 18
18 19
18 20
19 21
19 22
19 23
19 20
21 24
21 25
21 26
21 27
21 28
21 29
24 30
24 31
30 32
30 33
32 34
32 23
32 31
32 20
34 35
34 36
34 37
34 38
35 36
35 31
35 39
36 40
36 41
36 42
36 43
36 31
36 37
36 38
40 22
40 44
40 31
40 38
22 33
33 41
33 23
33 20
33 45
41 46
41 31
46 47
46 20
47 48
48 42
48 23
48 20
48 39
42 49
49 50
50 51
51 52
52 43
52 31
43 23
43 20
43 39
23 53
23 54
53 44
53 20
53 39
44 55
55 56
55 7
56 16
16 57
57 8
57 58
8 59
8 27
8 20
8 29
59 60
59 7
59 61
60 62
62 63
63 64
64 65
65 66
66 67
67 7
7 68
68 69
69 70
69 71
69 72
69 73
70 25
70 73
25 71
71 72
71 73
71 20
72 74
72 73
72 75
74 73
73 75
75 76
76 77
76 78
76 28
77 79
77 38
79 80
79 20
80 81
81 82
81 31
81 20
82 26
26 83
26 39
83 84
83 29
84 85
85 78
85 20
78 27
78 20
78 28
27 86
27 20
86 31
86 20
31 87
31 39
31 88
31 89
31 90
31 38
87 20
20 91
20 88
20 89
20 90
20 28
91 39
39 88
39 90
39 45
88 89
89 90
90 92
92 45
45 54
54 37
37 93
93 38
38 28
28 29
29 58
58 94
58 95
94 95
95 96
95 97
95 61
96 97
97 98
98 99
98 61
99 61
