0 1
0 2
0 3
1 4
4 5
5 6
5 7
5 8
5 9
6 10
6 7
6 9
6 11
6 12
10 13
10 14
10 15
10 16
10 17
10 18
10 19
13 14
13 7
13 8
13 9
13 11
13 12
13 3
14 20
14 8
14 15
14 21
14 22
14 11
14 23
14 24
20 25
25 26
26 27
27 28
28 29
29 30
29 31
30 32
30 33
30 34
30 9
30 11
30 12
30 19
32 35
35 33
33 31
33 11
31 34
34 7
7 36
7 15
7 37
7 38
7 39
36 40
40 41
40 2
40 3
40 42
41 2
41 3
2 43
2 22
2 44
2 45
2 46
43 47
47 8
47 3
47 18
8 48
8 49
8 15
8 45
8 23
8 50
48 51
51 49
49 52
49 9
49 11
49 12
52 53
52 15
52 21
52 45
52 9
52 54
52 24
52 19
52 55
53 56
53 57
56 58
58 59
58 3
59 60
59 61
59 62
60 61
61 62
62 15
15 21
15 9
15 11
15 12
15 3
15 18
21 22
21 9
21 11
21 54
21 3
21 18
22 44
22 63
22 3
44 63
63 37
37 64
64 65
65 45
65 66
65 11
45 66
66 16
66 9
16 67
16 9
16 68
16 11
16 12
67 69
67 70
67 71
69 9
9 70
9 11
9 12
9 54
9 23
9 50
9 18
9 38
9 19
9 72
9 73
70 68
68 71
71 11
71 12
11 17
11 54
11 24
11 46
11 3
11 50
11 18
11 19
17 12
17 3
17 18
12 54
12 50
12 18
12 19
54 74
54 18
74 23
23 24
23 3
24 75
75 46
46 76
76 77
77 3
3 50
3 18
3 78
3 79
50 18
18 42
18 78
42 80
80 81
81 82
82 83
83 84
84 85
85 78
78 79
79 86
86 38
38 87
38 57
87 88
87 89
87 39
87 90
88 89
88 91
88 73
89 57
89 90
91 92
91 57
91 90
92 39
39 93
93 94
94 57
57 95
57 72
57 73
95 19
19 72
19 96
72 90
90 97
90 73
97 98
98 96
98 99
98 73
96 99
99 73
73 55
