0 1
0 2
1 3
3 4
4 5
4 6
4 7
4 2
4 8
4 9
5 6
6 7
6 10
7 10
7 11
7 12
10 13
13 14
13 15
13 16
14 17
17 11
17 18
11 12
12 19
12 20
19 21
19 20
21 22
22 22
22 23
23 24
24 25
24 26
25 27
25 28
25 2
25 9
27 29
27 2
29 30
30 31
31 32
32 33
32 34
32 35
32 36
32 37
32 2
32 38
33 39
39 40
40 41
41 42
42 43
42 44
42 45
42 16
43 44
43 45
43 46
43 9
44 45
45 46
45 47
45 48
45 49
46 50
50 51
51 52
51 2
52 53
52 54
53 55
53 54
55 54
55 56
55 57
55 58
55 59
55 47
55 60
55 61
54 62
62 15
15 63
15 34
63 18
18 64
64 65
65 34
34 66
34 67
66 16
16 35
16 68
35 56
35 67
56 57
56 59
56 47
56 67
57 58
58 59
58 61
58 69
59 70
59 60
59 61
70 47
70 61
47 71
47 61
47 68
71 28
71 72
28 73
28 60
73 60
60 61
61 74
61 68
74 69
69 75
69 68
69 76
75 68
68 77
68 76
68 78
77 76
77 78
77 79
76 78
76 79
78 79
79 20
20 80
20 81
20 82
20 38
80 83
83 36
37 72
72 26
26 84
84 85
85 86
86 87
87 88
88 89
89 90
90 2
2 8
8 91
91 92
92 93
93 94
94 95
95 96
96 97
97 98
98 67
67 48
48 81
48 9
81 49
81 9
49 9
9 99
9 82
99 82
82 38
