0 1
1 2
1 3
1 4
1 5
1 6
1 7
2 8
8 3
8 4
3 9
3 5
9 10
9 11
9 5
10 4
4 12
4 5
4 7
4 13
4 14
12 11
11 5
5 6
5 15
6 7
7 16
7 15
16 17
17 18
17 15
18 19
18 20
18 21
18 22
18 23
18 24
18 25
18 26
18 27
18 28
18 29
18 30
18 31
18 32
18 15
18 33
18 34
18 35
19 36
36 37
36 38
37 39
39 20
39 40
39 41
39 33
39 42
39 35
20 15
20 13
21 43
43 22
43 44
43 45
43 15
22 44
22 15
44 23
23 45
23 15
45 46
45 24
45 47
46 48
48 24
48 49
24 50
24 51
24 28
24 15
50 52
50 53
50 54
50 55
50 56
52 57
52 58
52 55
57 59
57 58
57 25
57 60
57 38
57 26
57 61
57 62
59 58
58 25
58 60
58 38
58 63
58 53
58 54
58 47
58 64
58 65
58 15
58 33
25 38
25 15
60 38
60 61
38 66
38 63
38 26
38 53
38 62
38 55
38 47
66 67
67 68
68 69
68 70
70 71
70 55
71 72
72 63
63 26
63 61
63 54
63 15
26 53
26 61
53 61
53 56
61 54
61 47
61 65
54 62
54 55
54 56
54 15
62 55
55 73
55 74
55 75
73 56
56 47
56 74
47 64
64 65
65 74
74 75
75 76
75 15
76 77
77 78
78 79
78 49
78 51
79 49
79 80
79 15
49 81
49 82
49 80
81 82
81 51
81 80
82 27
27 51
51 83
51 80
83 80
80 84
80 85
84 86
84 85
86 87
86 28
86 30
87 28
28 88
28 29
28 15
88 89
89 90
90 29
90 30
29 85
85 30
85 31
30 31
32 91
32 15
91 92
92 93
92 15
93 40
40 15
15 41
15 33
15 34
15 42
15 35
15 13
41 33
33 34
34 94
94 42
94 95
94 96
42 95
95 96
96 97
97 98
98 35
35 13
13 99
99 14
