0 1
0 2
1 3
1 4
1 5
3 6
3 7
3 8
6 9
6 4
6 10
9 4
9 10
9 11
9 5
9 8
4 12
4 13
4 14
4 15
4 16
4 17
12 11
13 18
13 19
18 20
18 19
18 21
18 11
20 22
20 19
20 21
20 11
20 23
22 14
22 24
22 19
22 21
22 25
22 5
14 26
14 5
26 27
26 28
26 29
26 30
26 31
26 32
26 33
26 25
26 34
26 35
26 36
26 37
27 28
28 38
38 24
38 5
24 19
24 11
19 15
19 21
19 11
19 39
19 40
19 41
19 33
19 25
19 42
19 43
15 21
15 10
15 11
21 16
21 42
16 44
16 10
16 11
16 5
44 17
17 10
17 5
10 45
10 46
45 11
45 23
45 5
11 39
11 47
11 48
11 5
11 43
40 29
40 33
40 42
29 49
29 41
29 7
29 23
29 2
49 50
49 32
49 2
50 51
50 23
50 5
51 52
51 5
52 53
52 5
53 54
53 55
55 56
56 57
57 41
41 58
41 32
41 59
41 60
41 33
41 34
41 61
41 37
58 7
58 8
7 47
7 30
7 32
7 59
7 60
7 33
7 34
7 62
7 63
47 23
47 5
23 30
23 31
23 64
23 65
23 34
23 66
23 62
23 67
23 36
23 46
23 68
30 31
30 32
30 5
30 36
30 8
31 64
31 33
31 36
64 32
64 5
32 59
32 33
32 5
32 36
32 8
59 65
59 5
59 8
65 60
65 8
60 69
60 5
60 8
69 33
33 70
33 2
33 5
33 36
33 8
70 71
71 72
71 46
72 25
72 36
25 48
48 2
2 34
34 5
34 36
34 8
5 66
5 73
5 61
66 62
62 67
67 63
67 74
63 75
63 8
75 76
76 77
77 74
74 35
74 46
35 36
35 8
36 73
36 8
36 68
36 78
36 37
73 8
8 61
8 79
8 43
61 46
46 80
46 81
46 82
46 83
46 84
46 85
46 86
46 87
46 88
46 89
89 90
90 91
91 92
92 93
93 94
94 95
94 96
95 97
95 37
97 68
68 78
78 96
96 37
37 42
42 79
79 43
43 98
98 99
