0 1
1 2
1 3
1 4
1 5
1 6
1 7
1 8
1 9
1 10
1 11
1 12
2 13
2 14
13 3
3 4
4 5
4 12
5 15
5 16
5 17
5 7
5 18
5 19
5 12
5 20
15 16
15 21
16 22
16 23
16 17
16 24
16 7
16 21
16 25
16 26
23 27
23 17
23 8
23 26
23 12
27 17
27 6
17 28
17 29
17 6
17 24
17 25
17 8
17 26
17 14
17 20
28 29
28 26
29 6
29 12
6 24
6 8
6 26
6 20
24 30
24 14
30 31
30 8
31 32
31 8
31 33
31 14
32 34
32 35
34 36
34 8
36 37
37 38
37 25
37 33
37 39
37 12
38 40
38 41
40 42
42 43
42 12
43 44
44 35
44 8
44 45
35 46
35 25
35 8
46 7
46 33
46 14
7 18
7 25
7 11
7 12
18 47
18 12
47 21
47 48
47 49
21 48
48 49
49 25
49 12
25 50
25 51
25 52
25 53
25 54
25 26
25 41
25 55
25 56
25 57
25 58
25 59
50 8
50 14
50 12
8 60
8 41
8 61
8 62
8 20
8 59
8 63
60 64
60 14
60 12
64 51
64 65
64 33
64 12
51 66
51 67
51 33
51 14
51 12
66 67
66 52
66 68
67 52
67 14
52 69
52 33
52 14
69 65
65 33
33 70
33 53
33 71
33 54
33 68
33 9
33 26
33 56
33 57
33 12
33 72
33 73
33 74
33 62
33 59
33 63
70 53
70 12
53 71
71 75
71 12
71 20
75 76
75 54
76 77
76 68
77 54
54 68
54 14
54 12
68 9
68 12
9 10
9 20
10 11
11 78
11 20
78 26
26 41
26 55
26 56
41 55
41 12
55 56
55 14
55 12
56 57
56 14
56 12
57 58
57 14
57 12
58 79
79 39
39 19
19 80
80 14
14 61
14 81
14 82
14 83
14 73
14 59
14 63
61 12
12 81
12 84
12 73
12 59
81 85
81 86
81 72
81 84
81 87
85 88
88 86
88 72
88 84
86 89
86 72
86 82
86 45
86 83
86 73
86 87
89 72
89 84
89 87
72 82
72 45
72 83
72 73
72 90
72 87
72 91
82 45
82 84
82 87
45 92
45 87
92 83
83 84
83 87
84 73
84 90
84 91
90 87
87 93
93 91
93 20
91 94
94 95
94 96
94 97
94 20
95 96
95 20
96 74
96 97
96 20
74 97
97 62
97 20
62 20
20 59
59 63
63 98
63 99
98 99
