0 1
1 2
2 3
3 4
3 5
3 6
3 7
4 8
8 9
9 10
10 11
10 12
11 12
12 13
12 6
13 5
5 6
6 14
14 15
15 16
16 17
17 18
17 19
17 20
17 21
17 22
18 23
23 24
23 25
23 26
23 27
24 19
24 28
24 21
24 29
19 30
19 31
19 32
30 20
20 33
20 21
33 34
33 21
33 35
33 36
34 37
34 38
34 29
37 39
37 31
37 40
37 29
37 32
39 31
39 28
39 22
31 41
31 42
41 28
41 21
41 29
41 32
28 25
28 21
28 43
28 44
28 45
28 46
28 47
28 36
28 48
28 49
28 32
25 50
25 21
25 29
50 51
51 52
51 40
51 7
52 53
52 40
53 54
53 36
54 55
55 56
56 40
56 21
56 29
56 57
40 58
40 43
40 49
40 59
40 60
58 21
21 43
21 61
21 45
21 62
21 27
21 46
21 63
21 35
21 64
21 47
21 36
21 65
21 42
21 59
21 66
43 61
43 38
43 29
61 44
61 38
61 29
44 38
44 29
44 67
38 45
38 47
38 48
38 49
38 42
38 66
45 29
45 57
29 68
29 62
29 26
29 69
29 70
29 64
29 67
29 47
29 48
29 32
68 71
71 72
72 73
73 62
62 32
26 74
26 7
74 75
75 76
75 77
76 63
77 7
7 78
7 79
7 80
7 63
78 63
79 27
27 80
80 46
46 63
63 69
69 81
81 70
81 82
81 35
70 83
70 84
83 82
83 84
82 84
84 35
35 85
85 64
64 86
86 87
87 67
67 47
67 49
47 88
47 89
88 89
89 90
90 91
90 92
91 93
91 32
93 92
92 36
36 48
36 32
48 94
48 49
48 32
94 95
94 49
94 32
95 49
49 57
49 32
57 65
57 42
65 42
65 32
42 59
59 22
59 32
22 66
66 32
32 60
60 96
96 97
96 98
97 98
97 99
98 99
