0 1
0 2
0 3
0 4
1 5
5 6
6 2
2 7
2 8
2 9
2 10
2 11
2 12
2 13
2 14
2 15
2 16
2 17
2 18
2 19
2 20
2 21
2 22
2 4
2 23
7 3
3 8
3 24
8 25
8 26
8 27
25 28
28 29
29 9
29 30
9 10
9 31
9 20
10 32
10 13
10 15
10 33
10 34
10 31
10 35
10 36
10 37
10 38
10 39
10 40
10 41
10 30
10 21
32 42
32 31
42 43
43 11
11 44
11 45
11 46
11 4
44 47
44 48
47 49
47 50
49 51
51 12
12 52
12 45
12 53
12 20
12 4
52 13
52 54
52 55
13 14
13 15
13 54
13 31
13 46
13 20
13 4
14 15
14 46
14 4
15 54
15 46
15 4
54 16
16 56
56 33
56 48
33 34
33 39
33 57
33 58
34 31
31 59
31 35
31 60
31 36
31 37
31 38
31 39
31 18
31 41
31 20
31 30
31 61
59 62
62 63
63 64
63 45
63 26
63 65
64 66
66 50
50 67
67 68
68 69
68 48
69 70
70 48
48 71
71 72
72 73
72 74
73 75
75 74
74 76
76 77
77 78
78 45
45 24
45 17
45 37
45 79
45 19
45 55
45 80
45 23
24 81
24 4
81 82
82 17
17 83
17 4
17 27
83 35
35 84
35 20
84 60
84 30
60 53
53 36
53 38
53 57
53 40
53 85
36 37
37 38
37 86
38 87
38 46
87 88
88 89
89 90
90 39
39 18
39 57
18 57
57 40
40 41
40 58
41 85
41 20
41 61
85 26
26 79
79 65
65 91
65 92
65 93
65 23
93 94
94 86
86 95
86 4
95 19
19 55
19 4
55 46
55 20
46 80
46 22
46 23
80 20
80 4
20 96
96 97
97 30
30 61
30 58
61 21
21 58
58 98
58 22
22 4
4 23
23 27
27 99
