0 1
1 2
1 3
1 4
1 5
1 6
1 7
1 8
1 9
1 10
1 11
1 12
1 13
1 14
1 15
1 16
1 17
1 18
1 19
1 20
1 21
1 22
1 23
2 3
2 24
3 4
3 5
3 25
3 6
3 9
3 26
3 10
3 27
3 28
3 11
3 12
3 14
3 29
3 15
3 16
3 17
3 18
3 20
3 30
3 21
3 23
3 31
3 32
3 33
4 5
5 25
5 26
5 10
5 12
5 31
25 6
25 34
25 9
25 35
25 36
25 31
6 37
6 34
6 9
6 26
6 10
6 12
6 19
37 38
38 39
39 40
40 41
41 42
41 43
42 44
42 34
42 10
42 45
42 46
42 47
42 48
42 49
42 50
42 51
42 52
44 53
44 7
44 54
53 7
7 8
7 31
8 55
8 56
8 54
8 19
8 30
8 36
8 31
8 57
8 24
8 58
55 43
55 35
55 59
55 54
55 60
55 50
55 36
55 31
43 34
43 12
43 45
43 35
43 48
43 49
43 61
43 62
43 19
43 36
43 63
34 9
34 56
34 64
34 54
34 60
34 19
34 36
34 31
34 24
34 58
9 26
9 10
9 12
26 10
26 12
26 58
10 27
10 12
10 58
27 28
27 58
28 11
28 12
28 14
28 56
28 65
28 18
28 66
28 67
28 31
11 12
11 24
12 13
12 14
12 54
12 48
12 60
12 50
12 19
12 67
12 68
12 23
12 31
12 32
12 33
13 14
14 29
14 15
14 31
15 16
15 56
15 19
15 31
15 24
15 58
16 56
16 19
56 69
69 70
70 71
71 45
45 35
45 60
45 31
45 24
45 58
35 46
35 54
35 49
35 60
35 50
35 62
35 19
35 36
35 23
35 31
46 59
46 54
46 60
59 72
72 65
72 54
65 17
65 54
65 60
65 19
65 67
65 31
17 18
17 49
18 47
18 31
18 58
47 73
47 54
47 60
47 50
47 31
73 74
74 64
74 31
74 58
64 75
75 54
75 50
75 36
75 58
54 48
54 49
54 76
54 77
54 78
54 50
54 62
54 19
54 79
54 80
54 63
54 81
48 49
48 60
48 50
48 36
48 31
49 82
49 50
49 36
49 67
82 61
82 83
82 60
61 36
61 31
61 58
83 60
83 19
83 51
60 84
60 76
60 50
60 62
60 19
60 21
60 36
60 85
60 80
60 63
60 23
76 77
76 50
76 19
76 36
77 78
78 50
78 36
50 62
50 19
50 36
50 68
50 63
50 86
50 31
50 87
50 58
62 19
62 36
62 31
19 20
19 30
19 21
19 36
19 80
19 63
19 23
19 31
19 81
19 52
20 30
20 36
20 31
30 66
30 36
30 81
30 24
66 21
21 36
21 31
21 58
36 85
36 80
36 63
36 31
36 81
85 67
85 31
67 88
67 23
88 79
79 89
89 90
90 91
91 92
92 93
92 94
93 94
93 51
94 95
95 51
51 96
51 52
96 68
68 22
68 24
68 58
22 80
80 63
80 31
80 24
63 86
63 97
63 31
86 98
86 97
97 23
23 31
23 24
31 81
31 32
31 33
31 52
31 24
81 32
32 33
32 24
33 57
57 52
52 24
52 58
24 87
24 58
87 58
58 99
