0 1
1 2
2 3
2 4
3 5
3 6
3 7
5 4
5 8
4 6
6 9
9 10
9 11
10 12
10 13
12 13
12 14
12 8
12 7
12 15
12 11
13 16
13 15
16 17
17 18
17 11
18 19
18 20
18 11
19 20
20 14
14 21
14 22
14 23
14 24
14 25
14 15
14 26
21 27
21 8
27 28
28 8
8 29
8 30
29 31
29 32
29 33
29 34
31 32
32 35
32 36
32 37
32 38
35 33
33 39
33 36
33 37
33 38
39 36
39 34
36 40
36 34
40 37
40 34
37 38
37 34
38 41
38 34
41 42
42 34
34 43
34 24
34 7
34 26
43 44
44 45
45 22
22 46
46 23
23 24
23 47
24 7
24 11
7 48
7 49
7 50
7 51
7 30
7 15
7 47
7 52
7 26
48 49
49 50
50 53
53 54
54 55
55 56
55 11
56 57
56 11
57 51
51 58
51 59
58 60
60 59
60 30
60 61
60 11
59 30
59 61
30 61
61 62
62 63
63 64
63 65
64 66
64 65
66 67
67 68
67 69
68 69
69 70
70 65
65 25
25 15
25 11
15 71
71 72
72 73
73 74
73 75
74 76
76 77
77 78
77 79
79 75
75 80
80 81
81 82
81 11
82 83
83 47
47 52
52 84
84 85
85 86
86 87
86 88
87 89
87 90
87 91
87 88
87 92
89 93
89 90
89 91
89 11
93 90
90 91
90 88
91 88
88 92
92 11
11 26
26 94
94 95
95 96
96 97
97 98
98 99
