0 1
1 2
1 3
2 4
2 5
4 6
6 7
6 8
6 9
6 10
6 11
7 12
7 10
12 13
12 10
13 14
14 15
14 16
14 3
15 17
15 18
17 19
17 20
17 21
19 22
19 23
22 24
22 20
22 25
24 26
24 20
26 20
26 25
26 18
20 25
20 18
20 23
25 27
27 28
28 29
29 30
29 31
30 32
32 33
32 34
32 31
33 16
33 35
16 36
16 3
16 31
36 3
36 5
3 37
3 38
3 8
3 39
3 40
3 10
3 41
3 42
3 43
3 44
3 45
37 46
46 47
46 48
46 49
46 31
47 38
38 50
38 35
38 51
38 21
38 52
38 10
38 41
38 53
38 54
50 8
50 35
50 10
8 9
8 34
9 34
34 55
34 56
34 39
34 57
34 23
34 58
34 11
55 59
59 56
56 39
56 35
39 57
57 60
57 10
57 23
60 48
60 35
48 61
48 31
61 62
62 63
62 10
62 31
63 64
63 31
64 65
65 66
66 35
66 23
35 67
35 5
35 23
35 58
35 68
67 69
69 51
69 70
69 71
69 21
51 70
70 71
70 11
71 21
21 72
21 10
72 40
40 73
40 10
73 52
73 10
52 74
52 10
52 75
74 10
10 41
10 76
10 5
10 44
10 58
10 68
10 75
41 77
77 49
49 78
78 31
31 79
79 76
76 53
76 5
76 75
53 80
53 5
53 75
80 81
81 82
82 83
82 42
83 42
42 5
5 43
5 54
5 84
5 85
43 86
86 87
87 88
88 44
44 18
18 54
18 23
54 23
23 58
58 11
11 68
68 89
89 90
90 45
45 75
75 84
84 85
84 91
85 92
85 91
92 91
91 93
91 94
91 95
93 94
94 96
94 95
96 97
96 95
97 98
98 95
95 99
