0 1
0 2
0 3
0 4
1 5
1 6
1 7
1 8
1 9
1 10
1 11
1 12
1 13
1 14
1 15
1 16
1 17
5 18
5 7
5 13
5 14
18 19
18 6
18 2
18 7
18 20
18 21
18 3
18 22
18 4
18 17
19 23
19 8
23 24
23 6
23 7
23 25
23 26
24 27
24 6
24 7
24 9
24 3
24 4
27 9
27 28
6 29
6 30
6 7
6 8
6 9
6 31
6 12
6 26
6 32
6 15
29 33
29 8
33 2
33 34
33 4
33 16
33 17
2 35
2 30
2 36
2 37
2 31
2 38
2 39
2 40
2 41
2 42
2 43
2 44
2 22
2 15
2 45
2 46
2 4
2 47
2 17
35 30
30 48
30 34
30 49
30 15
30 17
48 7
48 9
48 34
48 49
48 4
7 20
7 25
7 50
7 51
7 26
7 4
7 17
20 8
20 4
20 17
8 21
8 52
8 9
8 51
8 26
8 13
8 53
8 15
8 4
8 17
21 52
21 9
21 34
21 13
21 4
52 13
9 54
9 39
9 25
9 55
54 36
54 11
54 15
54 56
36 37
36 11
36 44
37 28
37 38
37 15
37 17
28 31
28 38
28 39
28 34
28 50
28 49
28 22
28 15
28 46
28 4
28 57
31 38
31 15
31 4
31 17
38 39
38 58
38 15
38 46
38 4
38 17
39 34
39 15
39 4
39 17
34 40
34 59
34 60
34 61
34 44
34 15
34 17
40 62
40 14
40 4
62 25
62 55
62 3
62 13
62 44
62 57
25 41
25 50
25 3
41 63
41 4
63 10
63 17
10 64
10 55
10 15
10 46
10 65
10 17
64 66
64 13
66 67
66 42
66 68
67 55
67 69
55 11
55 50
55 13
55 69
11 12
11 70
11 69
11 71
11 44
11 22
11 15
11 72
11 17
12 50
12 13
50 51
50 46
50 4
50 17
26 3
26 13
26 14
3 73
3 32
3 61
3 74
3 57
73 13
13 75
13 53
13 42
13 71
13 68
13 61
13 76
13 77
13 44
13 78
13 74
13 79
53 80
53 14
80 70
70 81
70 16
81 59
81 22
59 49
59 61
59 16
59 56
49 82
49 83
49 71
49 84
49 85
49 61
49 44
82 83
82 17
83 32
83 85
83 61
83 44
32 58
32 14
32 15
32 17
58 60
60 86
86 87
87 88
88 42
42 69
42 89
69 71
69 14
69 15
71 89
71 14
71 4
89 68
89 84
68 90
68 91
68 84
68 61
68 14
90 91
90 84
90 17
91 84
84 85
84 44
85 43
85 61
85 14
85 15
43 92
92 93
92 4
93 61
93 4
61 76
61 14
61 44
61 22
61 15
61 57
61 56
61 17
76 14
14 77
14 44
14 22
14 78
14 15
14 57
14 94
77 44
77 17
44 22
44 15
22 95
22 15
95 96
95 78
96 17
78 15
78 17
15 45
15 46
15 65
15 4
15 56
15 17
45 46
45 17
46 65
46 4
46 16
46 17
65 97
65 17
97 4
97 17
4 74
4 94
74 57
57 72
72 16
16 98
98 56
56 47
47 17
17 94
94 79
79 99
