0 1
1 2
1 3
1 4
1 5
1 6
2 3
2 7
2 8
2 5
2 9
2 10
2 6
3 4
3 11
3 12
3 13
3 5
3 14
3 6
3 15
4 11
4 7
4 16
4 8
4 17
4 6
4 18
11 19
11 7
11 8
11 6
19 7
7 20
7 21
7 22
7 13
7 23
7 24
7 25
7 6
7 26
7 27
20 12
12 21
12 22
12 13
12 8
12 6
12 26
21 22
22 13
22 8
22 6
13 16
13 8
13 6
16 28
16 8
16 29
16 24
16 17
28 8
28 17
28 6
8 30
8 5
8 31
8 23
8 29
8 24
8 25
8 32
8 33
8 34
8 35
8 36
8 37
8 38
8 18
8 39
8 26
8 40
8 41
8 42
30 5
30 9
5 43
5 9
5 10
5 31
5 44
5 32
5 45
5 46
5 47
5 48
5 17
5 14
5 6
5 37
5 15
5 18
5 39
5 26
43 9
9 10
9 31
9 14
9 6
10 31
10 6
31 49
31 17
49 44
44 23
23 29
23 32
23 50
23 35
23 36
23 51
24 25
25 32
32 52
32 33
32 34
32 35
52 33
33 34
34 53
34 36
34 54
53 50
53 36
53 26
50 55
50 36
55 35
55 36
35 36
36 56
36 26
56 45
45 46
46 47
46 57
46 14
57 48
48 17
17 14
14 58
14 6
58 6
6 37
6 38
6 59
6 15
6 18
6 39
6 60
37 38
38 59
38 39
59 15
15 18
15 39
18 39
39 26
26 61
61 54
54 62
62 63
62 64
62 65
62 66
62 67
63 68
68 27
27 69
69 40
40 60
60 51
60 70
60 71
60 65
60 67
51 70
51 67
70 41
70 72
70 66
70 67
41 73
73 74
74 75
75 76
75 77
75 78
75 64
75 71
75 79
76 72
72 80
80 77
77 78
77 71
77 81
77 65
77 82
77 83
77 84
77 85
78 64
78 71
78 86
78 83
64 87
64 71
87 71
87 88
71 89
71 90
71 91
71 65
71 84
89 92
92 93
93 94
94 90
94 86
90 86
90 95
90 83
86 95
95 96
95 88
96 97
97 88
88 91
91 98
98 81
98 65
98 83
81 65
81 83
81 67
65 82
65 83
65 84
65 66
65 67
65 42
82 83
83 84
83 67
83 42
84 66
66 85
66 67
85 67
67 99
99 42
42 79
