0 1
1 2
1 3
1 4
1 5
1 6
1 7
2 8
8 9
8 10
9 11
11 10
10 12
12 13
13 14
14 15
14 16
15 17
15 18
15 16
18 19
18 16
16 3
16 20
16 21
3 22
3 23
22 4
4 5
5 6
6 24
24 25
25 7
25 26
25 21
7 26
26 20
20 21
21 27
27 28
27 29
27 30
28 31
31 32
31 33
31 34
32 35
35 33
35 36
35 34
33 37
33 38
33 39
33 34
37 40
37 41
37 42
40 41
41 43
41 44
41 45
41 46
41 47
41 36
41 48
41 49
41 50
41 51
41 34
41 42
41 52
43 44
44 45
44 53
44 49
45 54
45 53
45 48
54 53
53 55
55 56
56 57
56 58
57 58
58 59
59 60
60 61
60 62
61 63
61 62
63 64
63 62
62 65
65 66
66 23
23 67
23 68
23 48
67 69
69 70
70 71
71 68
68 72
72 73
72 74
72 42
73 74
73 47
73 42
74 75
75 76
76 77
76 42
77 78
78 29
78 42
29 79
29 46
46 80
46 47
46 48
80 81
80 47
80 42
81 47
47 36
47 34
47 82
47 42
36 83
36 48
36 42
83 48
48 49
49 50
50 51
51 38
38 39
38 34
39 34
34 82
82 84
84 85
85 42
42 52
52 86
52 87
86 88
88 89
89 87
87 90
87 91
87 30
87 92
90 91
91 30
30 93
30 92
93 94
94 92
92 95
92 96
92 97
92 98
95 99
99 96
96 97
97 98
