0 1
0 2
0 3
1 4
1 5
1 6
1 7
1 8
1 9
1 3
1 10
4 5
5 6
5 7
5 9
5 3
5 11
5 12
5 13
6 7
7 14
7 15
7 8
7 9
7 2
7 3
7 11
7 16
7 17
14 18
18 15
18 17
15 8
15 2
15 3
8 9
8 2
8 11
9 2
9 17
9 19
9 13
2 3
2 11
3 11
3 20
11 16
11 21
11 22
11 23
11 13
16 24
24 17
24 25
24 19
17 26
17 21
17 27
17 28
17 29
17 30
17 31
17 32
17 22
17 33
17 34
17 35
17 36
17 37
17 13
26 10
26 21
10 38
10 39
10 40
10 41
10 42
10 43
38 21
38 25
38 13
21 39
21 27
21 30
21 31
21 22
21 25
21 12
39 25
39 44
39 13
27 28
27 45
27 25
28 40
28 46
28 25
40 41
40 46
41 25
46 45
45 29
45 30
45 25
29 30
29 25
30 31
30 32
30 22
30 34
30 44
30 35
30 47
30 23
30 37
31 32
31 22
31 44
31 13
32 22
32 25
32 48
32 13
22 42
22 35
22 49
22 36
22 19
42 43
42 25
43 25
25 33
25 34
25 35
33 50
50 34
34 44
34 12
34 13
44 35
35 51
51 47
51 52
47 23
47 20
23 53
23 54
23 52
23 20
23 55
53 56
53 57
53 58
53 59
53 20
56 60
56 61
56 57
56 52
56 58
56 12
56 62
56 19
56 48
60 61
60 58
60 59
60 63
61 64
61 36
64 65
64 57
64 58
64 20
65 66
65 67
65 58
65 49
65 36
65 68
65 62
65 19
65 48
66 67
66 58
66 49
66 36
66 63
67 69
67 62
67 48
69 57
57 54
57 58
57 59
57 68
57 63
57 70
54 71
54 58
71 52
71 58
71 59
52 58
52 59
52 72
52 20
52 13
58 73
58 59
58 72
58 20
58 68
58 63
58 62
73 59
73 19
59 72
59 62
72 20
20 74
20 68
20 70
20 62
20 75
74 76
76 77
76 78
77 79
79 80
80 78
78 81
81 82
81 13
82 83
82 84
83 85
85 86
85 87
86 87
87 88
87 84
87 48
88 48
84 89
89 90
90 91
91 92
92 93
92 94
92 13
93 94
93 13
94 12
12 49
12 13
49 36
49 62
49 19
49 48
36 68
36 62
36 19
68 63
68 62
63 70
70 62
70 48
62 95
62 19
62 13
95 19
19 75
19 37
75 48
48 37
37 55
37 13
55 96
96 97
97 98
97 99
99 13
