0 1
1 2
2 3
2 4
3 5
3 6
3 7
3 8
3 9
3 10
3 11
3 12
3 13
3 14
3 15
3 16
3 17
3 18
3 19
3 20
3 21
3 22
3 23
3 24
3 25
3 26
3 27
3 4
3 28
3 29
3 30
3 31
3 32
5 6
5 33
6 7
6 34
7 35
35 36
35 33
35 37
36 38
36 39
38 8
38 33
38 37
8 9
8 12
8 13
8 40
8 41
8 42
8 16
8 43
8 18
8 44
8 34
8 23
8 45
8 39
9 46
9 34
9 45
9 4
46 10
46 12
46 4
46 47
46 31
46 37
46 48
10 11
10 34
10 4
10 37
11 49
11 12
12 13
12 18
12 20
12 21
12 22
12 26
13 14
13 40
13 43
13 34
13 45
13 50
14 51
14 40
51 40
51 33
51 4
40 41
40 34
40 39
41 52
41 34
41 33
52 53
52 54
52 55
54 56
54 15
54 55
56 15
15 57
15 34
57 55
57 58
58 59
59 42
59 33
42 16
42 43
42 33
42 39
16 43
16 44
16 34
16 33
16 45
43 17
43 44
43 60
43 34
43 61
43 33
43 45
43 39
17 62
17 34
17 45
62 18
62 21
62 34
62 33
62 45
62 26
62 4
18 44
18 34
18 39
44 19
44 20
44 22
44 23
44 45
19 20
19 45
20 21
20 33
20 45
20 4
21 22
21 23
21 33
22 60
22 34
22 45
60 34
34 63
34 61
34 24
34 45
34 64
34 65
34 66
61 23
23 24
23 45
23 26
24 67
67 68
68 25
68 4
68 37
25 69
25 70
69 71
69 72
69 73
71 74
71 70
71 75
71 72
74 70
70 75
70 72
70 76
75 72
75 37
72 77
72 76
77 76
77 4
76 73
73 78
78 33
33 79
33 4
33 80
33 81
33 47
33 50
33 28
33 29
33 82
33 30
33 31
33 39
33 48
79 45
79 37
45 64
45 47
45 31
45 32
45 66
64 26
26 27
27 4
4 80
4 47
4 39
4 37
4 48
80 81
81 83
81 39
83 84
83 47
84 47
47 65
47 37
65 85
65 86
85 50
85 87
50 28
50 88
50 86
50 89
50 29
28 87
28 29
87 88
87 86
87 29
87 90
87 82
88 86
88 91
86 91
91 92
92 93
93 94
94 89
89 29
29 90
29 37
90 82
82 95
95 30
30 96
96 97
97 98
98 31
31 32
32 66
32 37
66 39
39 99
99 37
37 48
