0 1
0 2
1 3
1 4
1 5
3 6
3 5
3 7
3 8
3 9
6 10
6 11
6 12
6 5
6 13
6 14
6 15
10 16
16 17
16 4
16 18
17 11
17 19
11 20
20 21
20 4
20 15
21 22
22 4
4 23
4 24
4 25
4 26
4 12
4 8
4 27
4 15
4 28
4 29
4 30
4 9
4 31
4 32
23 33
23 7
33 24
24 18
18 25
18 34
34 35
35 36
35 37
36 37
37 26
26 38
26 5
38 39
38 9
39 19
19 40
40 41
40 42
40 13
41 42
42 2
2 12
2 43
2 44
2 13
12 45
12 9
45 46
46 5
46 7
5 47
5 48
5 8
5 49
5 14
5 50
5 51
5 52
5 9
48 7
7 53
7 8
7 14
7 9
53 54
54 8
8 55
8 56
8 28
8 9
55 57
57 58
57 49
57 44
58 59
59 49
49 43
49 60
49 61
49 62
43 44
43 9
44 56
44 63
44 64
44 65
44 66
44 67
56 63
63 64
63 13
64 13
64 68
13 69
69 70
69 71
69 68
69 72
69 73
70 71
71 68
71 72
68 72
68 73
72 65
65 73
73 66
73 60
66 74
74 67
74 60
60 61
61 62
62 27
62 75
62 9
62 76
27 14
27 76
14 75
75 77
77 78
78 79
79 50
50 15
50 80
15 80
80 51
51 28
28 52
52 29
52 81
52 82
52 83
52 84
29 81
29 85
29 83
81 82
81 86
81 84
81 87
82 85
82 83
82 76
82 88
82 89
82 84
82 87
85 90
90 91
90 84
91 30
91 83
91 9
30 92
30 86
92 93
93 94
94 95
95 83
83 96
83 9
83 76
83 86
83 87
96 9
96 97
9 31
9 98
9 32
9 86
31 97
31 76
97 98
98 32
32 76
76 86
76 87
86 88
86 84
86 87
88 89
89 99
99 84
84 87
