0 1
1 2
2 3
3 4
3 5
4 6
4 7
6 8
8 9
9 10
10 11
11 12
11 13
11 14
11 15
11 16
11 17
11 18
11 19
11 20
11 21
11 22
11 23
11 24
11 25
11 26
11 27
12 28
28 29
28 13
28 17
28 30
28 31
28 32
28 33
28 25
28 26
28 34
29 35
35 36
36 37
36 38
36 17
37 13
37 38
13 39
13 40
13 41
39 38
39 42
38 43
38 42
38 40
38 44
38 25
43 42
42 45
45 14
14 40
40 46
40 47
40 48
40 49
40 50
40 51
40 17
40 52
40 53
40 19
40 20
40 30
40 22
40 54
40 33
40 25
40 26
46 41
46 55
41 56
41 47
41 16
41 17
41 57
41 19
41 34
56 58
56 44
58 59
58 60
58 61
58 51
58 44
59 62
59 55
59 63
59 51
59 44
62 15
62 60
62 51
62 44
15 47
47 55
47 44
55 48
55 60
55 44
48 63
48 17
63 60
63 51
63 44
63 53
60 64
60 51
60 44
60 65
60 66
64 67
64 61
64 65
67 61
67 65
61 49
61 65
49 50
49 68
49 27
50 16
16 51
16 17
51 69
51 44
51 66
69 17
69 44
17 70
17 44
17 66
17 71
70 44
44 72
44 21
44 73
44 66
72 52
52 68
52 5
52 25
52 34
68 5
5 74
74 7
7 75
7 65
7 76
75 77
75 78
77 65
65 18
65 27
18 53
53 57
53 79
53 76
53 33
57 19
19 79
79 76
76 80
80 20
20 21
21 81
21 66
81 30
81 66
30 73
73 66
66 82
66 34
82 83
83 84
83 85
84 85
85 86
86 87
87 71
71 88
88 89
89 31
31 32
31 24
32 90
90 22
90 24
22 23
22 54
23 24
24 54
24 91
54 92
92 93
93 91
93 34
91 33
33 94
94 25
25 26
26 27
26 34
27 95
95 96
96 97
97 98
97 34
34 78
78 99
