0 1
0 2
1 3
1 4
1 5
1 6
1 7
1 8
1 9
1 10
1 11
1 12
1 13
1 14
3 15
15 16
16 17
17 18
18 19
18 7
18 20
19 21
19 22
19 23
19 24
19 25
19 26
21 27
21 23
21 24
21 25
27 28
27 22
27 29
27 25
27 30
27 26
28 31
28 32
28 33
28 2
31 32
32 33
32 2
33 2
33 22
2 4
2 34
2 35
2 5
2 6
2 8
2 36
2 37
2 38
2 39
2 40
2 13
2 41
2 14
2 42
4 43
43 44
43 45
44 45
45 34
45 6
45 29
45 14
34 35
35 46
35 23
46 47
47 5
47 24
5 22
5 23
22 48
22 6
22 7
22 30
22 49
48 50
48 23
48 26
50 51
50 26
51 23
51 30
23 52
23 6
23 53
23 54
23 55
23 56
23 29
23 24
23 57
23 25
23 58
23 59
23 26
52 6
52 60
6 7
6 25
6 61
6 36
6 60
6 26
6 62
7 63
7 29
7 30
7 26
63 64
64 53
53 65
53 54
53 66
65 54
65 66
54 66
54 8
66 8
8 67
67 55
55 20
20 56
56 68
68 69
69 70
70 29
70 25
70 60
29 71
71 72
71 73
72 74
74 75
75 24
24 57
24 25
24 9
57 25
25 58
25 60
25 59
25 26
58 61
61 30
30 36
30 60
30 76
36 49
49 77
77 60
60 59
59 26
26 73
26 37
26 78
26 13
37 78
37 62
78 38
38 9
9 62
62 79
62 39
62 11
79 10
79 80
79 39
79 11
79 81
79 82
79 83
79 41
79 84
79 14
10 80
10 85
10 83
10 86
10 84
10 14
80 87
80 81
80 88
80 13
80 84
87 85
87 76
87 84
87 42
85 39
85 83
85 86
85 84
85 14
39 89
39 84
39 14
39 42
89 90
90 91
90 11
90 92
90 84
91 11
11 12
11 83
11 92
11 93
11 13
12 94
12 13
12 84
12 42
94 81
81 88
81 84
88 76
88 92
88 93
88 95
76 96
76 82
76 40
76 83
76 86
76 95
96 82
82 40
82 83
82 97
82 13
82 14
82 42
40 83
40 42
83 97
83 86
83 93
83 14
97 86
97 93
97 13
97 41
97 84
97 42
86 92
86 41
86 42
92 93
92 84
93 13
93 41
93 84
13 95
13 42
95 41
41 84
84 98
98 14
14 99
14 42
99 42
