0 1
1 2
2 3
2 4
2 5
3 6
3 7
6 7
6 5
7 8
7 9
7 4
7 10
7 11
7 12
7 13
7 14
7 15
7 16
8 17
8 5
17 18
17 4
17 19
17 20
17 21
17 22
17 15
17 5
18 23
18 24
18 5
23 25
23 24
25 24
24 9
24 4
24 26
24 12
9 27
9 12
9 28
27 29
29 30
30 31
31 32
32 33
33 34
34 35
35 36
36 37
36 4
36 38
36 39
36 14
36 40
36 41
36 42
37 4
4 43
4 10
4 26
4 44
4 19
4 21
4 45
4 39
4 5
43 46
46 10
10 26
10 47
26 48
26 11
26 49
26 20
48 11
48 5
11 50
11 12
50 51
51 52
52 44
44 53
44 47
53 54
53 5
54 55
54 56
55 56
56 49
49 57
49 5
57 58
57 22
57 59
58 60
58 12
58 39
60 19
60 14
19 61
19 5
61 62
62 63
63 64
64 65
64 66
64 67
64 68
64 69
65 66
65 70
66 70
66 28
70 71
71 67
67 68
67 12
67 28
68 69
68 28
69 72
72 12
72 28
12 73
12 14
12 42
12 74
12 15
73 75
75 76
76 13
13 38
38 77
77 78
78 79
79 28
28 20
20 21
20 5
21 80
21 81
21 82
21 14
21 5
80 83
83 84
83 40
84 85
85 22
22 59
59 86
86 87
86 39
87 88
87 39
88 89
89 90
90 45
45 81
45 5
81 91
91 39
39 92
39 14
92 82
82 14
14 40
40 41
40 42
41 42
42 93
42 5
93 94
93 15
94 95
95 96
96 74
74 47
47 97
47 16
97 98
97 5
98 15
15 99
99 16
16 5
