0 1
0 2
0 3
0 4
1 5
5 6
5 7
5 8
5 9
5 10
5 11
5 12
5 13
5 14
5 15
5 16
5 17
5 18
5 19
5 20
6 21
6 22
6 23
6 16
6 24
6 19
21 25
25 26
26 27
26 3
27 28
27 2
27 3
28 29
29 2
29 3
2 3
3 30
30 31
30 8
31 32
32 33
32 8
32 24
33 7
33 8
33 34
33 35
33 36
7 22
7 4
7 8
7 23
22 37
22 38
22 39
22 40
22 41
22 42
22 36
37 4
37 19
4 43
4 8
4 34
4 11
4 12
4 17
4 35
43 38
38 44
38 45
38 8
38 46
44 47
47 48
47 49
47 50
48 45
48 49
48 51
48 52
45 49
45 52
49 51
49 52
51 50
51 52
50 52
50 53
52 54
52 15
52 55
52 56
54 8
8 57
8 58
8 59
8 39
8 60
8 61
8 24
8 62
8 17
8 63
8 35
8 46
8 64
8 41
8 65
8 66
8 67
57 23
57 24
23 58
23 68
23 62
23 17
23 63
23 64
23 69
23 67
23 42
58 70
58 53
58 16
58 24
70 71
70 16
71 72
72 73
72 24
73 9
73 10
73 18
9 74
9 16
9 75
74 76
76 77
77 59
59 10
59 35
10 34
10 12
34 11
11 78
11 18
78 12
78 24
78 19
12 13
12 53
12 35
13 24
14 15
14 24
15 79
15 24
79 55
55 56
56 80
80 81
81 82
81 24
82 83
83 39
83 84
83 18
83 20
39 85
39 53
39 16
39 24
39 35
85 53
53 86
53 60
53 87
53 88
53 62
53 17
53 35
53 65
53 42
86 68
86 75
68 60
68 16
68 24
68 35
68 19
68 64
60 16
60 24
60 35
16 61
16 24
16 17
16 89
16 64
16 41
61 87
61 75
61 24
61 35
87 90
87 84
87 17
90 75
90 84
75 88
75 65
88 24
24 62
24 17
24 46
24 40
24 64
24 41
24 69
24 65
24 42
24 20
62 84
62 35
84 17
84 18
84 91
17 92
17 35
17 19
92 18
18 91
18 63
18 67
91 93
93 63
63 35
35 46
35 94
35 64
35 41
35 65
35 42
46 94
94 40
40 19
19 89
19 42
89 64
64 41
41 69
69 95
69 66
95 65
65 96
96 66
66 67
67 42
42 36
36 20
20 97
97 98
98 99
