0 1
0 2
0 3
1 2
1 4
2 5
2 3
2 6
2 7
2 8
2 9
2 10
2 11
2 12
2 13
2 14
5 3
5 15
3 16
3 17
3 4
3 9
3 12
3 13
3 14
3 18
16 19
19 6
19 8
19 17
19 20
19 21
19 22
19 23
19 10
19 14
19 24
6 25
25 26
25 23
26 27
26 28
26 11
26 29
26 30
26 18
27 31
31 32
32 33
33 34
33 35
34 36
36 7
7 37
7 38
7 18
37 8
8 17
8 39
8 40
8 11
8 18
17 39
17 11
17 18
39 4
4 9
4 15
4 41
9 15
9 11
15 42
15 43
15 20
15 41
15 44
15 21
42 45
45 43
43 46
46 20
20 41
41 44
44 38
44 11
38 47
38 48
38 10
38 24
47 48
48 49
48 50
49 51
51 52
52 53
53 54
53 29
54 55
54 56
55 57
55 58
55 56
57 59
57 30
59 60
59 61
59 28
59 30
60 62
62 63
63 64
64 65
64 66
64 18
65 67
65 68
65 69
67 70
70 68
70 28
68 69
68 40
68 11
69 40
69 11
69 30
69 18
40 71
71 21
71 58
71 11
71 30
21 72
21 11
72 58
58 73
58 74
58 75
58 76
58 30
73 74
73 66
74 75
75 76
75 11
75 56
75 30
76 77
76 18
77 78
78 79
78 61
79 61
79 30
79 66
61 80
61 23
61 11
61 66
61 18
80 28
80 29
80 30
80 66
28 81
28 82
28 22
28 83
28 84
28 18
81 85
85 35
35 86
86 82
82 22
82 11
22 23
22 11
22 18
23 50
23 66
23 24
50 87
87 10
10 11
11 12
11 13
11 14
11 24
12 13
13 14
13 18
14 29
29 88
88 56
88 30
56 30
30 89
30 90
30 18
90 66
66 24
24 83
83 91
91 92
92 93
93 94
94 95
95 96
95 84
96 97
97 84
84 18
18 98
18 99
98 99
