0 1
1 2
1 3
2 4
4 5
5 6
5 7
5 8
5 9
5 10
6 11
6 12
6 13
6 8
11 14
11 7
11 13
11 15
11 16
11 17
11 18
11 19
11 20
11 21
11 22
11 23
11 24
11 25
14 12
12 26
12 27
12 7
12 28
12 29
12 30
12 31
12 32
12 13
12 33
12 15
12 8
12 34
12 35
12 36
12 37
12 38
12 39
12 20
12 21
12 22
12 23
12 40
12 24
12 41
12 25
12 42
12 43
26 27
27 7
27 44
27 45
7 28
7 13
7 24
7 44
7 45
7 3
28 29
28 45
29 46
29 13
29 8
29 47
46 30
46 48
30 31
30 41
32 49
32 13
32 45
49 50
49 38
49 20
50 51
51 13
51 8
13 33
13 15
13 38
13 39
13 17
13 18
13 19
13 20
13 21
13 22
13 23
13 24
13 25
13 45
13 3
33 15
15 16
15 8
15 21
15 45
16 8
8 34
8 35
8 52
8 53
8 54
8 36
8 37
8 17
8 19
8 20
8 22
8 41
8 25
34 55
55 35
55 56
55 41
55 47
55 57
35 56
35 58
35 47
35 44
35 45
56 59
56 58
56 41
56 60
56 25
56 57
59 58
58 52
58 25
52 48
52 54
52 47
52 57
52 44
48 53
48 54
53 54
53 42
54 36
54 25
36 61
61 37
37 62
37 23
37 44
62 38
38 39
38 24
39 17
39 24
17 63
17 18
17 20
63 64
63 25
64 18
18 19
18 24
19 65
19 20
65 20
20 21
20 57
21 22
21 24
21 45
22 23
22 24
23 40
23 25
40 24
24 41
24 3
41 60
41 47
60 25
60 66
60 47
60 57
25 66
25 47
25 45
66 47
47 42
47 57
47 44
47 3
42 57
57 67
67 44
44 43
44 3
43 45
45 68
45 69
45 70
45 71
45 72
45 73
45 74
45 75
45 76
45 77
45 78
45 79
45 80
45 81
68 82
82 69
69 70
69 73
70 71
71 72
71 73
71 80
72 83
72 73
83 73
83 77
73 74
73 75
73 76
73 77
73 78
73 79
73 81
73 3
74 75
74 84
74 76
75 84
75 76
84 76
84 77
77 85
77 79
77 86
77 3
85 87
87 78
78 79
79 80
79 86
80 86
86 81
81 3
3 9
9 10
10 88
88 89
89 90
90 91
91 92
92 93
93 94
94 95
94 96
95 97
97 98
97 96
97 99
98 96
96 99
