0 1
0 2
1 3
1 2
3 4
4 5
5 6
6 7
6 8
7 9
7 8
9 8
9 10
8 11
8 10
8 12
11 10
10 13
10 14
10 15
10 16
10 17
10 18
10 19
10 20
10 21
10 22
10 23
10 24
10 25
10 26
10 27
10 28
10 29
10 30
10 31
13 14
13 15
13 32
14 33
14 15
14 34
14 32
33 15
15 16
15 18
15 12
16 17
17 18
17 35
17 34
17 12
18 35
18 34
18 32
35 36
35 37
35 38
35 32
35 39
35 40
37 41
37 34
37 32
37 42
37 12
41 43
41 32
43 44
43 45
44 46
46 45
46 34
46 32
46 12
45 47
45 32
45 40
47 48
48 34
48 49
34 50
34 51
34 38
34 19
34 32
34 23
34 52
34 53
34 54
34 55
34 56
34 57
34 40
34 42
34 29
34 30
50 58
58 59
58 60
58 61
59 60
59 61
60 61
61 51
51 62
51 12
62 63
62 12
63 64
64 38
38 65
65 66
66 67
67 68
68 69
69 70
70 19
19 20
19 32
21 71
71 72
71 12
71 73
72 22
72 32
72 30
72 74
72 75
72 76
72 31
22 32
22 12
32 23
32 25
32 39
32 77
32 78
32 42
32 12
32 29
32 30
32 49
23 79
23 42
79 80
79 40
80 52
53 54
54 55
54 42
54 49
55 56
56 81
81 82
82 57
82 42
57 83
57 2
83 2
2 24
24 25
25 84
25 42
84 39
39 85
85 40
40 77
40 12
40 49
77 26
26 27
27 86
86 87
86 12
87 88
88 89
89 78
78 42
42 90
90 91
91 92
92 93
93 94
94 95
95 12
12 96
12 29
12 74
12 76
96 28
28 97
28 76
97 29
29 73
29 75
73 30
30 98
98 74
74 75
75 76
75 31
76 31
31 49
49 99
