0 1
1 2
2 3
2 4
2 5
3 4
3 5
4 6
6 5
5 7
5 8
7 9
9 10
10 11
10 12
11 13
11 14
13 15
13 16
15 16
16 17
17 18
17 19
18 20
18 21
20 22
20 12
22 23
23 24
24 12
12 25
12 26
12 27
12 28
12 29
12 30
12 31
12 32
12 33
12 34
12 35
12 36
12 37
25 8
25 36
8 26
8 38
8 21
8 29
8 30
8 39
8 34
8 35
8 37
8 40
8 41
38 42
38 21
38 43
42 27
42 28
42 44
42 45
42 46
27 44
27 21
28 44
28 43
44 45
44 21
44 30
44 34
44 47
44 46
44 48
44 49
44 41
45 21
21 50
21 51
21 29
21 52
21 30
21 39
21 53
21 54
21 55
21 34
21 35
21 37
21 56
21 47
21 57
21 58
21 46
21 59
21 49
21 60
21 41
50 51
51 29
51 52
51 30
51 39
51 31
51 61
29 52
29 30
29 62
29 56
29 61
52 30
52 39
30 39
39 63
63 64
63 36
63 56
63 46
64 53
64 65
64 66
65 67
65 46
67 68
68 69
68 46
69 70
69 14
69 31
70 71
70 31
71 72
71 14
71 54
71 31
71 55
72 73
72 46
73 74
74 75
74 46
75 76
75 31
76 77
76 14
76 31
76 43
77 14
14 54
14 31
14 55
14 78
14 43
14 79
14 46
54 31
54 80
31 55
31 81
31 78
31 43
31 79
31 46
55 80
80 82
82 81
81 78
78 83
78 84
83 62
62 32
62 34
33 43
43 34
34 85
34 36
34 56
85 35
35 36
35 56
36 37
36 56
37 56
56 47
47 57
57 86
86 61
61 58
58 79
79 46
46 87
87 59
59 88
88 89
89 90
89 91
90 91
91 19
19 66
66 92
92 93
93 94
94 48
48 95
95 96
96 84
84 40
40 97
97 98
98 99
99 49
49 60
60 41
