0 1
1 2
1 3
1 4
1 5
1 6
1 7
1 8
1 9
1 10
1 11
1 12
1 13
2 3
3 14
3 15
3 4
3 16
3 5
3 17
3 6
3 18
3 8
14 15
15 4
15 17
15 6
15 19
15 8
4 20
4 19
4 18
20 21
20 22
20 23
20 9
21 24
21 25
21 26
21 27
21 17
21 28
21 29
21 30
21 19
21 9
24 31
24 32
24 30
24 13
31 16
31 25
16 33
16 25
16 27
16 17
16 28
16 30
16 34
33 25
33 35
25 36
25 37
25 38
25 35
25 7
25 13
36 26
36 30
36 35
26 39
26 32
26 30
26 35
26 19
26 13
39 32
32 5
5 27
5 17
5 28
5 29
5 40
27 17
27 28
27 29
27 30
17 28
17 29
17 30
17 35
28 6
28 41
28 40
28 30
6 41
6 30
41 29
41 30
41 42
41 37
29 40
29 30
29 43
29 35
40 30
30 44
30 42
30 43
30 37
30 34
30 35
30 13
44 42
42 43
43 37
37 34
37 35
34 38
38 35
35 45
35 13
45 46
46 47
47 48
48 49
49 22
22 19
22 9
19 50
19 7
19 9
19 51
19 52
19 13
50 53
53 54
54 55
55 56
56 57
57 58
57 7
58 7
7 59
7 9
7 60
7 52
59 61
59 62
62 23
23 63
23 11
63 64
63 18
64 65
64 10
65 18
18 8
18 10
18 11
18 66
8 67
67 68
68 69
69 9
9 10
9 60
9 66
9 52
10 70
70 11
11 60
60 12
60 71
60 72
12 66
66 73
66 74
66 75
66 51
66 76
66 77
66 78
66 79
66 71
66 80
66 52
73 74
73 75
73 51
73 76
74 75
74 76
74 81
74 77
74 71
75 51
75 76
51 76
76 81
76 79
81 77
77 82
77 79
82 78
82 83
83 84
83 79
84 85
85 79
85 71
79 71
71 80
71 52
80 52
52 86
52 13
13 87
87 88
88 89
89 90
90 91
90 92
91 93
91 94
91 95
93 94
93 96
93 95
93 97
94 96
94 97
96 95
95 98
98 97
97 72
97 99
97 92
72 99
99 92
