0 1
1 2
1 3
1 4
1 5
3 6
6 7
6 8
6 9
6 10
7 11
7 12
7 13
7 14
7 15
7 16
11 8
11 13
11 17
11 18
11 15
11 19
11 16
8 20
8 12
8 21
8 22
8 16
20 12
20 23
20 24
20 16
20 5
12 13
12 25
12 26
12 21
12 17
12 27
12 28
12 14
12 18
12 22
12 29
12 30
12 15
12 24
12 16
13 25
13 26
13 31
25 32
25 5
26 33
26 16
33 34
33 31
34 35
34 15
34 24
35 36
35 37
35 38
35 5
35 10
36 39
39 40
40 41
40 42
40 43
40 44
40 45
40 37
40 23
40 32
40 4
40 24
40 5
41 46
41 42
41 47
46 42
46 44
46 45
42 48
42 49
42 50
42 43
42 51
42 44
42 45
42 52
42 47
42 27
42 53
42 54
42 55
42 56
48 57
57 49
57 58
57 59
57 60
49 58
49 59
58 59
59 50
59 60
50 43
43 51
43 44
51 44
44 45
44 52
44 47
44 61
44 22
44 62
44 53
44 55
44 63
44 56
44 64
45 52
52 47
47 65
65 66
66 67
67 68
68 69
69 60
60 61
60 70
61 70
70 21
21 17
21 37
21 32
21 4
21 10
17 27
17 38
17 23
17 32
17 30
17 5
27 28
27 23
27 32
27 31
27 24
27 5
27 10
28 14
28 16
28 5
14 18
14 16
18 71
71 22
22 72
22 32
22 10
72 37
72 73
37 74
37 75
37 29
37 32
37 62
37 76
37 77
37 78
37 30
37 79
37 80
37 15
37 53
37 54
37 55
37 81
37 82
37 83
37 56
37 64
37 84
74 85
74 10
85 38
85 10
38 86
38 9
38 19
38 87
38 10
86 88
88 75
88 16
75 10
29 23
23 89
23 62
23 76
23 90
23 30
23 55
23 83
23 56
89 32
32 62
32 76
32 90
32 30
32 53
32 55
32 63
32 56
62 76
62 78
62 5
62 10
76 77
76 10
77 91
91 78
78 92
78 10
92 93
92 90
92 4
92 83
93 90
90 4
4 30
4 53
4 55
4 83
30 94
30 5
30 56
30 10
94 79
94 80
94 10
79 80
80 31
80 73
80 9
80 87
80 5
80 10
31 95
95 15
15 24
15 16
24 53
53 54
53 16
53 5
54 55
54 5
54 10
55 96
55 5
96 81
81 73
81 87
81 10
73 97
73 19
73 87
73 98
73 16
97 82
97 63
97 9
97 87
82 63
9 19
9 98
19 87
19 16
87 98
87 16
98 16
98 5
16 83
83 5
5 56
5 64
5 84
56 64
56 10
64 10
10 99
99 84
