0 1
1 2
1 3
1 4
1 5
1 6
1 7
1 8
2 9
9 10
10 11
11 12
11 13
12 14
12 15
12 16
14 15
15 17
15 16
17 18
17 19
17 5
17 6
19 16
16 20
16 21
16 22
16 23
16 24
16 5
20 21
20 25
20 26
21 27
27 13
13 28
28 29
29 22
22 25
22 26
22 30
25 31
31 23
23 24
24 32
32 33
32 34
32 7
32 26
32 35
32 30
33 36
33 8
36 37
37 3
37 38
3 39
3 40
3 38
3 8
3 35
39 41
41 42
42 40
42 35
40 43
40 4
40 44
43 45
43 4
43 46
45 47
45 4
45 44
45 5
45 48
45 7
45 49
45 50
45 51
47 4
4 44
4 52
4 5
4 53
44 54
54 34
54 55
34 52
34 8
52 56
52 8
56 55
55 5
55 30
5 48
5 57
5 26
5 46
5 8
48 58
48 59
48 60
58 59
58 8
59 6
6 61
6 8
61 7
7 62
7 8
62 60
60 49
60 26
60 46
60 8
60 30
60 63
49 64
49 30
64 57
57 65
57 66
57 67
57 26
57 46
57 50
57 68
57 35
57 30
65 69
65 70
65 71
65 67
65 30
69 72
69 73
69 70
69 66
69 74
69 71
69 75
72 73
73 70
73 67
70 66
70 71
70 46
74 71
71 75
75 67
67 76
76 26
26 77
26 46
26 50
26 78
26 68
26 79
26 80
26 30
77 46
77 30
46 50
46 68
50 78
50 68
78 68
78 30
68 81
68 82
68 30
81 38
81 83
81 30
38 82
82 8
8 53
8 84
53 35
53 30
35 79
35 85
79 86
79 30
86 87
86 83
87 83
87 85
83 80
83 88
83 89
83 85
80 88
88 89
88 85
89 85
85 30
30 84
30 90
30 63
84 91
91 92
91 93
91 94
92 93
93 94
94 51
51 90
90 95
90 96
90 63
95 96
96 97
97 98
98 99
99 63
