0 1
1 2
1 3
1 4
1 5
1 6
1 7
1 8
1 9
2 10
2 3
10 11
11 12
11 3
11 13
11 14
12 15
12 3
12 13
15 3
3 16
3 4
3 17
3 18
3 19
3 20
3 21
3 7
3 22
3 8
3 23
3 9
16 24
16 4
24 4
4 5
4 17
5 25
5 26
25 27
25 17
25 8
27 17
27 21
17 28
17 29
17 19
17 21
17 30
17 31
17 8
17 23
17 13
17 32
17 33
17 34
17 35
17 9
17 36
17 14
17 37
17 38
17 39
17 40
28 41
28 14
41 42
42 43
43 44
44 45
44 46
45 47
45 48
45 29
45 13
45 49
47 50
47 48
47 51
50 48
50 13
48 52
48 13
48 49
48 53
48 51
52 29
52 13
29 18
29 30
29 8
29 13
29 54
29 32
29 33
29 55
29 56
29 57
29 9
29 36
29 58
29 59
29 14
29 60
29 61
29 62
29 38
18 63
18 13
63 19
63 64
63 13
19 65
65 6
6 64
64 66
66 20
66 13
20 26
20 21
26 67
67 21
67 13
21 7
21 22
7 22
7 13
22 30
22 23
22 13
30 68
30 13
68 31
31 8
8 23
8 13
23 13
13 54
13 33
13 69
13 56
13 9
13 59
13 60
13 61
13 62
13 46
13 38
54 32
54 14
32 70
32 71
32 34
32 57
32 36
32 72
32 73
32 58
32 59
32 74
32 38
70 75
70 14
75 33
33 71
71 69
69 55
69 14
55 76
55 77
76 56
56 77
56 57
56 36
56 14
77 34
34 78
34 14
78 35
35 57
35 14
57 9
57 36
57 73
57 79
57 58
57 14
9 36
36 72
36 73
36 79
36 58
36 59
36 14
72 73
73 79
73 14
79 58
58 59
58 14
59 14
14 80
14 60
14 46
14 74
14 38
80 60
60 81
60 46
60 38
81 82
81 83
82 84
84 83
84 37
83 85
83 38
85 86
86 87
86 62
86 37
87 88
87 61
87 62
88 61
88 37
61 89
61 90
89 91
91 62
62 92
62 38
92 90
90 93
93 37
37 46
37 38
46 74
74 94
94 38
38 95
38 39
95 39
39 40
39 96
39 97
40 96
96 97
96 98
97 98
98 49
49 53
49 99
53 51
51 99
