0 1
0 2
1 3
1 4
3 5
3 6
3 2
5 7
6 8
8 9
9 10
9 11
10 11
10 7
11 12
11 7
12 13
13 14
13 15
13 16
13 17
13 18
13 19
13 20
13 21
13 22
13 23
13 24
13 25
13 26
13 27
13 28
13 29
13 30
13 31
13 32
32 33
33 34
34 35
34 36
34 37
35 36
35 7
36 37
37 2
2 38
2 7
2 39
2 40
2 41
2 42
2 43
2 44
2 45
2 4
38 46
38 47
46 48
48 49
49 7
49 45
7 39
7 42
7 50
7 4
39 51
39 40
39 52
39 53
39 45
39 54
51 55
55 56
56 57
56 52
57 40
40 52
52 58
58 59
59 53
53 60
60 41
41 61
61 62
62 63
63 64
64 65
65 66
66 67
67 68
68 69
69 42
42 70
70 71
71 72
72 73
73 74
74 75
75 76
75 77
76 78
76 79
76 80
78 81
78 79
78 77
81 79
79 82
79 83
82 84
84 83
83 85
83 77
85 80
85 77
80 86
86 77
77 43
77 87
77 88
77 89
77 90
77 91
77 92
77 93
77 4
43 94
94 87
87 88
87 44
88 95
95 89
89 50
89 44
50 90
50 44
50 91
90 44
44 91
44 92
91 92
91 45
92 96
96 93
93 45
93 54
45 4
45 47
45 97
45 54
45 98
4 47
4 54
47 97
97 54
54 98
98 99
