0 1
0 2
1 2
2 3
3 4
4 5
5 6
6 7
6 8
7 9
7 10
7 11
9 12
12 13
13 14
13 15
13 16
14 15
15 17
15 16
15 18
15 19
15 20
17 16
17 21
16 22
16 23
22 24
22 18
24 25
24 26
25 18
18 26
18 21
18 27
18 28
18 29
26 30
30 31
30 32
30 33
30 34
31 35
35 36
35 37
35 38
35 39
35 21
35 40
35 34
35 11
36 41
41 42
41 21
42 37
37 43
37 8
43 8
43 11
8 23
23 44
44 45
45 46
46 47
46 48
46 49
46 50
47 51
47 48
47 49
47 52
51 48
51 49
48 49
48 50
49 52
49 50
52 50
50 53
50 10
53 54
54 38
38 39
38 21
39 55
39 56
39 57
39 34
39 58
55 21
21 59
21 60
21 61
21 62
21 29
21 11
59 27
27 63
27 40
27 62
63 64
64 65
65 66
65 29
66 19
66 29
19 20
19 67
67 68
67 29
68 69
69 70
70 32
32 71
32 29
71 33
33 60
60 61
61 40
40 56
40 72
40 11
56 62
62 73
62 11
73 74
73 75
73 76
73 77
74 75
75 78
75 79
75 80
78 76
78 79
76 79
76 81
76 80
79 82
82 83
82 84
82 81
83 84
83 81
81 85
85 80
80 86
86 87
86 77
87 77
87 10
77 72
72 88
72 29
72 11
88 89
89 57
57 28
57 29
57 11
28 90
28 29
28 11
90 29
29 91
29 11
91 10
10 34
10 11
34 11
11 58
11 92
11 93
58 94
58 93
94 95
95 96
96 92
92 93
93 97
97 98
98 99
