0 1
1 2
1 3
1 4
1 5
1 6
2 3
3 7
3 4
3 5
7 8
7 4
8 9
8 10
9 11
9 10
11 12
11 10
11 13
11 5
12 10
10 14
10 15
14 16
14 4
14 17
14 18
14 19
14 20
14 21
14 5
14 22
14 6
16 23
16 21
16 24
16 25
16 26
16 5
16 6
16 27
23 4
4 28
4 29
4 20
4 15
4 30
4 26
4 5
4 6
28 31
28 6
28 32
31 33
33 34
34 35
34 26
35 36
35 5
36 37
37 38
37 39
37 40
38 39
38 6
39 41
39 42
42 40
40 43
43 44
43 20
43 6
44 45
45 46
45 18
46 47
47 48
48 49
49 17
17 50
17 51
17 52
17 53
17 54
17 55
17 56
17 57
17 29
17 58
17 15
17 59
17 25
17 60
17 61
17 62
17 26
17 32
50 63
63 64
64 65
64 66
64 53
64 54
64 67
65 51
51 66
51 54
51 67
51 68
51 69
51 21
66 52
66 53
66 54
66 55
66 58
66 70
66 21
66 5
52 53
52 54
52 67
52 5
53 71
53 54
53 55
53 72
53 58
53 70
71 54
54 55
54 58
54 73
54 68
54 69
54 70
54 62
54 5
55 18
55 19
55 20
55 67
55 68
55 21
55 5
55 6
18 74
18 56
18 30
18 26
74 67
56 75
56 76
75 76
76 77
77 78
78 79
79 80
80 81
80 82
80 21
81 83
83 84
84 57
57 85
57 82
57 5
85 86
86 87
86 5
87 82
82 19
82 20
19 29
19 20
19 72
19 26
19 6
29 20
29 5
20 72
20 60
20 88
20 30
20 26
72 58
58 67
58 68
58 69
58 5
67 73
67 70
73 68
73 5
68 89
68 70
89 69
69 70
70 21
70 5
21 90
21 60
21 62
21 91
21 32
90 24
90 5
24 92
92 15
15 59
15 62
15 5
15 6
59 93
93 25
25 60
25 6
60 61
60 88
61 88
88 30
88 26
30 13
30 6
13 94
13 95
94 95
95 96
96 97
97 62
62 26
62 5
26 5
26 6
5 98
5 91
91 22
22 6
6 27
6 32
27 32
32 99
