0 1
1 2
1 3
2 4
2 5
2 6
2 7
2 8
2 9
2 10
2 11
2 12
4 3
3 13
3 14
3 15
3 16
3 17
3 18
3 19
3 20
3 5
3 6
3 21
3 7
3 8
3 9
3 22
3 23
3 12
3 24
13 25
13 15
25 14
25 15
14 15
14 26
15 27
15 28
27 29
29 30
29 31
30 32
32 33
32 34
32 35
33 36
36 26
36 37
26 31
26 16
31 34
34 16
16 38
38 39
39 40
39 41
40 17
17 42
17 43
42 18
18 19
18 43
19 44
19 45
19 46
45 47
47 20
20 5
5 48
48 49
49 50
49 51
49 52
50 51
50 53
50 52
51 53
53 54
53 55
53 52
53 12
54 6
54 56
54 52
6 21
6 52
6 43
6 37
21 57
21 7
21 8
21 35
21 43
21 11
21 58
21 59
57 28
57 41
28 60
60 61
60 7
61 55
61 52
55 7
55 8
55 52
7 62
7 56
7 41
62 63
62 52
63 64
63 52
63 22
64 65
64 66
65 66
66 67
66 52
66 58
66 68
67 56
67 37
56 8
56 35
8 69
8 70
69 71
71 35
35 72
35 70
72 46
72 43
72 22
72 58
72 68
46 73
73 74
74 9
9 41
9 58
41 75
41 76
41 52
75 77
75 78
77 79
79 76
76 80
76 78
80 81
80 78
80 58
81 82
82 83
83 78
83 43
78 84
78 43
78 85
78 58
84 86
84 43
84 58
84 68
86 52
86 22
86 58
52 87
52 43
52 22
52 88
52 58
52 68
52 70
52 12
87 43
87 22
43 89
43 22
43 85
43 10
43 11
43 88
43 58
43 90
43 68
43 59
89 22
22 85
22 10
22 58
22 91
85 37
37 10
37 68
10 92
10 88
10 58
92 11
92 88
92 12
92 59
92 93
11 88
88 23
88 58
88 68
88 12
23 58
58 90
58 68
90 68
68 91
91 70
70 94
94 12
93 95
95 24
24 96
24 97
96 98
98 97
97 99
