0 1
0 2
0 3
0 4
0 5
0 6
1 7
1 8
1 3
1 4
1 9
1 10
1 11
1 12
1 5
1 6
1 13
1 14
7 8
7 2
7 15
7 6
8 2
8 15
8 13
8 16
8 17
2 3
2 4
2 12
2 18
2 5
2 6
2 17
3 4
3 12
3 5
3 6
3 14
4 9
4 19
4 15
4 20
4 5
4 21
4 6
9 19
9 22
19 23
19 18
19 6
19 14
19 24
19 25
19 26
19 27
19 17
23 15
23 6
15 10
15 6
10 28
10 29
28 30
28 31
28 32
28 12
28 18
28 29
30 33
30 20
30 12
30 18
33 34
33 31
34 35
34 20
34 31
34 36
34 37
34 38
34 18
35 39
35 40
39 41
41 42
41 12
42 43
42 32
42 12
42 18
42 44
42 29
42 45
43 46
43 20
43 37
43 47
43 44
43 48
46 20
46 36
46 18
20 49
20 37
20 50
20 51
20 52
20 53
20 47
49 31
49 32
49 12
31 54
31 55
31 56
31 18
54 57
57 58
58 55
55 56
56 59
56 36
59 36
36 60
36 37
36 61
36 50
36 51
36 18
60 37
60 50
60 62
60 63
60 38
60 18
37 61
37 50
37 12
37 18
61 50
61 18
50 62
50 63
50 64
50 12
50 18
50 5
62 51
62 63
62 64
51 63
51 11
51 32
51 12
51 18
63 64
64 65
65 66
65 11
66 67
66 11
67 38
67 18
38 68
38 69
38 70
68 11
68 32
11 71
11 29
71 72
72 73
73 32
73 74
32 40
32 75
32 47
32 44
32 76
32 70
40 12
12 52
12 77
12 53
12 29
12 78
12 70
12 79
52 80
80 75
75 18
18 81
18 53
18 47
18 29
18 70
18 16
18 17
81 82
82 83
83 84
84 85
85 86
86 69
69 87
69 77
87 77
87 88
77 53
53 47
53 44
47 89
47 44
89 74
74 90
74 45
90 91
91 44
91 45
44 92
44 93
44 29
44 48
44 94
92 93
93 29
29 48
48 45
45 88
88 94
94 78
78 76
76 70
76 5
70 5
5 21
21 6
6 13
6 95
6 22
6 26
6 27
6 17
13 95
13 24
13 22
13 25
13 26
95 14
95 27
14 24
14 22
14 16
14 17
24 22
24 25
24 26
22 25
22 16
25 26
26 16
16 96
96 27
27 17
17 97
97 98
98 99
99 79
