0 1
1 2
1 3
1 4
1 5
1 6
1 7
1 8
1 9
1 10
1 11
1 12
1 13
1 14
1 15
1 16
1 17
1 18
1 19
1 20
1 21
1 22
1 23
1 24
1 25
1 26
1 27
2 3
3 4
3 6
3 28
3 13
3 19
3 20
3 21
3 22
3 29
3 30
3 25
3 27
4 5
4 6
4 19
5 31
5 6
5 32
5 7
5 33
5 12
5 13
5 34
5 20
5 21
5 22
5 23
5 35
5 36
5 37
5 38
5 39
5 40
5 25
5 26
5 27
5 41
31 6
31 19
6 32
6 11
6 33
6 12
6 42
6 43
6 28
6 13
6 44
6 21
6 22
6 29
6 45
6 46
6 39
6 24
6 25
6 27
6 47
32 48
32 7
32 8
32 9
32 49
32 50
32 51
32 52
32 19
48 7
7 8
7 9
7 49
7 51
7 19
8 53
8 54
8 50
53 9
53 49
53 51
9 54
9 50
9 19
54 49
54 50
54 51
49 50
50 51
51 55
55 56
55 57
56 58
58 59
59 10
59 33
10 57
10 19
57 60
57 61
60 61
61 62
62 63
63 11
63 18
63 39
11 33
11 19
33 12
33 19
12 42
12 64
12 19
42 43
42 28
42 13
43 64
43 19
28 13
28 65
13 66
13 67
13 19
13 68
66 69
66 52
66 70
66 71
69 52
52 72
52 44
52 73
52 74
52 23
52 75
52 35
52 76
52 37
52 77
52 24
52 41
72 44
44 73
44 75
73 78
78 34
34 79
79 80
80 81
80 22
81 67
67 74
74 64
64 82
82 14
82 68
14 15
15 16
16 83
16 19
83 17
17 84
84 85
85 86
86 87
87 18
18 88
18 19
88 89
89 90
90 91
91 92
92 93
93 94
94 19
19 20
19 22
19 29
19 95
19 25
20 96
20 25
96 21
21 22
21 65
22 70
22 25
70 97
70 95
97 68
68 23
68 29
68 95
23 65
23 35
23 40
65 75
65 40
65 24
75 35
35 29
35 77
35 40
35 24
35 27
35 47
35 41
29 98
98 36
36 71
71 76
71 26
71 41
37 45
45 95
95 38
38 46
46 39
39 99
99 30
99 40
30 77
30 40
30 27
77 40
40 24
40 27
24 25
25 26
25 27
26 27
27 47
47 41
