0 1
0 2
1 3
1 4
3 5
5 6
5 7
6 8
8 9
9 7
7 10
10 11
11 12
12 13
13 14
14 15
15 16
15 17
15 4
16 18
18 2
2 19
2 20
2 21
2 22
2 23
2 24
2 25
2 26
19 27
27 28
27 20
27 29
28 20
20 21
20 29
21 29
29 30
30 31
30 17
31 17
17 32
32 33
32 34
33 34
34 35
34 36
35 37
37 38
37 39
38 40
38 41
40 42
41 36
36 43
36 42
43 44
44 45
45 46
45 42
46 42
42 47
42 48
47 39
39 49
49 48
48 50
50 22
22 51
51 52
52 53
53 54
53 23
54 23
23 24
23 55
24 56
24 25
24 57
24 58
56 59
56 60
59 61
61 55
61 60
55 25
25 60
60 57
57 58
58 62
62 63
63 64
64 65
65 66
66 67
67 68
68 69
69 70
70 71
71 72
72 73
73 26
26 74
74 75
75 4
4 76
4 77
4 78
4 79
76 77
77 78
78 80
80 81
81 82
82 83
83 84
83 85
84 86
84 87
86 88
86 89
86 85
86 79
88 90
90 89
89 91
89 92
89 93
91 92
92 93
93 94
94 95
95 96
95 97
97 98
98 85
85 99
85 79
85 87
99 79
79 87
