0 1
1 2
2 3
3 4
3 5
4 6
4 7
4 8
6 5
5 9
5 10
9 11
9 7
9 12
9 8
11 13
11 14
14 15
15 16
15 10
16 17
16 18
17 19
19 20
20 21
21 22
22 23
22 24
22 25
22 26
22 10
23 27
27 28
28 29
29 30
30 31
31 32
31 10
31 8
32 24
32 33
24 25
24 10
25 33
25 34
33 35
33 10
35 26
35 36
26 36
36 37
37 38
38 18
18 39
39 34
34 40
34 41
34 10
34 7
34 8
40 41
40 8
41 42
41 10
41 7
42 43
43 10
43 7
10 44
10 45
10 8
10 46
10 47
44 48
48 49
48 7
48 8
49 50
49 51
50 7
50 8
7 12
7 52
7 53
7 54
7 46
7 55
12 56
12 57
12 8
56 57
56 8
57 58
57 52
57 51
58 59
59 60
59 51
60 61
61 62
62 63
63 64
64 52
52 51
51 65
65 66
66 45
45 67
67 68
68 69
68 70
68 8
69 71
69 70
71 70
71 8
70 72
70 73
73 53
53 74
74 75
74 76
75 76
76 77
77 54
54 78
54 79
54 8
78 79
79 8
8 46
8 47
46 80
46 81
80 82
80 47
82 81
81 47
47 83
83 84
84 55
84 85
84 86
55 87
55 85
55 88
87 89
89 85
89 90
85 88
88 86
86 91
91 92
91 90
92 93
92 94
92 95
92 90
93 96
96 97
97 98
98 94
98 95
95 90
90 99
