0 1
1 2
1 3
3 4
3 5
4 6
4 7
4 8
4 9
4 10
4 5
7 8
8 9
9 11
11 12
12 13
12 14
12 15
12 16
12 17
12 18
12 19
12 20
12 21
12 22
13 23
23 24
23 25
24 26
26 27
27 28
27 29
28 30
28 29
28 31
28 10
30 29
29 32
29 31
29 10
29 33
29 34
32 35
32 31
35 36
36 37
37 38
38 39
39 31
31 40
31 14
31 10
31 33
31 41
31 18
14 42
14 15
14 10
14 34
42 43
43 44
43 45
43 46
43 47
44 48
44 10
44 46
48 15
15 49
15 18
49 50
50 51
50 52
51 10
51 45
10 53
10 54
10 55
10 41
10 56
10 57
10 58
10 59
10 60
10 18
10 19
10 20
10 21
10 61
10 46
53 54
53 55
53 5
54 62
62 55
55 63
55 16
63 16
16 45
16 64
16 65
16 46
45 25
45 56
45 66
45 5
45 67
45 64
45 46
25 33
33 41
33 56
33 68
41 69
69 70
69 71
69 72
69 73
69 56
69 74
69 75
69 66
70 71
70 72
70 73
71 72
71 73
71 74
71 75
72 76
72 73
72 74
72 77
72 75
76 73
73 78
73 56
73 74
73 77
73 75
73 66
78 79
79 80
80 34
80 5
34 56
34 60
34 21
56 74
56 64
56 65
56 68
74 77
74 75
77 75
75 66
66 57
66 68
57 58
57 65
58 81
81 59
59 60
60 82
60 68
82 83
82 84
83 84
84 85
85 86
85 5
5 87
5 88
88 89
89 17
89 64
17 67
67 90
67 64
90 91
90 19
90 52
90 21
91 18
18 92
18 64
18 93
92 19
92 52
92 94
92 95
92 64
92 93
19 20
19 52
19 94
19 95
19 64
20 52
20 64
52 96
52 64
52 93
96 94
94 95
94 64
95 64
64 97
64 21
64 61
64 47
97 93
93 21
21 98
21 65
98 99
99 65
65 61
65 46
61 46
46 47
46 22
47 22
22 68
