0 1
1 2
1 3
1 4
1 5
2 6
2 3
2 5
6 3
6 5
6 7
3 4
3 5
4 5
5 7
7 8
8 9
9 10
10 11
11 12
11 13
11 14
12 15
15 16
15 17
15 13
15 18
15 19
15 14
16 17
16 13
16 18
16 14
17 13
17 14
13 20
20 21
20 22
20 23
20 19
20 14
21 24
24 25
24 26
24 14
25 26
25 22
25 19
25 14
26 27
26 22
26 28
26 14
27 29
27 22
29 30
30 31
31 32
31 33
33 34
34 35
34 36
36 37
36 38
37 39
37 40
39 41
41 42
42 43
43 44
43 45
44 45
45 46
46 47
47 48
48 49
48 14
49 50
49 51
50 22
50 52
22 53
22 54
22 55
22 56
22 28
22 57
22 58
22 59
22 60
22 23
22 61
22 62
22 63
22 64
22 65
22 19
22 66
22 67
22 14
54 68
54 69
68 70
70 69
69 55
55 51
55 19
51 56
56 28
56 19
56 14
28 57
28 19
28 66
28 14
57 71
57 19
57 14
71 72
72 58
58 18
58 19
18 59
59 52
52 60
60 73
60 14
73 23
73 63
73 14
23 61
23 19
23 14
61 74
61 19
74 75
74 62
74 76
74 77
74 19
74 14
62 63
63 78
63 77
63 40
78 64
78 76
78 14
64 76
64 19
64 14
76 79
76 77
76 80
79 77
77 81
77 82
77 14
81 82
82 83
83 80
80 84
80 85
85 86
86 87
86 88
87 88
88 89
89 90
90 65
65 19
65 14
19 66
19 91
66 91
66 14
91 92
91 14
92 93
93 94
94 95
95 96
96 97
97 98
98 38
38 67
67 40
40 14
14 99
