0 1
0 2
1 3
3 4
4 2
2 5
2 6
2 7
5 8
8 9
9 10
10 11
11 12
12 13
13 14
14 15
14 16
15 17
15 18
17 18
17 19
18 20
18 19
20 19
19 21
21 16
16 22
22 23
22 24
23 24
24 25
25 26
26 27
27 28
28 29
28 30
28 31
28 32
28 33
29 34
34 35
35 36
36 37
37 38
38 39
38 40
39 6
6 41
41 42
42 7
7 43
43 44
44 45
44 40
45 46
46 47
47 48
47 49
48 50
48 49
48 40
50 49
49 40
40 51
51 52
52 53
53 54
54 55
54 56
55 57
57 56
56 58
58 59
59 60
60 61
61 62
61 63
62 64
62 63
64 63
63 65
65 66
66 67
66 30
66 68
67 69
69 70
69 71
70 71
71 72
71 32
71 73
72 74
74 75
74 31
74 76
75 77
77 30
30 78
30 76
78 79
79 80
79 76
80 68
80 81
80 82
68 83
83 84
83 76
84 85
84 81
85 86
85 87
85 32
85 33
86 88
86 81
86 76
88 81
81 89
81 90
81 91
81 82
81 76
89 92
92 87
92 91
87 93
93 94
94 90
94 76
90 95
90 91
95 91
91 82
82 31
82 76
31 32
31 76
32 96
32 76
96 73
96 33
73 76
76 97
76 33
76 98
97 99
99 33
33 98
