0 1
0 2
0 3
1 4
1 5
4 2
2 5
2 6
5 6
5 3
6 7
6 3
7 8
8 9
8 3
9 10
10 11
11 12
11 13
11 14
11 15
11 16
12 17
17 18
17 19
18 20
20 21
20 22
20 16
21 13
21 22
21 16
21 23
21 24
13 25
13 26
13 27
13 28
13 16
13 23
13 24
25 29
25 23
25 24
29 30
29 16
29 23
30 31
31 14
14 26
14 19
14 16
26 32
26 27
26 22
26 33
26 34
26 35
26 36
26 37
26 38
32 27
32 16
27 39
27 33
27 34
27 40
27 41
27 42
27 43
27 44
27 38
39 15
39 45
39 46
15 47
15 48
15 45
15 49
15 50
15 51
15 52
15 46
15 16
15 34
47 53
47 49
47 51
53 54
53 45
53 50
54 48
54 55
54 56
54 49
54 51
48 57
48 58
48 49
48 50
57 55
57 45
57 59
55 60
55 58
55 61
60 45
45 62
45 56
45 63
45 64
45 58
45 61
45 49
45 51
45 52
45 59
62 56
56 63
56 61
56 49
56 59
63 65
63 66
65 64
65 66
65 58
65 67
65 61
64 66
64 51
66 58
58 68
58 24
68 67
67 69
67 61
61 70
70 49
49 50
49 51
50 51
51 52
52 59
59 71
71 28
28 72
72 46
46 73
46 74
46 75
46 33
46 76
46 77
46 35
46 36
46 78
46 41
73 22
73 16
73 24
22 74
22 19
22 16
22 77
22 79
74 19
74 16
74 23
19 80
19 81
19 33
19 82
19 83
80 81
81 75
81 16
81 23
75 16
16 33
16 76
16 77
16 34
16 79
16 24
16 37
33 23
33 24
23 76
23 77
23 78
76 82
82 77
77 34
34 35
34 83
34 41
35 83
35 78
35 24
83 79
83 36
79 36
36 84
36 78
84 78
78 85
78 24
85 40
40 41
41 86
41 24
86 42
86 24
42 24
24 43
24 37
43 87
87 37
37 88
37 3
88 89
88 90
89 91
89 3
91 3
3 92
92 44
44 93
93 94
94 95
95 96
95 90
96 90
90 97
97 98
98 99
99 38
