0 1
1 2
1 3
1 4
1 5
1 6
1 7
1 8
1 9
1 10
1 11
1 12
12 13
12 14
12 15
13 14
13 16
14 17
14 18
14 19
17 20
20 16
16 21
21 18
18 15
18 22
18 23
15 24
15 23
24 25
24 22
22 23
23 26
26 19
19 27
27 28
27 29
28 30
28 31
30 32
32 33
33 31
31 34
31 29
34 35
35 36
36 37
37 38
38 39
39 40
40 41
41 42
42 43
42 44
44 45
45 46
45 47
46 47
47 48
48 49
49 50
50 51
50 52
51 53
51 54
51 29
53 55
55 56
55 54
55 29
56 57
56 54
57 54
57 29
57 58
54 59
54 60
54 61
54 62
54 29
54 63
59 64
59 60
59 29
64 60
60 61
60 29
61 52
61 62
61 65
61 29
52 62
52 29
62 65
62 29
65 29
29 66
29 67
29 68
29 69
66 58
58 70
58 71
58 72
58 73
58 74
70 71
71 75
75 72
75 73
72 76
72 73
76 73
73 74
74 77
77 78
78 67
67 79
79 80
80 81
81 82
82 83
83 84
84 85
85 86
86 68
68 87
68 88
87 69
87 89
87 90
87 91
87 88
87 63
69 92
69 88
92 93
92 89
92 94
92 95
92 90
93 89
93 95
89 94
94 95
94 88
95 90
90 91
90 88
90 96
91 88
88 96
88 97
96 98
96 97
98 63
63 97
97 99
