0 1
1 2
1 3
1 4
1 5
1 6
1 7
1 8
1 9
2 10
2 11
10 12
12 13
12 14
12 11
12 15
13 16
13 17
13 18
13 19
13 20
16 21
16 22
21 23
21 24
21 18
21 15
21 20
21 25
21 26
21 22
21 27
21 6
21 28
23 14
14 24
14 3
14 4
14 29
14 30
14 27
14 31
14 6
14 32
14 7
14 9
14 33
14 34
14 35
24 17
24 11
24 15
24 36
17 37
17 38
17 11
37 39
37 38
37 15
37 22
39 40
40 18
18 38
18 15
38 3
38 15
38 41
38 19
38 25
38 9
3 11
3 15
11 4
11 20
11 27
11 42
11 36
11 9
11 33
4 15
15 43
15 19
15 20
15 26
15 22
15 44
15 9
43 45
43 29
45 41
45 22
41 46
41 19
19 20
19 22
20 47
20 22
47 25
25 26
25 22
26 22
22 48
22 44
22 27
22 28
48 29
29 49
29 30
49 50
50 30
30 44
44 5
5 27
27 51
27 52
27 31
51 52
51 31
52 53
52 31
52 54
53 31
53 54
31 54
31 42
54 6
6 32
32 55
55 56
56 57
57 58
58 28
28 59
59 60
59 42
60 7
7 61
61 62
62 42
42 63
63 64
64 65
65 8
8 36
36 66
36 9
66 67
67 68
68 69
69 9
9 70
70 71
71 72
72 73
73 74
74 75
74 76
74 33
75 77
75 78
77 79
79 80
79 33
80 76
76 81
76 33
76 82
81 33
33 82
33 83
33 84
33 85
33 86
33 87
33 88
83 89
89 90
90 91
91 84
84 85
85 92
92 93
93 34
34 94
94 95
95 96
96 35
35 86
86 78
78 87
87 88
88 97
88 98
97 98
98 99
