0 1
0 2
0 3
0 4
0 5
0 6
1 7
1 2
1 3
1 4
1 8
1 5
1 9
1 10
1 6
7 11
7 2
7 4
7 8
7 5
11 12
11 13
11 2
11 3
11 4
11 5
12 13
12 3
12 4
12 8
12 5
12 9
12 14
13 2
13 3
13 4
13 5
2 15
2 4
2 5
2 9
2 16
2 6
15 3
15 5
3 4
3 8
4 8
8 5
8 17
8 18
5 19
5 20
5 21
19 20
19 9
20 21
21 9
21 17
9 22
22 23
23 24
24 25
25 26
25 6
26 27
27 28
27 29
27 10
28 29
28 10
29 30
30 31
30 32
31 33
31 34
33 35
35 36
36 37
37 38
38 34
38 10
34 39
34 40
34 41
34 42
34 43
34 44
34 45
34 46
34 32
39 40
40 41
40 47
40 42
40 16
40 17
40 6
41 47
41 17
41 6
47 48
47 49
47 50
47 46
47 51
48 52
52 53
53 54
54 55
54 16
54 56
55 57
55 58
55 32
57 59
57 16
57 56
57 17
59 60
60 14
14 61
14 62
14 16
61 63
61 58
61 18
61 32
63 64
63 62
63 65
63 16
64 66
64 17
64 6
66 67
66 68
66 49
67 68
68 49
68 16
49 69
49 16
49 32
49 6
69 58
69 16
69 10
69 17
58 70
58 16
58 17
58 18
58 32
70 50
70 10
70 17
70 18
70 32
50 42
50 17
42 71
42 72
42 46
42 62
42 16
42 17
42 32
42 6
71 73
71 74
71 16
71 6
73 72
73 17
72 74
72 10
72 32
74 43
43 44
43 75
43 16
43 10
44 75
44 16
44 10
44 56
75 45
45 46
46 76
46 56
76 77
77 62
77 16
77 6
62 51
62 16
62 18
62 32
62 6
51 65
65 78
78 16
16 79
16 6
79 10
79 17
10 80
10 81
10 17
80 56
56 81
81 17
17 82
17 32
17 83
82 18
82 32
18 84
18 32
84 32
32 85
85 6
6 86
86 87
87 88
88 89
89 90
89 83
90 91
90 92
90 93
91 94
94 95
95 83
95 92
95 96
83 97
97 98
98 92
92 96
92 93
96 93
93 99
