0 1
0 2
1 3
1 4
1 5
1 6
3 4
3 7
3 8
3 9
4 10
10 11
11 12
11 13
11 5
11 2
12 7
7 14
7 15
7 16
7 17
7 18
14 19
14 20
14 5
19 21
19 9
21 22
21 23
23 24
23 25
24 26
24 5
24 27
26 28
26 5
26 25
28 29
28 30
28 5
30 31
30 13
30 5
31 13
13 32
13 2
32 33
32 34
32 35
32 2
33 34
34 15
34 36
34 37
34 9
34 38
15 20
15 5
20 39
20 36
20 40
20 41
20 18
20 42
20 27
36 43
36 37
36 9
43 44
43 37
43 16
43 45
43 46
44 37
37 16
37 9
37 45
37 46
37 41
37 47
37 18
16 48
16 5
16 9
5 49
5 18
5 25
5 27
5 50
49 51
49 25
51 52
52 40
40 53
53 54
54 8
8 17
17 9
9 45
9 18
9 38
9 55
9 42
9 56
9 27
9 57
45 46
45 25
46 41
41 47
47 18
18 25
18 57
25 58
58 59
58 35
58 2
59 60
59 57
60 35
35 61
61 62
62 38
38 63
63 6
6 2
2 55
2 64
55 65
65 66
66 67
67 68
67 69
68 70
68 71
68 69
70 72
70 69
72 73
72 71
72 74
72 75
72 56
72 76
73 71
71 77
71 78
77 79
79 80
80 42
42 81
81 69
69 74
69 82
69 75
74 64
64 78
64 83
78 83
83 82
83 84
83 85
83 86
82 87
82 88
82 89
82 90
82 56
87 84
87 89
87 90
84 91
84 92
84 86
84 93
92 85
92 94
92 75
92 56
85 94
85 86
85 88
85 89
85 56
85 93
85 76
94 86
94 89
94 90
94 56
94 93
86 75
86 56
86 76
75 88
75 93
75 95
88 96
96 97
96 89
97 98
97 89
98 89
89 90
89 56
90 56
56 93
93 76
76 95
95 27
27 57
57 50
50 99
