0 1
0 2
0 3
1 4
1 5
1 6
1 7
4 8
4 2
4 5
8 9
8 5
9 10
10 2
2 11
2 12
2 13
2 14
2 15
2 16
2 17
2 18
2 19
11 20
20 21
20 5
20 22
20 3
20 23
21 24
21 5
21 3
24 12
12 5
5 25
5 26
5 27
5 13
5 28
5 22
5 3
5 29
5 30
5 31
5 17
5 6
5 32
25 33
33 26
26 27
26 19
27 34
34 13
34 35
13 36
13 35
13 3
35 37
35 38
37 39
39 40
40 41
41 42
42 43
43 44
43 45
44 45
44 46
44 47
45 46
45 48
45 22
46 49
46 50
46 51
49 52
52 53
52 54
52 22
53 54
54 55
55 56
56 57
56 48
57 14
57 48
57 58
14 48
48 58
48 22
48 59
48 60
58 61
58 62
61 28
61 22
61 3
61 38
61 63
61 59
61 51
61 64
28 22
22 65
22 66
22 38
22 63
22 59
22 62
22 47
22 60
65 66
66 3
66 63
3 38
3 59
38 63
38 62
63 67
63 29
63 64
63 17
63 68
67 69
69 70
70 15
15 59
59 71
59 62
71 72
72 62
62 29
62 64
29 73
29 17
73 47
73 74
47 30
30 23
23 31
31 50
50 16
50 51
50 19
16 51
51 75
51 74
75 64
64 17
64 74
17 76
76 18
18 6
6 7
7 19
19 74
74 77
77 78
78 79
78 60
78 32
79 80
80 81
80 82
81 83
81 82
83 82
82 84
82 60
84 60
60 85
85 86
86 32
32 87
87 88
87 89
87 90
87 91
88 89
89 68
89 92
89 93
89 91
68 94
68 90
68 91
94 90
94 95
94 91
94 96
90 97
90 98
90 91
97 95
95 99
95 96
99 98
98 92
92 93
93 91
91 96
