0 1
0 2
0 3
1 4
1 5
1 6
1 7
1 8
1 9
1 10
1 11
1 12
1 13
1 14
4 5
4 3
5 15
5 16
5 17
5 2
5 3
5 18
5 19
15 20
15 21
15 2
15 22
15 23
15 3
15 18
20 24
20 25
20 7
24 21
21 26
21 25
21 27
21 17
21 2
21 28
21 29
21 30
21 31
21 23
21 32
21 12
21 19
26 16
26 3
16 33
16 34
16 23
16 3
16 19
33 25
33 23
33 3
25 27
25 2
25 35
25 36
25 23
25 3
25 37
27 17
27 23
27 3
27 18
17 38
17 7
17 2
17 39
17 29
17 23
17 32
17 3
17 12
17 18
38 6
6 7
6 2
6 39
6 23
6 32
6 3
6 12
6 18
7 2
7 22
7 23
7 3
7 18
2 8
2 23
2 32
2 12
2 18
2 40
8 35
8 3
8 18
35 28
35 39
35 41
35 42
35 32
35 43
35 44
35 45
35 46
35 47
28 22
28 18
22 39
22 29
22 48
39 3
39 18
29 49
29 23
29 3
29 18
49 50
50 51
50 3
51 41
41 52
41 3
41 18
52 53
52 3
52 45
52 19
52 37
53 54
53 34
53 23
53 55
53 45
53 19
54 34
54 45
34 56
34 57
34 45
34 19
57 9
9 58
9 3
58 59
59 60
60 61
61 62
62 63
62 18
63 64
64 65
64 66
65 67
65 66
67 66
66 42
42 36
36 30
36 32
30 68
68 69
69 31
69 23
69 19
31 23
31 3
31 19
23 32
23 3
23 12
23 19
23 70
23 71
23 72
23 40
32 73
73 74
73 43
74 43
43 10
10 75
10 76
75 76
75 77
76 78
76 77
76 3
78 11
11 3
11 45
11 19
77 79
79 3
3 80
3 81
3 12
3 82
3 44
3 13
3 83
3 40
3 84
80 85
85 86
86 87
86 37
87 88
87 89
87 13
88 81
81 19
81 37
12 18
18 90
90 82
82 55
55 44
55 19
44 45
45 91
45 19
45 89
45 92
45 46
91 19
19 70
19 89
19 13
19 71
19 37
70 93
93 89
89 13
13 71
71 92
92 46
46 47
47 14
47 37
14 94
14 83
94 37
37 72
72 83
83 95
95 96
96 97
97 40
40 84
84 98
98 48
48 99
