0 1
1 2
2 3
3 4
3 5
3 6
3 7
3 8
4 9
4 5
4 10
4 11
4 12
4 13
9 5
5 10
5 7
5 13
5 14
10 15
10 6
10 7
15 6
15 8
6 16
6 17
16 11
16 8
11 18
18 19
19 20
20 21
21 7
21 22
7 23
7 22
7 12
7 13
23 17
17 24
17 22
17 13
17 8
24 22
22 12
22 8
12 13
13 25
25 8
8 26
26 27
27 28
27 29
28 30
28 29
30 31
31 32
32 33
32 34
32 14
32 29
32 35
33 34
33 36
34 36
36 14
14 29
14 37
29 38
38 39
38 35
39 40
39 41
39 42
39 43
39 44
40 35
40 37
35 45
35 41
35 46
35 47
35 48
35 49
45 50
50 51
51 52
51 53
52 54
52 42
52 55
54 41
54 44
54 37
41 46
41 56
46 57
57 58
58 59
58 37
59 60
60 42
42 61
42 44
61 62
61 44
62 63
63 64
64 65
65 66
66 67
67 68
68 69
68 70
68 71
68 37
69 72
72 73
72 70
72 71
73 74
73 70
73 71
74 70
74 44
70 75
70 47
75 55
55 71
71 47
47 48
48 76
48 77
48 78
48 56
48 79
48 49
76 80
76 49
80 81
81 82
82 77
82 83
82 56
82 49
77 83
77 49
83 78
78 56
79 49
79 53
79 37
49 84
84 85
84 53
85 86
85 53
86 87
86 53
87 88
87 89
89 90
90 53
53 91
91 92
92 43
43 93
43 44
44 94
44 95
94 96
96 97
97 95
95 37
37 98
98 99
