0 1
0 2
0 3
1 2
2 4
2 5
2 3
2 6
2 7
4 8
8 9
8 10
9 11
9 12
9 13
11 14
12 15
15 5
15 16
5 3
3 6
3 17
6 18
18 19
19 20
20 21
20 22
20 23
20 24
21 22
22 25
25 17
17 26
26 27
27 28
28 29
28 30
29 31
31 23
23 32
32 33
32 10
33 34
33 35
34 36
36 37
37 13
13 38
13 10
38 14
14 39
14 40
14 41
14 42
14 24
14 30
14 35
14 10
14 43
14 44
14 45
39 46
39 47
39 48
39 49
39 16
39 50
39 51
39 35
39 10
39 43
46 47
47 52
47 49
47 16
47 50
47 51
47 43
52 53
52 16
53 54
54 55
55 56
55 40
55 16
56 57
57 40
40 48
40 51
40 10
40 43
48 49
48 50
49 58
49 50
58 16
16 59
16 50
16 51
16 30
16 35
59 50
59 51
59 10
59 43
50 60
50 10
50 43
60 51
60 10
51 41
41 7
41 35
41 10
41 43
7 61
7 42
61 42
61 43
42 62
62 63
62 64
63 64
63 65
63 35
64 66
64 67
64 65
64 68
66 67
67 65
65 68
68 69
68 45
69 24
69 45
24 30
30 70
70 35
35 71
35 72
35 44
71 73
71 74
74 75
74 43
75 10
75 43
10 76
10 77
10 78
10 72
10 44
10 45
76 79
76 80
76 81
76 82
79 83
79 82
83 84
83 85
84 86
84 81
84 85
84 87
84 88
84 89
84 90
86 91
86 80
86 81
86 90
91 77
91 80
91 82
77 92
77 80
77 87
77 89
77 43
92 93
93 80
80 94
80 78
80 72
94 81
81 85
81 78
81 95
85 96
85 82
85 89
96 97
97 98
98 87
87 82
87 99
82 78
78 99
78 95
99 88
88 95
95 89
89 90
90 72
72 43
43 44
43 45
44 45
