0 1
0 2
0 3
0 4
0 5
2 3
3 4
4 6
4 7
4 8
4 5
4 9
6 10
6 7
6 11
6 12
10 13
10 8
10 5
10 9
13 14
14 15
14 7
15 16
16 7
16 8
16 9
7 17
7 18
7 19
7 8
7 20
7 21
7 9
7 22
7 11
7 23
7 24
7 25
7 26
17 18
17 27
17 19
18 28
18 29
18 27
18 19
18 20
18 26
18 30
28 29
28 31
28 8
28 9
29 32
29 33
29 34
29 31
29 35
29 19
29 36
29 26
29 30
32 27
32 33
32 31
32 26
27 37
27 38
37 33
33 34
33 31
33 35
33 19
33 39
33 24
33 26
33 30
34 31
31 35
31 19
31 26
35 19
35 8
35 26
19 40
19 26
40 41
41 38
38 8
8 42
8 39
8 20
8 43
8 44
8 45
8 46
8 9
8 47
8 22
8 23
8 48
8 49
8 50
8 51
8 52
8 53
8 54
8 24
8 25
8 26
8 30
42 55
42 44
42 56
55 39
55 56
39 57
39 5
39 26
57 20
20 58
20 59
20 60
20 9
20 25
20 26
58 61
58 62
58 45
58 63
58 64
58 65
58 66
58 51
58 52
58 25
61 62
62 59
62 25
59 67
59 43
59 68
59 45
59 46
59 49
59 50
59 66
59 52
59 69
59 25
67 63
67 49
43 70
70 71
71 68
68 44
68 72
68 56
44 45
44 63
45 73
45 72
45 51
45 25
73 63
63 64
63 46
46 60
46 74
46 25
60 75
60 65
60 76
60 52
60 53
60 77
75 78
78 65
65 79
65 80
65 72
65 76
65 56
79 36
36 81
36 5
81 82
81 23
82 5
5 21
5 22
21 9
9 47
9 22
9 11
9 49
9 50
9 52
9 53
9 24
9 30
47 83
47 80
83 80
80 22
22 84
84 85
85 86
86 87
86 88
87 11
11 89
89 90
90 88
88 12
88 91
91 92
91 93
91 74
92 93
92 74
93 94
93 74
94 74
74 23
48 72
72 95
95 76
76 49
49 50
50 56
56 96
56 53
96 66
66 51
51 52
52 53
52 25
53 77
77 54
54 69
54 24
54 25
24 25
25 97
97 98
98 99
99 26
26 30
