0 1
1 2
1 3
1 4
3 5
3 4
5 6
5 7
5 4
6 7
6 4
7 8
8 9
9 10
9 11
10 12
10 4
10 13
12 14
12 4
12 13
14 15
14 16
14 17
14 13
15 18
15 13
18 19
18 11
18 13
19 20
20 11
11 21
11 16
11 13
21 4
21 16
21 13
4 22
4 16
4 13
22 16
16 23
16 24
16 25
16 17
16 26
23 27
27 28
27 13
28 29
28 30
29 31
31 32
32 33
32 30
30 34
34 35
34 36
35 37
37 38
38 39
39 40
39 41
39 42
39 43
39 44
39 45
40 46
40 42
40 47
46 48
46 41
46 49
46 50
48 51
48 52
48 41
48 49
51 52
51 53
52 53
52 50
53 41
53 49
41 49
41 50
49 50
50 54
50 42
42 55
42 47
55 56
55 57
56 57
56 47
57 58
58 59
59 60
60 61
61 62
62 63
63 64
64 43
43 47
47 24
47 65
24 66
24 44
66 44
44 65
44 45
45 67
45 13
67 25
25 17
25 13
17 68
17 69
68 13
68 70
13 71
13 72
71 73
73 74
74 75
75 76
75 77
76 77
77 78
77 72
77 69
77 70
78 79
79 36
36 80
80 81
81 82
81 83
82 84
82 72
82 70
84 72
72 85
72 86
72 69
72 87
72 83
72 70
85 88
88 86
88 89
86 90
90 91
91 92
92 93
93 94
94 89
89 69
69 87
69 26
87 83
83 70
70 26
26 95
95 96
96 97
96 98
97 98
98 99
