0 1
1 2
1 3
1 4
1 5
1 6
1 7
1 8
1 9
1 10
1 11
1 12
1 13
1 14
1 15
1 16
1 17
1 18
1 19
1 20
1 21
2 3
2 15
2 22
2 21
3 4
3 5
3 14
3 15
3 16
3 23
3 18
3 19
3 24
3 25
3 26
3 21
4 5
4 15
5 6
5 16
5 25
5 21
6 7
7 27
27 28
27 29
28 30
30 8
8 9
9 31
9 32
31 33
31 34
31 15
31 35
33 36
33 35
36 37
36 22
36 21
37 38
37 39
37 40
38 10
38 29
10 41
41 11
11 42
42 12
12 43
12 32
43 44
43 39
43 15
44 45
44 39
44 29
45 39
45 15
39 13
39 46
39 47
39 48
39 49
39 50
39 51
39 14
39 29
39 26
13 46
46 47
46 34
46 29
47 52
47 15
47 32
52 53
52 54
52 32
53 55
53 56
53 57
53 58
55 59
55 54
55 60
55 32
59 61
59 56
59 57
59 62
59 58
59 63
59 64
59 65
61 66
61 57
61 67
66 56
66 65
66 67
56 54
54 57
54 62
54 58
54 68
54 18
54 63
54 69
57 48
57 65
48 34
34 49
34 58
49 50
49 70
49 29
50 51
50 71
51 14
51 15
51 22
14 72
14 73
14 21
72 74
74 75
75 15
15 16
15 23
15 73
15 76
15 32
15 77
16 23
16 22
23 17
23 24
23 78
23 21
17 79
17 32
17 21
79 80
80 81
81 82
82 83
83 84
84 85
84 86
85 87
85 88
85 89
85 73
87 88
88 89
88 22
89 86
86 90
90 73
90 32
73 62
62 58
62 32
58 68
58 18
58 60
58 29
68 18
18 21
63 60
60 91
60 64
64 69
69 92
69 65
92 93
92 67
93 65
65 67
67 76
76 35
35 94
35 19
94 19
19 40
40 24
24 70
24 22
70 20
70 95
70 26
20 71
20 32
71 96
71 32
71 77
71 26
96 32
32 97
32 98
32 25
32 29
97 98
98 77
98 29
77 22
22 95
22 26
95 78
95 21
78 25
25 29
29 26
26 21
21 99
