0 1
0 2
1 3
1 4
1 5
1 6
1 7
1 8
3 9
3 10
3 11
3 12
3 8
3 2
3 13
9 14
9 10
9 15
9 8
9 16
9 2
9 17
9 18
9 13
9 19
9 20
14 21
14 8
14 13
21 22
22 23
23 24
24 25
24 2
25 10
25 8
10 11
10 5
10 8
10 26
10 17
11 12
11 8
11 26
11 2
11 13
12 27
27 28
28 29
29 30
30 31
31 32
32 33
32 34
33 34
33 13
34 35
35 36
36 37
37 38
37 39
37 15
38 39
39 15
15 40
40 41
41 42
41 43
42 4
4 44
4 45
4 46
4 47
4 48
4 13
44 5
5 6
5 49
5 8
5 45
5 2
6 49
6 8
6 2
49 50
49 26
50 7
7 8
7 13
8 26
8 47
8 51
8 16
8 2
8 18
8 52
8 53
8 54
26 55
26 2
55 45
45 56
56 46
56 2
46 47
47 51
51 57
51 48
57 16
57 58
16 2
16 13
2 17
2 59
2 60
2 61
2 53
2 13
17 18
17 13
18 52
18 13
52 62
62 63
62 13
63 64
63 65
65 48
48 59
59 60
60 61
60 53
61 53
61 13
53 66
53 13
66 13
13 67
13 68
13 19
13 20
13 69
13 70
67 71
71 72
72 73
73 74
73 75
74 76
76 68
68 77
77 78
78 79
79 75
79 80
75 81
75 80
81 80
80 82
80 83
82 84
84 85
85 86
86 83
83 43
43 54
54 87
87 88
87 89
89 90
90 19
90 91
19 20
19 58
20 69
69 91
91 92
91 58
92 58
58 70
70 93
70 94
93 94
94 95
95 96
96 97
97 98
98 99
