0 1
1 2
2 3
2 4
3 5
3 4
3 6
4 6
6 7
6 8
6 9
7 10
10 11
11 12
12 8
12 13
8 14
8 15
8 16
8 17
8 18
8 19
8 20
8 21
8 22
8 23
8 24
8 25
8 26
8 27
8 28
14 29
14 16
14 13
14 9
29 30
29 9
30 31
31 32
31 20
31 33
32 15
32 34
15 35
15 36
15 23
15 9
35 37
35 38
35 39
37 16
37 40
37 41
37 13
37 38
16 17
16 42
16 43
16 44
16 40
16 18
16 45
16 46
16 47
16 48
16 49
16 41
16 22
16 23
16 50
16 13
16 33
16 26
16 38
16 51
16 39
16 52
17 42
42 43
42 41
43 53
43 46
53 54
53 55
53 40
54 55
54 40
55 44
55 40
55 13
44 40
44 41
44 13
40 18
40 45
40 13
40 38
18 56
18 45
18 23
18 13
18 38
56 57
57 58
57 23
57 38
58 19
19 59
19 60
19 23
19 9
60 61
60 62
60 36
61 45
45 63
45 48
45 21
63 64
63 13
64 46
46 65
46 41
46 13
65 66
66 47
66 67
66 38
47 48
48 62
48 41
48 9
62 68
68 69
69 70
69 9
70 71
70 41
71 72
71 51
71 73
72 74
72 13
74 75
74 20
20 36
20 23
36 76
36 77
36 21
76 77
77 78
78 21
21 49
21 33
21 26
21 79
21 27
49 41
49 13
41 22
41 13
41 51
22 23
22 13
23 24
23 52
23 80
23 28
24 25
25 81
81 50
50 82
50 13
50 9
50 67
82 83
82 84
84 85
85 86
86 87
87 13
13 88
13 67
13 26
13 39
13 89
88 90
90 91
91 34
34 9
9 92
92 67
67 33
33 93
93 26
26 38
38 94
94 51
51 95
95 96
96 79
79 39
39 97
97 73
73 52
52 27
27 80
80 98
98 28
28 89
89 99
