0 1
1 2
1 3
1 4
2 5
5 3
3 4
3 6
3 7
4 8
8 9
8 10
8 7
9 11
9 6
9 7
11 12
12 13
13 14
14 15
14 16
15 17
15 10
15 6
15 7
17 10
17 18
17 6
17 7
10 19
10 20
10 6
10 21
10 22
10 23
10 24
10 25
10 26
10 27
10 28
10 29
10 30
19 18
19 6
19 7
18 31
18 32
18 25
31 33
31 6
31 7
33 34
34 16
34 20
34 35
34 6
34 7
16 36
16 20
16 35
16 7
36 20
36 6
20 37
20 35
20 6
20 7
37 38
38 35
38 6
35 39
35 7
39 40
40 41
41 42
42 43
43 6
6 44
6 7
6 45
6 22
6 46
6 47
6 24
6 25
6 26
6 27
6 48
44 7
7 49
7 46
7 47
7 25
7 26
7 27
7 48
7 50
7 51
49 21
21 52
21 53
52 45
45 54
54 22
22 53
53 55
55 56
55 57
56 58
56 23
56 46
56 47
56 59
58 23
58 60
23 46
23 47
23 59
23 60
46 47
46 59
47 59
59 60
60 61
61 24
24 62
62 57
57 63
63 64
64 65
65 32
65 25
32 66
32 25
66 25
25 67
25 26
67 68
67 26
67 69
68 70
70 71
71 72
72 73
73 74
74 75
75 76
76 77
77 78
78 79
79 80
80 26
26 27
26 30
27 81
81 69
81 82
81 83
81 50
81 84
69 48
69 28
69 85
69 86
69 87
69 88
69 89
69 90
69 91
69 92
69 84
69 93
69 51
69 94
69 95
48 28
48 82
48 50
48 94
28 29
28 93
28 94
28 95
29 82
82 96
82 87
82 89
82 90
82 92
82 84
82 51
82 94
82 95
96 83
83 85
83 86
83 87
83 90
83 51
85 50
50 86
50 89
50 90
50 92
50 51
86 93
87 88
87 93
87 94
88 89
88 97
89 98
98 90
90 91
90 84
91 92
91 84
92 84
92 93
92 94
84 93
93 51
93 94
51 94
94 95
95 97
97 99
99 30
