0 1
1 2
2 3
3 4
4 5
5 6
6 7
7 8
7 9
7 10
7 11
8 9
8 10
9 12
9 10
9 13
12 10
10 11
10 13
11 14
14 13
13 15
15 16
15 17
15 18
15 19
15 20
15 21
15 22
15 23
16 24
24 25
25 26
26 27
26 28
26 18
26 29
26 30
26 21
27 31
31 32
31 21
32 33
32 34
33 35
33 36
35 37
35 38
35 28
35 39
35 34
37 40
37 41
37 42
37 34
40 43
40 41
41 44
44 38
38 28
38 45
38 46
38 42
38 47
38 48
38 21
38 39
38 36
38 49
28 50
28 42
28 48
28 51
28 20
28 22
28 34
50 52
50 42
50 39
50 34
52 53
53 54
54 17
54 22
17 18
17 55
17 22
18 56
18 22
56 29
56 34
29 57
57 45
57 34
45 58
45 42
58 59
58 39
59 60
59 39
60 61
60 46
46 42
46 34
42 47
42 48
42 19
42 21
42 39
42 34
47 48
48 62
48 51
48 19
48 20
48 34
62 51
51 19
19 20
19 39
19 36
19 22
20 63
20 64
20 39
20 22
63 64
64 65
65 66
66 67
67 68
68 69
68 70
68 71
69 72
69 55
69 73
69 74
69 22
72 75
72 55
75 76
75 55
76 77
76 55
77 78
78 79
78 70
78 71
79 80
80 81
80 73
80 70
81 55
55 73
55 82
55 83
55 84
55 30
55 85
55 86
55 87
73 82
82 83
82 84
84 88
84 89
89 30
30 90
90 74
74 70
74 71
70 85
70 71
85 71
71 91
91 92
92 86
86 93
93 87
87 94
94 21
21 39
21 22
21 34
39 36
39 34
39 23
39 95
36 96
36 22
36 34
96 22
22 49
22 23
49 34
34 97
97 98
97 99
99 23
23 95
