0 1
0 2
0 3
1 4
1 5
1 6
4 7
4 8
7 9
7 10
9 5
9 8
10 11
10 5
10 12
10 2
11 13
11 14
13 15
15 14
14 16
14 5
14 12
16 17
16 18
16 19
17 20
17 5
17 12
17 19
17 2
17 21
17 3
20 22
20 19
22 23
22 24
23 25
25 26
25 27
25 28
25 24
26 29
26 30
26 31
26 32
29 33
29 34
29 27
29 31
29 35
33 36
33 37
33 30
33 38
33 34
33 39
33 40
36 41
41 37
41 42
37 30
30 38
38 43
38 27
38 31
38 42
43 44
44 45
45 34
45 24
34 46
34 27
34 47
34 28
34 40
34 48
34 42
34 49
46 27
27 50
27 31
27 28
50 31
31 39
31 51
31 24
31 32
31 42
31 49
39 51
39 24
51 52
52 53
53 54
53 8
54 55
54 35
54 5
55 35
35 56
35 57
35 58
35 42
35 59
56 47
47 28
47 40
47 48
28 40
28 48
40 57
40 48
57 48
57 24
57 42
48 60
48 42
60 61
60 24
61 58
61 24
58 62
58 8
62 24
24 63
24 32
24 42
24 64
63 32
32 42
42 49
42 19
49 65
65 66
66 59
59 64
64 5
5 67
5 12
5 18
5 68
5 69
5 70
5 71
5 72
67 73
67 12
73 74
73 75
73 72
74 75
74 19
74 8
75 12
12 18
12 19
12 71
12 72
18 19
19 68
19 76
19 77
19 21
19 71
19 78
68 8
8 79
8 80
79 2
2 81
2 71
2 72
81 76
81 3
76 77
77 82
82 83
82 84
83 80
80 84
80 3
84 85
85 86
85 87
86 69
69 88
88 70
70 89
89 90
90 91
91 21
21 71
71 3
3 72
72 92
92 93
93 78
78 6
6 94
94 95
95 96
96 87
87 97
97 98
98 99
