0 1
1 2
2 3
2 4
3 5
3 6
3 7
5 8
5 4
8 9
9 10
9 4
9 11
9 12
10 6
10 13
6 14
6 7
14 15
15 4
4 13
4 16
4 17
4 18
4 7
4 19
4 20
13 11
11 16
11 21
16 22
16 12
16 23
22 17
22 18
22 24
17 18
18 7
7 25
7 21
25 21
21 12
12 26
12 19
12 27
12 28
12 29
12 30
12 31
12 32
12 33
12 34
12 35
12 36
12 37
12 38
12 39
12 40
12 41
12 20
12 23
26 42
26 43
26 44
26 30
26 31
26 32
26 45
26 23
42 46
46 47
46 32
47 48
47 44
47 49
47 30
47 45
48 50
48 44
50 19
50 51
50 52
50 30
50 38
19 53
19 24
19 43
19 52
19 45
53 54
53 24
53 55
53 49
53 56
53 45
53 57
53 58
53 59
53 60
54 24
54 44
54 45
54 61
24 62
24 55
24 63
24 64
24 65
24 49
24 27
24 30
24 31
24 38
24 66
24 57
24 58
24 59
24 60
24 39
62 67
62 49
67 68
67 55
67 43
67 69
67 45
68 55
68 70
55 71
55 49
55 45
71 63
71 43
71 49
63 72
63 43
63 49
72 43
72 49
72 45
43 64
43 49
43 73
43 74
43 29
43 34
43 37
43 38
43 66
43 57
43 39
43 41
64 75
64 70
75 76
75 77
75 65
76 69
69 78
78 44
78 70
44 79
44 70
44 30
44 80
44 38
44 66
44 45
44 60
79 81
79 70
79 52
79 30
79 45
81 51
51 77
51 52
77 70
70 65
70 38
70 45
65 49
49 73
49 29
49 80
49 56
49 37
49 66
49 45
49 61
49 57
49 59
49 60
49 39
49 40
73 27
27 74
27 82
27 83
74 82
82 28
28 83
28 23
83 84
83 29
84 29
29 52
52 85
52 38
52 39
52 86
85 30
30 80
30 37
30 45
30 61
80 56
56 87
87 88
88 89
88 90
88 45
89 90
90 31
31 32
31 23
32 33
33 34
34 35
35 91
35 36
35 37
91 36
36 37
36 38
37 38
38 92
92 66
92 61
66 45
45 93
45 94
45 61
45 57
45 58
45 60
45 95
93 94
94 96
94 61
96 61
61 57
57 97
57 60
97 58
97 60
58 59
58 60
59 60
60 95
95 39
39 86
86 40
40 41
40 23
41 98
98 20
20 23
23 99
