0 1
1 2
2 3
2 4
2 5
2 6
2 7
2 8
2 9
2 10
2 11
2 12
2 13
2 14
2 15
3 4
4 16
4 5
4 6
4 7
4 17
4 18
4 19
4 8
4 10
4 11
4 12
4 20
16 15
5 21
5 22
21 23
21 12
23 6
23 24
6 24
6 22
24 25
24 15
24 26
25 27
25 15
27 7
27 17
27 28
27 19
27 29
27 9
7 17
17 28
28 18
28 19
28 29
18 19
19 8
19 29
19 12
8 29
29 9
9 30
30 31
31 32
32 10
10 22
22 33
22 11
22 12
11 34
34 12
34 35
34 36
34 26
12 13
12 15
13 15
14 15
15 37
37 38
38 39
38 40
39 41
39 42
41 43
41 35
43 44
43 35
43 40
43 45
43 46
44 47
44 40
47 48
47 49
47 26
47 45
48 49
48 50
49 51
51 52
51 35
52 53
52 54
52 35
52 55
52 36
52 20
52 26
52 40
53 56
53 54
53 55
53 20
53 26
56 57
57 58
58 59
58 54
58 55
58 36
58 20
58 26
58 40
59 60
60 61
61 54
61 20
61 26
61 40
54 42
54 35
54 62
54 36
54 63
54 64
54 26
54 40
54 65
42 35
42 55
42 36
42 26
35 66
35 67
35 55
35 68
35 36
35 69
35 70
35 71
35 20
35 72
35 73
35 40
66 67
66 26
67 74
67 26
67 40
74 75
75 76
75 77
75 78
75 62
76 77
77 78
77 62
78 62
78 79
62 79
62 36
62 40
79 80
79 63
80 81
80 82
81 83
81 84
81 85
83 86
83 84
83 82
83 85
83 87
86 84
86 85
86 40
84 88
84 89
84 85
84 87
84 90
88 82
88 85
82 89
82 85
82 87
82 90
89 85
89 90
85 87
85 90
85 91
87 90
90 91
91 55
55 68
55 40
68 36
68 26
68 40
36 69
36 71
36 26
36 40
69 92
69 20
69 26
69 40
92 93
93 63
63 64
64 70
64 26
64 40
70 71
70 94
71 94
71 26
71 40
94 95
95 20
20 72
20 96
20 26
72 97
72 26
72 40
97 96
96 26
26 73
26 40
26 46
26 98
73 40
40 99
40 98
99 65
65 45
45 46
45 98
46 50
50 98
