0 1
1 2
2 3
2 4
3 5
5 6
5 7
5 8
5 9
5 10
6 11
6 9
11 12
11 13
11 9
12 14
12 15
12 16
14 17
14 18
14 19
17 20
17 21
17 16
20 22
20 9
22 23
22 24
22 8
22 9
23 25
23 26
23 16
25 27
25 28
27 29
27 9
29 18
18 30
18 28
30 31
30 32
30 16
31 33
33 34
33 26
33 16
34 32
32 35
32 36
32 37
35 38
35 26
35 16
38 36
36 37
37 39
37 16
39 40
40 41
40 16
41 42
42 43
42 10
43 44
43 45
44 46
46 45
45 47
47 48
47 16
48 49
49 50
50 51
51 52
52 53
52 8
53 13
53 9
53 19
53 54
13 55
13 8
13 15
13 16
55 7
55 9
55 19
7 56
56 57
56 10
57 58
57 59
58 59
59 60
59 10
59 16
60 61
60 62
61 62
62 63
62 10
63 64
64 65
65 66
66 21
66 16
21 67
21 68
68 69
69 70
70 71
71 72
72 73
73 74
73 75
73 24
73 16
74 76
76 75
76 24
75 77
75 28
75 24
77 28
28 24
28 8
28 9
28 10
24 78
24 16
78 79
78 16
79 80
79 81
80 26
80 16
26 82
82 81
82 16
81 83
81 84
81 9
81 10
81 15
81 16
83 84
84 85
85 86
86 87
86 9
86 16
87 8
8 88
8 9
8 89
8 54
8 90
88 9
9 91
9 19
9 89
9 92
9 54
9 93
9 90
91 10
91 16
10 19
19 94
19 15
19 16
94 15
15 95
15 16
95 16
16 89
16 54
16 96
89 97
97 4
97 98
4 98
98 92
98 96
92 54
54 93
54 90
93 90
90 96
96 99
