0 1
1 2
1 3
2 4
2 3
4 5
4 6
4 7
5 8
8 9
9 6
9 7
9 10
6 11
6 7
6 12
6 13
6 14
6 15
6 16
6 17
6 18
11 7
7 19
7 20
7 21
7 22
7 23
7 14
7 24
7 10
7 25
7 15
7 16
7 26
7 3
7 17
7 18
7 27
19 28
19 29
19 13
28 30
28 20
28 31
28 29
28 32
28 33
28 34
28 35
30 20
30 31
30 29
20 36
20 33
20 34
20 3
36 31
36 29
31 21
31 12
31 33
31 35
21 12
21 29
12 37
12 29
12 33
12 13
12 3
37 22
22 29
29 32
29 33
29 13
29 34
32 33
33 13
33 34
13 34
13 3
34 35
35 38
38 39
39 40
40 23
40 41
23 41
41 14
14 42
14 10
14 3
42 43
43 44
43 3
44 24
44 45
44 46
44 47
24 10
10 48
10 15
10 26
10 18
48 49
49 50
50 25
50 15
50 51
25 52
25 53
25 3
52 53
52 15
53 15
15 16
15 3
16 54
16 3
54 26
26 3
3 17
3 55
3 18
3 27
3 56
3 57
17 45
45 46
46 55
55 47
55 58
58 59
59 18
18 60
18 61
60 51
51 62
51 63
51 61
63 64
64 61
64 65
65 66
66 67
66 68
67 69
67 68
69 68
68 70
70 71
71 72
72 73
73 74
73 75
74 75
74 76
74 77
74 78
75 76
76 79
76 80
76 78
79 81
79 82
81 83
83 82
82 84
84 85
85 86
85 87
86 87
86 27
87 88
87 27
88 27
27 89
89 56
56 77
77 80
77 78
77 57
80 90
80 78
90 78
78 57
78 91
57 92
92 93
93 94
94 95
95 96
95 97
95 91
95 98
96 97
96 99
96 91
97 99
97 91
99 91
91 98
