0 1
1 2
1 3
1 4
2 5
2 6
2 7
2 8
5 9
9 10
9 11
9 12
10 11
11 13
11 14
11 6
13 15
13 7
15 16
15 7
16 17
17 12
12 18
12 19
18 20
18 14
18 21
20 22
20 23
20 24
22 23
22 24
23 24
24 3
3 4
4 14
14 25
14 26
14 19
14 27
14 28
14 29
14 30
14 31
14 6
25 32
25 33
32 34
32 35
34 35
35 36
35 37
35 38
35 39
36 40
40 37
37 41
41 42
42 26
26 33
26 43
26 44
26 38
26 21
26 7
33 19
33 38
19 43
19 38
43 44
43 38
44 38
38 27
38 31
27 45
45 21
21 28
21 46
21 7
21 47
21 48
21 49
28 29
29 30
29 6
29 8
30 50
50 31
31 6
31 39
31 51
31 7
6 52
6 39
52 39
39 53
39 51
53 51
51 54
51 7
54 55
55 56
56 57
57 58
58 59
58 60
58 61
59 62
62 63
62 64
62 65
62 60
62 66
62 67
63 68
63 66
63 67
68 64
68 66
68 69
64 65
65 60
65 70
60 66
60 71
60 70
66 71
66 72
66 70
71 67
71 7
71 70
71 73
67 74
67 70
67 73
74 75
75 72
72 76
76 46
76 70
76 73
46 7
7 47
7 48
7 77
7 49
7 78
7 79
7 69
47 48
48 77
48 49
48 78
77 80
80 49
49 78
78 79
79 81
81 82
81 83
83 84
83 85
84 86
86 87
87 88
88 89
89 90
89 85
89 91
90 85
85 91
91 69
69 92
92 70
70 73
73 61
61 93
93 94
94 95
95 96
96 97
97 8
8 98
98 99
