0 1
1 2
1 3
2 4
4 5
4 6
4 7
5 8
5 9
8 10
8 11
10 12
10 13
10 14
10 6
10 15
10 16
10 17
10 18
10 19
10 20
10 21
12 22
12 13
12 6
12 9
22 23
22 24
22 14
22 6
22 9
23 24
24 13
13 25
13 6
13 9
25 3
3 26
3 27
3 28
3 29
3 7
3 30
3 31
26 32
26 33
32 33
32 11
33 27
27 28
28 29
29 34
34 35
35 14
35 6
35 9
14 6
6 9
6 36
6 11
9 37
9 36
9 38
37 36
36 15
15 39
39 40
40 41
41 42
42 43
42 7
43 44
43 45
43 46
43 47
43 48
43 7
43 49
43 50
43 51
43 52
43 53
44 54
54 55
54 45
55 45
45 16
45 50
16 56
16 57
16 58
16 59
16 53
56 57
56 17
56 60
57 61
61 62
61 63
61 64
61 53
62 63
62 65
62 64
63 46
63 47
46 47
47 66
47 48
66 48
66 67
66 53
48 68
48 58
68 7
68 49
7 17
7 65
7 69
7 70
7 53
17 65
17 64
65 71
65 53
71 72
72 64
72 67
72 53
64 73
64 51
64 70
64 53
64 60
64 18
73 74
74 49
49 75
49 50
75 50
50 51
51 58
58 30
30 59
59 52
59 53
52 67
52 53
67 76
76 69
69 70
70 53
53 60
60 18
18 77
18 11
77 78
78 79
79 80
80 81
81 82
82 83
83 38
38 84
84 85
85 86
86 87
87 88
88 89
89 11
11 19
11 31
19 31
19 90
31 91
31 90
91 92
91 90
92 93
92 90
93 90
90 94
94 95
95 20
20 21
21 96
21 97
96 98
98 99
99 97
