0 1
1 2
1 3
1 4
1 5
2 6
6 7
6 8
6 9
6 10
7 8
8 11
8 12
8 3
8 13
8 5
8 9
11 12
11 13
11 14
11 15
11 5
11 9
11 10
12 3
12 9
12 10
3 13
3 9
13 16
13 14
13 15
13 10
16 17
16 18
16 19
16 20
16 21
17 22
22 23
22 14
22 24
22 25
23 26
23 27
23 24
26 28
28 29
28 30
28 31
28 14
28 32
28 15
29 33
29 30
29 14
29 32
29 15
33 34
33 30
33 31
34 30
34 32
34 15
30 31
30 15
31 35
31 14
31 36
31 15
35 37
35 36
37 38
38 39
39 40
39 41
40 42
42 43
42 36
42 25
43 44
44 45
44 46
44 24
45 47
47 48
47 46
48 46
46 49
46 15
49 50
49 41
49 15
50 18
50 24
50 41
50 15
18 14
18 41
18 15
14 51
14 27
14 52
14 19
14 53
14 54
14 20
14 21
14 55
14 56
14 25
14 9
14 57
51 58
58 59
59 60
60 27
60 32
60 25
27 24
27 36
27 32
27 25
27 15
24 61
24 36
24 62
24 63
24 21
24 64
24 25
24 65
24 9
24 57
61 36
61 15
36 62
36 25
36 65
36 66
36 4
63 41
41 52
52 67
52 15
67 68
67 55
68 69
68 70
69 19
69 71
19 71
19 70
19 15
71 70
70 72
70 53
72 53
53 73
53 15
73 74
73 15
74 75
74 54
74 21
75 76
76 77
76 54
77 54
54 20
54 21
20 78
78 79
79 21
21 80
21 32
21 25
80 81
81 82
82 83
83 84
84 85
85 55
55 86
55 25
86 87
87 88
88 64
88 15
64 32
32 56
32 25
32 65
56 25
25 65
25 15
25 9
65 15
15 89
15 9
15 10
15 57
89 90
90 91
91 92
92 93
93 94
94 95
95 96
96 97
97 98
98 66
4 5
4 10
5 9
5 10
9 10
10 99
99 57
