0 1
0 2
1 3
1 4
3 5
5 6
6 7
6 4
7 8
7 9
7 10
7 11
7 12
7 13
7 14
7 15
7 16
7 17
7 18
7 19
7 20
7 21
8 2
8 4
2 4
4 22
4 23
22 23
22 24
22 25
22 26
23 27
27 9
27 28
27 29
27 25
27 26
9 30
9 31
9 12
9 32
9 28
9 33
9 34
9 35
9 25
9 36
9 37
30 38
30 39
38 40
38 39
38 41
40 39
40 42
39 31
39 41
31 24
31 28
31 25
24 10
24 42
24 29
24 43
24 44
24 34
24 45
24 36
10 11
10 29
10 45
10 26
11 46
11 47
11 28
11 29
11 44
11 48
11 45
46 12
46 42
46 28
46 45
12 32
12 42
12 26
32 13
32 45
13 49
49 47
47 50
47 42
47 51
47 48
50 42
50 29
50 45
50 26
42 52
42 29
42 51
42 53
52 28
52 29
52 51
52 25
28 54
28 29
28 14
28 43
28 55
28 45
28 25
28 36
28 26
54 29
29 14
29 55
29 44
29 18
29 33
29 19
29 34
29 45
29 53
29 56
29 36
29 26
14 57
14 58
57 43
43 58
43 51
58 59
59 60
60 61
60 26
61 51
51 55
51 26
44 62
44 63
62 64
62 48
48 65
48 66
48 67
65 68
68 69
69 70
69 66
70 71
71 72
72 63
63 73
73 74
74 75
75 66
66 76
66 77
66 18
76 15
15 78
15 77
15 16
15 17
15 79
15 18
78 77
78 16
78 79
77 16
16 17
16 79
16 18
17 79
79 18
18 80
80 81
81 33
81 41
81 25
33 41
33 45
33 26
41 82
41 19
41 34
41 83
41 45
41 35
41 25
41 84
82 19
19 34
19 45
19 25
34 83
83 45
45 35
45 36
45 37
35 25
35 26
25 85
25 26
85 86
86 87
86 88
88 89
89 90
89 67
90 67
67 53
67 20
53 91
91 56
56 92
56 93
92 94
94 93
94 95
93 96
96 95
95 97
97 98
97 84
98 84
84 36
36 37
36 26
37 20
20 99
99 26
26 21
