0 1
0 2
0 3
1 4
1 5
1 6
1 7
1 8
1 9
1 10
1 11
1 12
1 13
1 2
1 14
1 15
1 16
1 3
4 17
17 18
17 14
17 19
18 5
18 8
18 14
18 3
5 6
5 8
5 12
5 3
6 20
6 8
6 12
6 21
6 3
20 22
20 8
20 23
20 11
20 24
20 12
22 25
22 26
22 24
22 27
22 21
25 7
25 27
25 28
7 8
8 9
8 29
8 10
8 11
8 30
8 24
8 27
8 12
8 21
8 2
8 31
8 32
8 28
9 23
9 29
9 24
9 14
9 31
23 24
23 14
23 31
23 28
29 10
29 11
29 12
29 13
29 21
29 14
29 31
10 12
10 21
10 33
10 31
10 3
11 26
11 34
11 24
11 21
11 14
11 3
26 34
26 24
26 27
26 35
34 30
34 24
34 36
30 24
24 27
24 36
24 35
24 37
27 36
27 12
27 14
36 35
35 38
38 12
12 13
12 21
12 31
12 3
12 39
13 21
13 14
13 31
13 3
21 40
21 37
21 41
40 2
2 37
2 3
37 14
14 15
14 3
15 33
33 16
16 31
31 41
31 3
41 3
3 39
3 28
39 42
42 43
43 44
44 45
44 46
44 19
44 47
45 48
45 49
45 50
45 51
48 52
48 53
48 54
48 55
48 50
53 46
53 56
46 19
19 57
19 58
19 51
57 59
59 60
60 49
60 61
60 28
49 62
49 63
62 64
64 65
65 54
65 66
65 61
65 28
54 67
54 68
54 66
67 69
67 68
69 68
69 66
69 55
68 66
66 55
55 70
55 50
55 32
55 51
70 71
70 61
71 72
72 73
72 74
72 61
73 74
74 75
74 61
75 61
75 28
61 76
61 77
61 58
61 78
76 28
77 56
56 79
79 50
50 80
50 81
80 32
32 47
32 82
47 82
47 83
47 58
82 83
83 84
83 58
84 58
58 85
85 86
86 87
87 88
87 89
89 90
90 91
91 92
92 93
92 51
51 63
63 94
94 95
95 96
96 81
81 97
97 98
98 99
99 28
28 78
