0 1
1 2
1 3
2 4
4 5
5 6
5 7
5 8
5 3
6 7
6 3
6 9
6 10
7 11
7 8
7 3
7 12
11 13
11 14
11 3
11 9
13 15
13 16
13 14
15 17
15 14
15 18
17 16
17 14
16 14
16 19
14 18
14 20
14 19
18 21
18 3
21 20
21 22
20 23
20 3
23 24
23 25
23 26
23 27
23 28
23 10
23 29
23 30
23 31
23 32
23 33
25 34
25 22
34 35
34 36
34 26
34 37
34 38
34 39
34 40
34 10
34 30
34 31
34 32
35 41
35 12
35 22
41 42
41 10
41 22
42 43
43 36
36 44
36 19
36 12
36 45
44 26
26 46
26 3
46 47
46 48
48 8
48 10
8 49
8 12
8 10
49 50
49 3
50 51
50 32
51 52
52 53
52 54
52 55
52 56
52 57
52 12
52 58
52 59
52 28
52 60
52 61
52 38
52 62
52 9
52 63
52 40
52 32
53 64
53 12
53 60
53 40
64 65
64 66
65 37
65 28
65 67
65 30
65 68
37 69
37 19
37 12
37 70
37 9
37 22
69 71
69 3
69 9
69 31
69 72
71 19
19 54
19 73
19 27
19 59
19 28
19 60
19 74
19 61
19 67
19 68
19 75
54 55
54 61
55 56
55 59
55 63
55 67
55 76
55 10
55 22
56 57
56 12
56 9
56 10
56 72
57 66
57 12
57 60
57 9
57 72
66 77
66 3
66 28
66 60
66 32
66 22
77 3
77 60
77 31
77 72
3 78
3 73
3 79
3 80
3 28
3 38
3 81
3 32
3 33
78 73
78 72
73 82
73 9
73 10
73 83
73 84
73 85
73 86
73 72
82 79
79 87
87 12
12 88
12 60
12 9
12 31
88 89
88 90
89 91
89 70
89 90
89 80
91 70
91 10
70 27
70 10
27 90
27 10
90 80
80 58
80 31
80 72
58 59
58 28
58 60
59 28
59 60
59 40
59 72
28 60
28 10
28 31
28 72
28 22
60 92
60 39
60 9
60 31
60 72
92 93
92 72
93 94
93 74
74 61
74 9
61 38
38 62
62 39
62 10
62 72
39 9
39 31
39 72
9 81
9 10
81 95
81 96
95 96
95 72
96 63
63 67
67 40
67 10
40 76
40 72
76 10
10 29
10 30
10 68
10 72
10 22
10 33
30 83
83 84
83 85
83 86
84 85
84 86
85 86
85 72
86 68
68 75
68 72
75 45
75 72
45 97
97 98
97 72
98 31
31 99
31 72
99 72
99 22
72 32
32 22
22 33
