0 1
1 2
2 3
3 4
4 5
5 6
6 7
7 8
8 9
9 10
10 11
10 12
11 13
11 14
13 15
15 16
16 17
16 18
16 19
16 20
17 18
17 19
18 21
18 22
18 23
18 24
21 19
19 22
19 25
19 26
19 27
19 28
19 29
19 20
19 30
23 31
31 32
32 33
33 34
33 35
34 36
34 37
34 38
34 39
34 40
36 41
41 42
41 37
41 43
41 38
41 44
41 45
41 46
41 47
41 48
41 49
42 37
37 50
37 51
37 52
37 43
37 38
37 44
37 45
37 53
37 48
50 51
50 47
51 52
51 43
51 54
51 47
51 55
52 56
52 43
52 54
52 49
56 57
56 43
56 38
56 49
57 45
57 49
43 38
43 45
43 46
43 47
43 58
38 44
38 45
38 54
38 47
38 48
44 45
44 47
44 49
45 46
45 48
45 59
45 39
45 60
45 49
46 61
46 47
61 62
61 63
61 53
61 55
62 54
62 58
62 53
62 55
54 24
54 58
54 53
24 63
24 64
24 65
24 14
63 66
63 67
63 53
66 64
64 68
64 65
68 65
65 69
65 67
69 35
35 70
35 71
70 71
71 72
72 25
72 14
25 73
73 74
73 26
74 75
75 26
75 76
75 20
26 27
26 67
27 67
27 20
67 28
67 20
28 76
76 77
76 78
76 79
77 78
78 79
79 80
80 81
81 82
82 29
29 20
20 83
20 84
83 85
85 84
84 86
86 30
30 12
12 87
12 88
87 89
89 88
88 90
90 91
91 14
14 92
92 93
93 94
94 47
47 95
47 96
47 58
47 53
47 48
47 49
95 96
96 58
58 53
58 55
53 55
55 97
97 48
48 59
48 39
59 98
39 60
39 49
60 49
49 40
40 99
