0 1
1 2
2 3
2 4
2 5
3 6
3 7
6 7
6 4
6 8
6 9
6 10
6 11
6 5
6 12
7 13
7 14
7 4
7 9
7 15
7 16
13 17
13 4
13 18
13 19
17 20
20 21
21 14
21 22
21 4
21 23
21 24
21 25
21 15
14 22
14 26
14 4
14 8
22 27
22 4
22 23
22 24
22 15
27 26
27 4
27 28
26 29
26 23
29 30
29 11
29 31
29 18
30 32
30 5
30 19
32 4
32 31
32 33
4 34
4 23
4 35
4 25
4 9
4 36
4 37
4 38
4 39
4 11
4 40
4 41
4 42
4 28
4 43
4 44
4 15
4 45
4 46
4 16
34 8
34 11
8 23
8 47
8 48
23 35
23 5
23 18
23 15
23 12
35 24
35 12
24 25
25 49
25 11
25 28
25 12
25 46
49 50
49 51
49 18
50 9
9 36
9 12
36 52
52 53
52 37
53 37
37 54
37 55
37 12
54 55
54 56
55 57
57 58
57 18
58 59
58 60
58 33
59 61
61 62
62 38
62 19
38 63
38 64
38 65
63 64
64 39
64 66
64 19
39 66
39 10
39 19
66 10
66 5
10 47
47 11
47 31
11 40
11 51
11 42
11 67
11 68
11 69
11 28
11 5
11 44
11 70
11 33
11 15
11 12
11 71
11 19
40 51
40 5
40 33
41 51
51 42
51 12
42 72
72 73
72 74
73 75
75 76
76 67
67 68
67 31
67 60
67 5
67 33
67 19
68 77
68 33
68 18
77 31
31 78
31 79
78 60
78 5
60 80
60 19
60 16
80 81
80 19
81 82
82 83
82 19
83 56
83 5
56 84
84 65
84 19
65 85
65 19
85 69
69 86
69 5
69 33
69 19
86 28
86 33
86 19
28 43
28 33
28 19
43 5
43 33
43 19
5 44
5 79
5 33
5 19
44 87
44 33
44 19
87 70
70 88
88 79
79 33
33 89
33 15
33 19
89 90
90 91
91 92
92 93
92 12
93 74
74 94
74 18
94 95
95 18
18 15
18 96
18 16
18 48
15 45
15 12
45 12
12 97
12 46
12 16
97 98
98 96
96 46
46 71
71 19
19 16
48 99
