0 1
0 2
1 3
1 4
1 5
3 6
3 4
3 7
6 4
4 8
4 7
4 9
4 10
4 11
4 12
4 13
4 14
4 15
4 16
8 7
7 17
7 12
7 18
7 19
7 20
7 15
7 21
7 22
17 23
17 16
23 24
24 9
9 25
25 10
10 11
10 26
11 12
11 16
12 27
27 13
13 28
28 26
28 2
26 2
26 16
2 29
2 30
2 31
2 14
29 32
29 33
29 34
29 35
29 36
29 37
29 38
29 39
29 40
29 41
29 42
32 43
32 30
32 44
32 38
32 45
32 46
32 47
32 40
43 48
43 36
43 49
43 40
43 42
48 50
48 33
48 51
48 52
48 53
48 54
48 55
48 56
48 57
48 58
48 59
48 31
48 60
50 33
50 57
33 51
33 52
33 53
33 54
33 36
33 55
33 56
33 61
33 57
33 31
51 34
51 57
34 52
52 35
52 62
52 63
52 36
52 64
52 65
52 38
52 66
52 41
52 42
52 14
52 67
35 30
35 38
35 56
35 31
30 62
30 68
30 49
30 40
30 41
30 42
30 14
62 69
62 63
62 70
62 71
62 38
62 41
62 72
62 42
62 14
69 73
69 63
69 74
69 71
69 40
69 41
69 42
69 14
69 60
73 75
73 68
73 74
75 63
75 37
75 74
75 71
75 39
75 41
63 76
63 39
63 41
63 42
63 67
76 68
76 39
76 40
76 41
68 53
68 77
68 45
68 78
68 39
68 31
68 79
53 80
53 37
80 54
80 36
80 56
80 66
80 58
54 36
54 38
54 57
36 81
36 55
36 78
36 56
36 66
36 31
81 82
82 83
83 84
83 85
83 46
83 40
83 42
83 14
83 60
84 44
44 86
44 87
44 38
44 40
44 42
86 37
37 77
37 55
37 74
37 88
37 85
37 89
37 45
37 56
37 66
37 61
37 57
37 79
37 46
37 90
37 42
37 14
77 64
77 38
77 39
64 91
91 49
49 55
55 74
55 57
74 88
74 78
74 39
74 66
74 31
74 42
88 92
88 42
85 87
85 39
85 40
85 42
85 14
87 70
70 65
70 71
70 38
65 93
93 71
93 42
71 89
71 56
71 42
89 38
38 45
38 78
38 31
38 92
45 94
45 78
45 39
45 66
45 92
94 78
94 31
78 31
78 79
39 56
39 31
39 79
39 90
39 72
39 42
39 14
39 95
56 66
56 57
56 58
56 42
66 61
66 57
66 58
66 31
61 57
61 42
57 59
57 31
57 46
58 59
58 90
58 60
59 31
31 92
31 41
31 14
92 79
79 46
46 47
46 41
46 42
47 96
47 14
96 40
96 42
40 90
40 14
40 60
90 41
90 42
41 72
41 14
41 67
72 42
72 14
42 97
42 14
42 95
97 14
97 67
97 16
14 60
14 67
14 5
14 16
60 67
67 95
95 5
5 18
5 98
5 15
5 21
5 22
18 99
99 19
19 20
19 16
20 98
98 15
15 21
15 16
15 22
21 16
16 22
