0 1
1 2
1 3
1 4
1 5
1 6
1 7
1 8
1 9
1 10
1 11
2 12
12 13
13 14
14 15
14 16
16 17
17 18
17 19
17 20
17 21
18 22
18 19
22 19
19 23
23 24
24 25
25 26
25 27
26 28
26 27
28 29
28 30
29 31
31 32
31 33
31 27
31 30
31 21
32 34
32 33
32 35
34 33
33 36
33 37
36 27
27 38
27 30
27 39
38 40
40 41
41 42
42 43
43 44
44 45
45 46
46 47
47 48
48 49
48 50
48 51
48 52
48 53
48 54
48 55
49 50
49 53
49 55
50 51
50 56
50 55
50 57
50 39
51 58
51 52
51 56
51 53
51 54
51 55
51 59
51 57
52 56
52 53
52 57
56 53
56 55
53 54
53 55
54 55
54 30
55 59
59 60
60 61
61 3
61 4
61 7
61 9
61 62
61 63
61 64
3 4
3 5
3 65
3 6
3 7
3 8
3 66
3 9
3 63
3 67
3 11
4 5
4 7
5 65
5 7
5 8
5 9
5 10
5 62
5 67
65 6
65 7
6 7
6 9
7 8
7 9
7 10
7 67
8 66
8 9
66 9
66 57
9 10
9 67
9 68
62 63
62 67
63 67
67 11
11 69
69 70
70 71
71 72
72 64
64 73
73 68
68 74
74 75
75 76
76 77
77 35
35 78
78 79
79 57
79 80
57 81
57 82
57 83
57 20
57 84
57 85
81 86
86 82
82 87
87 88
88 80
80 89
80 90
89 91
91 90
91 92
91 93
91 83
90 94
94 95
95 92
92 93
83 30
30 96
30 85
96 39
39 97
97 20
20 84
84 21
21 85
85 98
98 99
99 37
