0 1
1 2
1 3
1 4
1 5
1 6
1 7
1 8
1 9
1 10
1 11
2 12
2 13
2 8
12 14
12 15
12 16
12 8
14 17
14 8
17 18
18 19
18 13
18 20
19 21
19 22
21 22
22 3
22 23
22 24
3 25
3 26
3 5
3 27
25 28
28 29
28 8
29 30
29 8
30 31
30 32
31 32
32 33
33 4
33 34
33 35
33 36
33 37
33 15
33 38
33 13
4 26
4 5
26 39
26 15
26 40
39 41
41 5
41 6
41 42
5 6
5 43
5 44
6 43
43 42
42 44
44 7
44 13
7 23
7 8
23 34
23 36
23 38
34 45
34 36
34 24
45 35
45 36
45 24
45 13
35 36
36 37
36 16
37 27
27 46
46 15
15 47
15 13
15 8
15 11
15 20
47 38
38 24
38 13
24 16
16 13
16 8
16 11
13 48
13 49
48 50
50 51
50 8
8 52
8 9
8 53
8 54
8 55
52 56
52 57
52 58
52 59
52 60
52 61
52 62
56 63
56 57
56 58
56 61
56 62
63 57
63 60
57 64
57 58
57 59
57 61
64 58
58 65
58 59
58 66
58 61
65 59
65 61
59 66
66 60
66 67
66 61
66 62
60 67
60 61
60 68
60 9
67 61
67 69
67 68
67 9
61 70
61 62
70 62
62 69
69 68
68 9
9 71
71 72
71 73
71 74
72 53
72 75
72 76
72 40
53 54
53 77
53 55
53 78
53 10
53 79
53 80
53 81
53 40
54 77
54 82
54 55
54 76
77 82
77 75
77 83
77 76
77 84
77 40
82 55
55 75
55 83
55 76
55 80
75 85
75 78
75 86
75 49
75 81
75 87
75 40
75 88
85 83
85 40
83 78
83 10
83 89
83 49
83 80
83 81
78 76
78 40
76 10
76 90
76 49
76 79
10 40
90 86
86 73
86 91
73 11
73 20
11 92
92 93
92 20
93 94
94 20
20 89
20 91
89 49
89 91
89 40
49 84
84 79
79 80
79 81
79 40
80 81
81 91
91 87
87 95
87 40
95 40
40 88
88 96
96 97
97 98
98 99
99 74
