0 1
1 2
2 3
2 4
3 4
4 5
5 6
6 7
7 8
7 9
7 10
8 9
8 11
9 12
9 13
9 10
9 14
9 11
12 15
12 16
12 13
12 17
12 14
12 11
12 18
12 19
12 20
15 21
15 22
15 23
21 24
21 10
21 11
24 25
25 26
26 27
27 28
28 29
29 30
30 31
31 32
31 33
31 34
32 35
35 36
35 37
35 38
36 33
33 39
33 40
33 41
33 42
39 43
39 34
43 44
44 45
45 46
46 47
46 34
47 48
47 49
47 40
47 34
48 49
49 50
49 34
50 51
51 40
51 52
51 53
51 34
40 52
52 53
52 34
52 54
53 55
53 56
53 57
55 58
55 37
55 56
55 38
55 59
55 57
55 60
58 37
58 38
37 56
56 38
56 57
56 61
38 59
38 57
59 57
57 62
62 41
41 42
42 63
42 34
63 60
60 61
61 64
64 65
65 34
34 54
54 66
66 67
67 68
67 69
68 70
68 71
70 72
72 69
69 73
73 74
73 71
74 75
74 71
74 76
75 77
77 78
77 79
77 80
77 81
78 79
78 80
78 82
79 80
80 82
80 81
82 81
82 83
81 83
83 84
84 71
71 76
76 85
85 86
86 87
87 88
88 89
89 90
90 91
91 92
91 17
92 93
93 94
93 23
94 95
95 96
95 16
96 16
96 13
16 13
16 10
16 23
16 19
13 10
13 11
13 18
10 17
10 14
17 14
14 11
11 22
11 23
11 97
22 18
18 23
23 98
98 99
99 97
97 19
19 20
