0 1
1 2
1 3
2 4
2 3
4 3
4 5
3 6
6 7
6 8
6 9
6 10
6 11
6 12
6 13
6 5
7 8
7 14
7 11
7 15
7 16
7 17
7 18
7 19
8 9
8 20
8 16
8 18
9 21
9 22
9 11
9 23
9 12
9 24
9 20
9 25
9 26
9 27
21 14
21 22
21 11
21 15
21 12
21 24
21 28
21 20
21 25
21 26
14 22
14 10
14 11
14 23
14 20
14 26
14 16
22 10
22 24
22 20
22 25
10 11
10 25
11 15
11 23
11 12
11 13
11 24
11 20
11 25
11 26
11 27
11 18
11 19
15 23
15 24
15 20
15 25
15 27
23 12
23 20
23 25
23 26
23 27
23 16
12 13
12 24
12 28
12 20
12 25
12 26
12 27
12 29
13 30
24 28
24 20
24 25
24 26
24 27
24 16
28 20
28 25
20 25
20 26
20 27
25 26
25 27
26 27
27 16
27 5
16 5
17 31
17 32
17 29
17 18
17 33
17 34
17 35
31 36
36 37
36 32
37 38
37 39
37 29
38 32
38 29
38 18
38 40
38 5
38 41
38 35
39 42
39 18
42 43
42 44
43 44
43 19
43 35
44 32
32 45
32 41
45 29
29 46
29 18
29 47
29 48
29 49
29 50
29 51
29 52
29 53
29 5
29 54
29 55
29 35
46 18
18 56
18 34
18 57
18 48
18 49
18 52
18 53
18 54
18 58
56 19
19 59
19 60
19 61
19 52
19 62
19 53
19 58
19 63
19 64
59 65
65 66
65 67
65 68
65 69
65 70
65 71
65 72
65 5
65 30
66 67
66 71
67 73
67 68
67 74
67 75
67 47
67 70
67 71
73 68
73 76
73 5
68 74
74 47
75 33
33 77
33 47
77 69
77 47
77 5
69 47
69 76
47 70
47 5
70 71
71 78
71 34
71 5
78 34
34 79
34 41
34 35
79 60
79 80
60 57
57 61
57 48
61 48
48 49
48 40
48 5
48 54
48 35
49 50
49 81
49 40
49 5
49 35
50 81
50 35
81 51
81 72
81 82
81 30
81 83
81 84
51 40
51 5
40 85
40 5
40 86
40 87
85 88
85 5
88 89
88 76
89 90
89 76
90 91
91 92
92 52
52 93
52 5
93 94
93 41
94 95
95 62
95 76
62 72
62 54
72 76
76 96
96 53
53 5
5 86
5 30
5 83
5 84
5 55
5 87
5 64
86 54
54 58
58 97
97 82
82 30
30 83
30 98
83 98
98 84
84 63
63 80
80 41
41 55
55 99
99 87
87 35
35 64
