0 1
1 2
1 3
2 4
2 5
4 6
4 7
4 8
4 9
6 10
10 11
10 12
11 13
11 14
11 9
13 15
13 7
13 16
15 14
15 7
15 8
15 17
15 3
14 7
14 17
14 18
7 19
7 20
7 8
7 21
7 22
7 23
7 24
7 25
7 26
7 27
7 28
20 29
20 30
29 31
29 32
31 33
31 34
31 35
33 34
33 35
34 36
34 30
34 37
34 32
34 38
34 39
34 40
34 35
34 41
36 30
36 35
30 42
30 37
30 38
30 39
30 43
42 44
44 37
44 45
44 40
37 32
37 46
37 47
37 39
37 35
37 43
37 17
32 48
32 46
32 38
32 40
32 35
48 49
49 46
46 45
46 47
46 39
46 40
46 35
46 43
45 50
45 47
50 51
51 47
47 38
47 40
47 35
47 3
38 39
38 35
38 17
39 40
39 17
40 35
40 17
40 3
35 41
41 52
41 17
52 53
52 25
53 54
53 55
53 56
54 57
54 58
57 59
59 60
60 61
61 62
61 17
61 56
62 63
63 16
63 17
16 64
16 65
64 66
64 5
64 3
64 18
66 65
65 67
65 43
65 3
65 56
65 18
65 9
67 43
43 68
43 69
43 5
43 70
43 71
43 17
43 55
43 72
43 12
43 73
43 74
43 75
43 76
43 77
68 69
69 78
69 71
69 9
78 8
8 21
8 79
8 80
8 24
8 81
8 82
8 83
8 26
8 27
21 79
79 22
79 84
22 85
85 86
86 5
5 70
5 71
5 17
5 55
5 58
5 74
70 87
70 17
70 18
87 71
71 17
71 9
17 88
17 55
17 18
17 72
17 89
17 73
17 90
88 3
3 55
3 73
3 81
55 56
56 23
23 18
23 9
18 91
18 72
18 92
91 9
9 72
9 58
9 93
9 74
9 94
72 12
12 95
95 96
96 89
89 92
92 73
92 90
73 90
90 80
80 24
80 81
80 27
24 81
81 82
82 83
83 97
97 25
25 26
26 27
27 84
84 28
28 98
98 58
58 93
93 74
74 94
94 75
75 76
76 77
77 99
