0 1
1 2
1 3
2 4
4 5
4 6
5 6
5 7
6 8
8 9
9 10
9 11
10 12
12 13
13 14
14 15
15 16
16 11
11 17
11 18
11 7
11 19
11 20
17 21
17 22
21 23
23 24
23 25
24 25
24 7
24 20
25 26
25 27
25 28
25 3
25 29
25 30
25 31
25 7
25 32
25 33
25 34
25 35
26 36
26 28
26 7
36 37
36 18
37 38
37 18
38 39
38 18
39 40
39 18
40 22
22 18
18 41
18 42
18 43
18 44
18 32
18 45
18 46
41 42
41 20
41 32
41 47
42 43
42 45
42 48
42 49
42 50
42 51
42 52
42 34
42 53
42 54
42 55
43 56
56 57
57 44
44 58
58 59
59 27
27 60
60 28
28 61
28 7
28 20
61 62
61 3
62 63
63 3
3 64
64 65
65 66
65 67
66 68
68 69
69 67
67 70
70 71
70 29
70 72
70 7
71 73
73 29
29 30
29 7
29 20
30 72
72 74
72 75
74 76
76 75
76 7
75 77
77 78
78 31
31 7
7 19
7 20
7 32
7 46
7 34
19 20
20 32
20 79
20 35
32 45
32 47
45 80
45 48
45 50
45 54
80 81
80 48
80 49
80 50
80 51
80 46
80 82
81 48
81 83
81 84
48 49
48 85
48 86
48 46
48 87
48 34
48 53
49 85
49 50
49 83
49 55
85 86
85 50
86 50
50 88
50 46
50 89
50 52
50 34
88 51
51 46
51 54
46 90
46 91
46 54
46 55
90 89
89 87
87 52
52 79
79 33
33 34
34 92
92 93
93 83
93 84
83 53
53 84
53 55
84 94
84 95
94 96
96 97
97 35
35 95
95 91
91 98
91 82
98 54
54 99
54 47
47 55
55 82
