0 1
0 2
1 3
1 4
1 5
1 6
1 7
1 8
1 9
1 10
1 11
1 12
1 13
1 14
1 15
1 16
1 17
1 18
1 19
3 20
20 4
20 18
4 2
4 9
2 5
2 21
2 22
2 23
2 11
2 15
2 16
2 17
2 24
2 25
5 6
6 7
6 9
6 16
6 26
6 24
7 21
7 27
7 28
7 12
21 29
21 30
21 9
21 31
21 12
21 32
21 33
21 13
21 34
21 35
29 36
29 9
36 37
36 9
37 38
37 9
37 22
38 39
38 30
39 30
30 8
8 9
8 22
9 31
9 11
31 22
22 40
22 41
22 42
22 15
22 18
40 41
40 43
41 44
41 43
44 43
43 45
43 42
43 28
43 46
45 42
42 10
10 47
47 48
48 49
49 23
23 11
23 26
11 27
27 28
27 16
28 24
12 50
12 51
12 32
50 51
50 32
51 52
51 32
52 32
52 53
32 33
13 54
13 55
13 56
54 57
54 56
57 58
57 59
58 60
58 59
58 56
60 61
60 62
61 55
61 59
61 56
55 34
55 56
34 59
34 56
59 63
59 56
63 62
63 56
62 64
64 56
56 35
56 65
35 66
35 67
66 68
66 69
66 65
68 69
69 70
69 71
69 72
69 65
70 71
71 72
65 73
65 74
73 74
73 75
74 76
76 75
75 77
75 78
75 79
79 80
80 46
80 81
46 82
46 81
82 83
82 81
83 14
14 81
14 84
81 84
84 85
84 86
85 86
86 87
87 15
15 16
16 17
16 53
16 24
17 53
17 26
53 88
88 89
89 90
90 91
91 92
92 93
93 94
94 26
26 95
26 24
26 18
26 19
95 24
95 67
24 96
24 18
24 19
96 18
18 97
18 67
97 98
98 99
99 25
25 67
67 19
