0 1
1 2
2 3
3 4
4 5
5 6
5 7
6 7
6 8
6 9
7 10
7 11
7 8
10 11
10 8
10 9
10 12
10 13
10 14
10 15
11 8
11 9
11 13
11 14
11 15
8 16
8 17
8 9
8 12
17 18
18 19
18 20
18 9
18 21
18 22
18 23
18 12
18 13
18 24
18 15
19 25
19 9
19 12
19 13
19 26
19 14
19 27
19 15
25 20
25 9
25 21
25 22
25 12
25 28
25 14
25 29
25 15
20 9
20 12
20 14
20 15
9 30
9 31
9 32
9 33
9 34
9 12
9 28
9 14
9 29
9 35
9 27
9 15
9 36
30 37
37 38
38 39
38 22
39 40
40 31
40 22
40 41
31 42
42 43
43 44
43 12
43 27
44 45
44 46
44 47
45 46
45 22
45 48
46 32
46 21
46 49
46 50
46 51
46 52
46 53
46 54
32 55
32 56
32 12
55 21
55 49
21 49
21 22
49 57
49 48
49 26
49 27
57 50
57 27
50 51
50 48
51 52
51 27
52 22
22 23
22 58
22 59
22 12
22 15
22 60
23 61
23 48
23 15
61 56
56 62
62 53
62 48
53 48
48 63
48 58
48 64
48 65
48 66
48 60
63 58
63 12
63 67
58 68
58 15
68 69
68 64
69 64
69 12
64 59
59 47
59 12
59 27
47 33
33 70
70 34
34 65
34 12
34 14
65 71
71 12
71 14
12 72
12 73
12 14
12 29
12 35
12 15
12 36
72 74
74 75
75 73
73 76
76 77
76 78
77 79
77 13
79 80
79 78
80 81
80 78
81 78
78 28
78 13
78 26
28 13
28 26
28 15
13 82
13 24
13 35
82 26
82 27
26 24
26 83
24 84
24 27
24 15
84 85
84 86
85 87
85 88
87 88
88 14
14 29
29 89
29 15
89 90
90 35
35 27
35 15
27 83
27 91
27 86
27 92
83 15
15 36
15 41
36 91
91 86
91 54
86 93
86 54
93 94
94 54
54 92
92 95
95 96
96 97
97 98
98 67
67 66
66 99
66 41
99 41
41 60
