0 1
1 2
1 3
1 4
1 5
2 6
6 7
6 8
6 9
6 10
6 11
6 12
6 13
6 14
7 15
7 16
15 8
8 9
9 17
9 16
9 18
9 19
17 20
17 16
20 21
20 16
20 13
21 10
10 11
10 14
11 16
16 12
12 18
12 13
12 3
12 19
18 22
22 23
22 3
22 24
23 25
25 26
25 13
26 27
26 28
26 29
26 30
26 31
27 32
32 28
32 33
32 34
32 35
32 36
32 37
32 38
32 39
32 40
28 33
28 13
28 3
33 34
34 41
34 13
41 35
35 42
35 43
35 13
43 44
44 45
44 46
45 47
45 48
45 40
47 49
49 50
50 51
50 52
50 38
50 39
51 53
51 54
53 55
53 36
55 54
54 36
36 29
36 56
29 46
29 57
46 13
13 58
13 59
13 37
13 52
13 60
13 3
13 4
13 61
13 62
13 38
13 48
13 63
13 64
58 59
58 65
59 66
59 65
66 67
66 37
66 3
67 65
65 68
65 37
65 69
65 52
68 70
70 71
71 37
37 69
37 72
37 52
37 3
37 24
37 56
69 72
72 52
52 73
73 60
60 3
60 14
3 4
3 61
3 62
3 38
3 48
3 64
4 19
19 61
19 14
61 14
14 74
14 24
74 62
74 75
62 24
24 76
24 57
24 77
24 75
76 56
56 78
56 79
78 79
78 80
79 80
79 81
80 81
81 38
38 82
38 57
38 83
82 84
82 48
82 40
84 57
57 30
30 31
31 5
31 85
31 86
5 85
5 86
85 86
86 87
86 48
87 88
88 39
88 40
39 89
39 40
89 90
89 48
90 91
90 40
90 83
91 92
91 40
92 93
93 94
93 40
94 48
48 63
48 83
63 40
40 95
40 83
95 83
83 96
96 97
97 64
97 77
64 98
64 77
98 77
77 75
75 99
