0 1
1 2
1 3
1 4
2 5
5 6
5 7
6 8
8 9
8 10
8 11
8 12
9 13
9 14
13 15
13 14
13 16
13 3
15 14
15 10
14 17
14 18
14 19
14 20
14 16
14 21
14 22
14 23
14 24
14 7
17 18
18 25
18 3
25 26
25 10
26 19
26 27
26 28
26 20
26 29
26 10
26 3
26 11
19 30
19 20
19 22
19 10
19 3
19 11
19 12
30 31
31 32
31 16
31 24
32 33
32 34
32 3
33 35
35 36
35 37
35 27
35 38
37 27
37 39
37 20
37 11
37 12
27 38
38 40
40 41
40 42
40 34
41 43
41 42
41 44
41 39
41 11
41 12
43 42
43 20
43 22
43 34
43 3
42 44
42 11
42 12
44 39
39 28
39 16
39 10
28 45
28 20
28 10
45 46
45 11
45 12
46 20
46 12
20 47
20 16
20 7
20 48
20 49
20 50
20 12
47 51
47 34
47 10
47 3
51 52
51 53
51 34
51 3
52 54
54 55
55 56
55 11
56 16
16 57
16 58
16 34
16 10
16 24
16 3
16 11
16 12
57 59
57 7
57 11
59 60
59 53
60 58
58 61
58 34
61 53
53 62
53 50
62 63
63 64
63 65
63 11
64 66
66 67
66 68
66 11
66 12
67 69
67 68
69 68
68 21
21 22
21 10
21 12
22 70
22 34
22 7
70 34
70 10
70 11
70 12
34 29
34 7
29 10
10 71
10 23
10 72
10 73
10 74
71 75
75 23
23 72
72 76
76 73
76 24
73 24
24 7
7 48
48 3
3 74
74 77
77 49
49 50
49 11
50 65
65 78
65 11
78 11
11 79
79 80
79 12
80 81
80 82
80 83
80 84
80 85
80 86
80 87
81 88
81 82
81 84
88 89
88 90
88 91
88 84
88 92
89 82
82 93
82 84
82 85
82 86
82 94
82 95
93 96
96 90
96 91
90 97
90 84
97 98
98 91
91 83
91 12
83 84
83 12
84 85
84 87
85 12
12 86
12 95
87 4
4 99
99 94
94 92
92 95
