0 1
1 2
1 3
1 4
4 5
5 6
5 7
5 8
6 9
9 10
10 11
11 12
11 13
12 14
14 15
15 16
16 17
17 18
18 19
19 20
19 21
19 22
19 7
19 23
19 8
19 24
19 25
19 26
19 27
19 28
19 29
19 30
20 31
20 32
31 33
31 23
31 8
31 24
31 34
31 28
33 21
33 7
33 35
33 27
21 22
22 7
7 36
7 37
7 38
7 39
7 34
7 40
7 35
7 41
7 30
7 42
36 23
23 37
23 38
23 43
23 35
23 44
23 41
23 45
23 46
23 30
23 42
37 8
8 38
8 35
8 44
8 47
38 24
24 48
24 39
24 35
24 44
24 41
24 45
24 13
48 49
49 25
25 26
25 29
26 50
26 34
26 28
26 29
26 47
50 51
50 47
51 43
43 52
43 34
52 39
52 35
52 27
39 34
39 27
39 28
39 13
34 40
34 44
34 32
34 28
34 47
40 35
35 44
35 27
44 53
44 54
44 55
44 29
53 56
53 54
56 57
56 58
57 54
57 55
54 41
54 59
54 60
54 61
54 62
54 63
41 59
41 55
41 64
59 65
59 66
59 62
59 67
65 68
65 66
68 60
68 61
68 66
68 69
68 70
60 61
60 66
60 69
60 70
60 71
60 72
61 66
61 72
66 69
66 70
66 62
66 67
66 73
66 74
66 75
69 70
70 71
70 62
71 62
62 67
62 76
62 72
67 76
76 73
76 74
73 74
74 55
55 63
55 77
55 78
63 77
77 79
77 80
77 81
77 64
77 78
77 82
79 80
80 83
80 58
80 84
80 82
83 58
58 84
58 85
84 81
81 64
64 86
64 87
64 88
64 78
87 72
72 88
88 78
88 89
78 89
78 90
89 82
89 91
82 90
82 91
90 91
91 92
92 85
85 75
75 27
27 32
27 28
27 45
27 13
27 29
27 46
32 28
28 45
28 93
28 46
45 13
13 93
93 94
94 95
95 29
95 47
29 46
29 47
29 96
29 30
46 47
46 97
47 96
47 98
47 97
96 98
98 30
30 97
97 99
99 42
