0 1
1 2
1 3
2 4
2 5
2 6
4 7
4 8
4 9
7 5
5 10
5 11
10 12
10 8
10 13
10 11
12 14
14 15
14 16
15 17
15 18
17 16
16 6
6 8
6 13
6 9
6 11
8 19
8 20
8 21
8 22
8 9
8 23
8 24
8 25
8 26
8 27
8 28
8 29
8 11
8 30
8 31
8 32
8 33
19 34
19 9
19 11
34 35
35 20
35 13
35 11
20 36
20 37
36 38
36 21
38 21
38 37
38 11
21 39
39 37
37 40
37 13
40 13
13 41
13 22
13 23
13 26
13 42
13 43
13 44
13 45
13 46
41 47
47 22
22 9
22 11
9 23
9 48
9 24
9 25
9 27
9 28
9 29
23 49
23 11
23 50
49 48
49 51
49 29
49 11
49 30
49 32
48 52
48 11
52 24
52 11
24 25
24 53
25 26
25 53
25 27
26 53
26 11
53 27
27 54
54 51
51 42
51 29
42 28
42 11
28 29
28 33
28 50
29 11
29 50
11 30
11 31
11 55
11 56
11 57
11 58
11 32
11 33
11 46
30 31
31 59
31 60
59 60
59 61
60 43
60 62
43 62
62 61
61 44
44 45
44 50
45 63
63 64
64 65
65 66
66 67
67 68
67 69
68 70
70 71
71 69
69 72
72 73
73 74
74 75
75 76
76 77
77 55
55 78
78 79
79 80
79 50
80 56
80 57
80 81
80 58
56 57
56 81
56 82
56 58
57 81
57 58
81 82
81 58
82 58
58 83
83 84
83 3
83 46
84 3
3 32
32 85
85 33
33 50
50 86
50 46
86 46
46 18
18 87
87 88
88 89
88 90
89 91
89 92
89 90
91 93
91 94
91 95
93 94
94 95
95 96
96 97
97 92
97 90
92 98
92 90
98 90
90 99
