0 1
1 2
2 3
3 4
4 5
4 6
4 7
5 8
5 9
5 10
5 11
5 12
5 13
8 9
8 14
8 15
9 16
9 17
9 18
9 15
16 19
19 20
20 21
21 22
21 18
22 23
22 18
23 24
24 25
25 26
25 27
25 28
26 27
26 29
26 30
27 31
27 32
31 33
33 34
34 35
35 36
35 18
36 37
37 38
38 39
38 40
39 41
39 42
41 43
43 44
44 42
42 40
40 45
45 46
46 47
47 48
48 49
48 50
48 18
49 50
50 17
50 30
17 28
17 51
17 52
28 53
28 6
28 7
53 6
53 18
53 54
6 55
6 30
6 56
6 57
6 7
55 58
58 59
58 60
58 61
58 62
58 63
58 30
58 64
58 56
58 65
58 66
59 67
67 60
67 57
60 61
60 14
60 18
60 32
61 68
61 29
61 63
61 30
68 29
29 69
29 63
69 62
69 32
62 63
63 30
30 64
30 65
30 32
64 70
64 14
70 71
70 72
70 15
70 73
71 14
14 74
14 56
14 65
14 66
14 57
74 75
74 56
75 72
72 56
56 65
56 66
65 18
66 57
57 76
76 77
76 78
78 18
78 79
18 80
18 32
18 81
18 7
18 82
80 32
32 83
32 11
83 84
83 85
85 86
85 82
86 87
87 88
88 89
89 54
54 51
54 15
51 81
81 90
81 91
90 91
91 15
15 7
15 10
15 92
7 52
7 10
7 11
52 10
10 92
10 11
92 93
93 94
94 11
11 95
95 12
12 13
13 82
82 79
79 96
96 97
97 73
73 98
98 99
