0 1
1 2
2 3
2 4
3 5
5 6
6 7
7 8
7 9
8 10
8 11
8 4
10 12
10 13
12 14
12 13
14 15
14 16
15 17
15 18
15 4
17 19
17 13
19 20
20 21
20 4
21 22
21 23
21 4
22 23
23 24
23 25
23 26
23 4
24 27
24 28
27 29
27 11
27 4
27 30
29 31
29 4
29 32
31 33
31 34
31 4
31 35
33 34
33 26
33 36
33 4
33 37
33 35
34 38
34 39
34 40
38 41
38 42
38 43
38 44
38 25
38 26
38 45
38 46
38 36
38 39
41 42
42 43
42 25
42 18
42 45
42 30
42 39
43 44
44 25
44 47
25 48
25 26
25 49
25 50
25 51
25 52
25 16
25 45
25 53
25 36
25 54
25 30
25 55
25 39
25 56
48 26
48 30
48 39
26 57
26 58
26 51
26 47
26 16
26 45
26 46
26 36
26 54
26 39
26 59
26 35
57 60
60 61
60 13
60 62
61 18
18 63
18 58
18 50
18 64
18 65
18 16
18 39
18 56
18 66
18 67
18 37
18 35
63 49
63 4
63 39
49 58
49 39
58 68
58 11
58 36
58 30
58 39
68 50
50 64
50 4
50 30
64 65
65 51
51 47
51 45
51 39
47 52
47 46
52 69
69 70
69 30
70 11
70 30
11 16
11 4
11 30
11 71
16 45
16 53
16 36
16 4
16 30
16 39
45 46
45 53
45 39
46 53
46 4
46 39
53 28
53 36
28 36
28 30
36 72
36 4
36 30
36 39
36 32
72 4
72 30
4 54
4 9
4 59
4 35
4 40
9 73
9 13
73 74
73 13
74 30
30 55
30 39
30 66
30 75
30 59
30 76
30 77
30 78
30 79
55 39
39 56
39 66
39 67
39 59
56 66
66 67
67 13
13 80
13 81
13 76
13 82
13 83
13 84
13 35
80 85
85 86
86 87
87 71
71 88
71 62
88 81
88 89
81 89
81 75
89 75
89 82
89 84
75 90
90 59
59 32
32 76
76 91
91 92
92 82
82 93
82 94
93 83
83 62
83 94
62 84
62 77
62 35
77 94
94 95
95 96
96 97
97 98
98 78
78 99
99 79
79 37
37 35
35 40
