0 1
1 2
1 3
1 4
1 5
1 6
1 7
2 8
8 9
8 10
8 11
8 12
8 13
8 14
8 15
8 16
8 17
8 18
8 19
8 20
8 21
8 22
8 23
8 24
8 25
8 26
8 27
8 28
8 29
8 30
8 31
8 32
9 10
9 17
9 23
10 33
10 11
10 34
10 13
10 14
10 16
10 19
10 20
10 21
10 35
10 36
10 37
10 24
10 25
10 26
10 38
10 39
10 28
10 31
10 40
10 41
10 42
33 43
43 3
43 44
3 45
3 31
45 4
4 46
46 47
46 5
46 48
46 42
47 5
5 48
5 42
48 49
48 32
49 50
49 15
49 32
50 11
11 51
11 52
11 53
11 15
11 17
11 54
11 55
11 31
11 32
51 52
51 32
52 56
52 17
52 23
56 57
57 58
58 59
58 21
59 60
59 61
60 62
60 61
60 63
60 17
60 32
62 61
62 63
61 12
61 17
12 64
12 17
12 23
64 34
64 65
64 66
64 63
64 67
64 53
34 65
34 67
34 23
65 13
65 68
65 44
65 63
65 69
13 68
13 70
13 63
13 67
13 71
13 17
13 23
13 32
68 72
68 63
72 66
72 63
66 44
66 63
66 73
66 71
66 23
44 70
44 63
70 74
70 63
70 69
74 63
63 75
75 67
75 73
67 69
67 15
67 32
69 73
73 71
73 53
73 14
73 32
71 53
53 76
53 15
53 17
53 32
76 77
77 14
14 15
14 23
14 32
15 16
15 17
15 54
15 21
15 23
15 37
15 24
15 25
15 6
15 27
15 78
15 29
15 31
15 40
15 41
16 17
16 32
17 54
17 19
17 23
17 25
17 6
17 26
17 7
17 79
17 28
17 29
17 30
17 31
17 40
17 32
17 42
54 80
54 23
54 32
80 81
80 82
80 83
81 84
81 21
84 85
85 18
85 83
18 86
18 19
86 19
19 20
19 55
19 21
19 23
19 31
19 32
20 55
55 21
21 35
21 23
21 87
21 88
21 31
21 32
35 22
35 23
35 32
22 36
36 23
23 37
23 25
23 6
23 26
23 79
23 27
23 87
23 28
23 30
23 31
23 32
23 41
37 24
37 32
24 25
24 6
24 31
24 32
25 6
25 31
25 32
6 26
6 32
26 89
26 31
26 32
89 7
7 79
79 90
90 38
38 27
27 91
27 39
27 92
39 92
92 78
78 93
78 32
93 87
87 94
94 82
94 32
82 88
82 32
88 28
28 95
28 31
28 32
95 83
83 96
96 97
97 29
29 30
29 32
30 31
30 32
31 40
31 32
31 42
40 32
32 98
32 41
32 42
41 42
41 99
42 99
