0 1
1 2
2 3
2 4
3 5
3 6
3 7
3 8
3 9
5 6
6 10
6 11
6 12
6 13
6 8
6 14
6 15
6 16
6 17
6 18
6 19
6 20
10 21
10 15
21 22
21 11
21 17
22 23
22 24
22 25
23 26
23 27
23 28
23 29
23 30
23 31
23 24
23 25
23 17
23 32
23 33
23 34
23 19
26 35
26 36
26 37
35 27
35 25
27 38
27 37
27 25
38 39
39 36
39 40
39 25
36 28
36 37
28 41
41 42
41 30
42 40
40 43
40 44
40 30
40 45
40 11
43 29
29 37
29 12
37 46
37 30
37 45
37 11
46 47
47 44
47 45
44 30
44 45
30 45
45 48
48 49
49 11
11 12
12 13
12 15
12 17
12 50
12 51
13 31
31 24
24 52
24 53
24 54
24 55
52 56
56 53
53 57
53 58
53 59
57 60
60 58
58 54
58 61
54 62
62 61
61 59
59 55
55 63
55 64
63 65
63 66
63 67
63 68
65 69
65 67
65 68
69 66
69 67
66 67
66 68
67 68
67 70
68 70
70 64
64 71
71 25
25 72
25 17
25 73
25 19
25 74
72 4
72 75
4 7
4 76
4 75
7 8
7 15
8 14
14 15
15 16
15 77
16 78
78 17
17 32
17 33
32 33
33 79
79 80
80 73
73 81
81 76
76 18
76 75
18 82
82 83
83 84
84 85
84 86
86 87
87 88
88 34
34 89
89 90
89 50
90 50
50 51
51 91
91 19
19 92
19 9
92 9
9 93
93 94
94 74
74 95
95 77
77 96
96 97
97 75
75 98
98 20
20 99
