0 1
1 2
2 3
2 4
2 5
2 6
2 7
2 8
2 9
2 10
2 11
3 12
12 13
12 14
13 15
13 16
15 17
15 16
15 18
15 19
15 20
15 21
15 22
17 16
17 18
17 21
16 18
16 19
16 23
16 24
16 22
18 19
19 25
19 20
19 26
19 21
25 27
25 28
25 29
25 14
25 22
25 30
25 31
27 32
27 33
32 34
32 33
32 20
32 35
32 21
34 36
34 23
34 5
34 37
34 30
34 9
34 38
34 39
36 23
36 33
36 35
36 40
23 41
23 33
23 42
23 43
23 35
23 21
23 44
23 38
41 33
41 20
33 45
33 14
33 46
33 5
33 21
33 44
45 47
47 28
47 20
47 35
47 21
28 48
28 49
28 43
28 5
28 20
28 26
28 35
28 21
28 24
28 40
48 50
48 20
50 29
29 51
29 20
29 35
29 21
29 40
51 52
51 53
52 4
52 53
4 53
53 54
53 20
53 21
54 55
55 42
55 35
42 14
42 5
42 21
14 56
14 20
14 35
14 21
56 57
56 20
56 40
57 58
58 59
58 60
59 60
60 61
61 46
46 49
46 35
46 21
49 43
49 35
43 62
43 5
43 35
62 5
62 35
5 37
5 20
5 35
5 21
5 40
5 9
5 63
5 38
37 20
37 35
37 21
20 64
20 65
20 26
20 66
20 67
20 35
20 21
20 68
20 69
20 24
20 70
20 22
65 26
65 35
26 66
26 35
26 69
26 70
26 22
26 71
26 30
66 21
67 72
67 73
72 74
72 75
72 76
72 77
72 73
72 35
72 68
72 78
72 79
72 80
72 81
74 75
74 73
74 68
74 81
75 76
76 77
76 80
77 73
77 21
77 81
73 6
73 68
73 80
6 7
7 8
8 35
35 82
35 21
35 69
35 24
35 22
35 71
35 30
35 63
82 21
82 40
21 83
21 84
21 68
21 80
21 85
21 69
21 24
21 70
83 84
84 86
86 87
87 88
87 89
88 89
89 90
90 68
68 78
78 91
78 92
92 79
79 93
93 94
93 80
94 80
80 81
81 85
85 95
95 69
69 24
24 70
70 22
70 40
22 96
22 40
96 40
40 71
40 30
30 9
30 10
9 10
10 11
11 31
31 44
44 63
63 38
38 97
97 98
98 39
98 99
