0 1
1 2
1 3
2 4
2 5
4 6
4 7
6 7
7 8
7 9
8 10
8 11
8 12
8 13
8 14
8 15
8 16
8 17
8 18
8 19
8 20
8 21
8 22
8 23
8 24
10 25
25 26
25 27
26 28
28 29
28 30
28 11
28 31
28 13
28 32
28 15
28 33
28 34
28 27
28 35
28 36
29 30
29 31
29 33
29 19
29 22
30 11
30 31
30 27
30 37
30 36
30 5
11 31
11 33
11 36
31 12
31 13
31 32
31 14
31 15
31 16
31 19
31 38
31 39
31 34
31 27
31 40
31 35
31 41
12 13
12 27
13 32
13 9
13 27
13 36
32 14
32 19
32 39
32 27
32 36
32 41
14 42
14 43
14 19
14 38
14 39
14 9
42 43
43 44
44 15
15 33
15 38
15 39
33 16
33 19
33 45
16 17
16 39
16 27
17 18
17 39
17 27
18 19
19 20
19 39
19 9
19 36
20 38
20 39
20 9
20 27
38 46
38 47
38 34
38 9
38 27
38 36
38 24
46 47
46 39
46 27
47 45
47 48
47 23
45 49
45 50
49 51
51 52
51 5
52 53
52 39
52 3
53 54
53 48
53 9
53 3
54 55
55 56
56 57
56 39
56 37
56 3
57 21
57 58
21 59
21 60
21 39
59 61
59 60
59 62
59 63
59 58
61 64
64 65
64 63
65 66
66 60
66 63
66 58
60 62
60 67
60 63
60 36
62 68
62 27
62 36
68 69
68 70
68 63
68 58
69 70
70 67
70 63
67 63
67 36
63 71
63 58
63 72
63 36
71 58
58 73
58 72
58 74
58 27
58 3
72 36
72 3
74 75
74 3
75 48
75 39
75 27
48 76
48 39
48 35
48 77
48 78
48 36
48 79
48 23
48 3
76 39
76 36
76 3
39 80
39 81
39 34
39 27
39 40
39 35
39 23
80 81
80 27
81 34
81 9
81 27
81 77
34 9
34 27
34 5
9 82
9 27
9 83
9 5
9 84
9 23
9 85
9 86
9 3
82 27
82 3
27 87
27 37
27 40
27 22
27 83
27 23
27 88
87 37
37 40
37 35
37 36
37 83
40 89
40 36
89 35
89 36
35 77
77 22
22 78
22 5
22 3
78 36
78 5
36 83
36 79
36 23
83 41
83 3
41 90
41 91
41 92
41 93
90 94
94 91
91 92
92 95
92 5
95 93
95 50
93 50
93 5
50 5
5 96
96 79
79 97
97 84
84 23
84 98
23 85
23 86
23 24
23 99
85 86
86 24
24 99
99 98
98 88
88 3
