0 1
0 2
1 3
1 2
3 2
2 4
2 5
2 6
4 7
4 8
4 9
4 10
4 11
4 12
4 13
4 14
4 15
4 16
4 17
4 18
4 19
4 20
4 21
4 22
4 23
4 24
4 25
4 26
4 27
4 28
4 29
4 30
4 31
4 32
4 33
4 34
7 5
7 9
7 35
7 36
5 8
5 37
5 22
8 9
9 10
9 11
9 38
9 18
9 19
9 28
9 39
10 20
11 35
11 40
11 20
35 41
35 38
35 19
35 42
35 43
41 44
41 45
44 46
44 47
44 45
46 48
46 45
47 48
47 45
48 12
48 31
48 49
48 50
48 51
12 52
12 31
12 45
52 53
52 31
53 54
53 36
54 13
54 19
54 27
13 55
13 56
55 57
55 24
55 27
55 43
57 14
14 58
14 20
14 36
14 39
58 59
58 60
59 60
60 61
61 62
62 63
63 37
37 64
64 40
64 65
64 45
40 66
40 42
40 26
40 67
40 39
40 45
40 68
66 15
15 38
15 20
15 36
38 69
38 36
38 45
69 70
69 71
70 16
70 72
70 71
16 72
16 71
16 24
72 71
71 73
73 17
73 74
73 24
73 45
17 74
17 20
17 36
17 31
74 18
18 19
18 6
19 75
19 20
19 6
19 36
19 39
75 20
20 21
20 22
20 24
20 25
20 27
20 28
20 56
20 39
20 31
20 33
20 76
21 22
22 23
22 36
23 77
77 78
78 65
65 42
42 79
42 45
79 24
79 45
24 80
24 28
24 36
24 81
80 25
25 26
25 82
26 27
27 82
27 56
27 39
82 28
28 83
28 56
28 34
83 56
56 43
56 84
56 45
56 49
43 85
43 45
85 86
86 6
6 29
6 39
6 31
6 34
29 36
36 67
36 31
36 33
36 50
67 39
67 45
39 87
39 31
39 88
87 81
81 30
30 89
89 90
90 91
91 92
92 84
84 31
84 88
84 45
31 93
31 94
31 95
31 96
31 45
31 49
31 50
31 68
93 94
94 95
95 96
96 32
96 68
32 33
33 34
34 88
88 97
97 76
76 45
45 49
45 50
45 68
49 98
49 68
98 50
98 51
50 51
50 68
51 99
51 68
99 68
