0 1
1 2
1 3
1 4
2 5
2 3
2 6
5 7
5 8
5 9
5 10
5 3
5 11
5 12
7 8
7 13
7 3
8 9
8 14
8 11
8 12
8 15
8 16
8 17
8 18
8 19
8 20
9 14
9 11
9 15
14 13
14 3
14 16
14 4
13 21
13 22
13 23
13 24
13 25
13 26
13 27
13 28
13 29
13 6
13 30
21 31
31 10
10 32
10 33
10 34
32 3
3 35
3 11
3 36
3 15
3 37
3 16
3 17
3 18
3 4
3 19
3 38
3 39
3 40
35 41
35 42
41 11
41 16
41 18
41 43
11 36
11 12
11 16
11 18
11 4
36 12
36 16
36 44
12 15
12 18
12 20
12 45
15 37
15 4
15 19
15 20
37 16
37 4
37 46
16 17
16 47
17 18
17 6
18 48
18 4
18 45
48 22
22 4
4 19
4 49
4 50
19 20
20 45
45 38
38 51
51 47
47 52
52 49
49 53
53 50
50 54
50 55
54 55
54 56
55 57
57 42
42 58
42 59
42 60
58 61
61 62
62 23
23 24
23 63
24 56
56 64
56 65
64 66
64 65
66 67
66 68
66 65
67 69
67 68
67 65
69 68
69 65
68 65
65 25
65 34
65 60
25 26
25 46
27 33
33 70
70 34
34 71
71 72
72 73
73 74
74 75
75 76
76 77
77 78
78 79
79 80
80 81
81 39
39 59
59 28
28 82
82 40
82 83
40 63
63 29
63 84
84 85
85 86
86 87
87 88
87 83
87 6
88 83
83 89
83 6
83 90
83 46
89 6
6 90
6 46
90 46
46 91
91 60
60 92
92 93
93 94
94 43
43 44
44 95
95 96
95 97
95 30
96 98
96 99
96 97
98 99
99 97
97 30
