0 1
0 2
0 3
1 4
1 2
1 5
4 2
2 6
2 7
2 8
6 3
6 8
3 9
9 5
5 7
5 10
7 11
7 12
7 10
11 13
11 14
11 15
11 12
11 16
11 17
13 14
13 12
13 17
14 18
18 19
18 20
19 21
21 22
22 15
15 23
23 24
23 25
25 26
26 27
26 10
26 28
27 29
29 30
30 31
30 32
31 33
31 10
33 34
33 35
33 32
33 8
34 36
36 12
12 37
37 38
38 39
39 40
40 35
40 16
40 41
35 42
35 43
42 44
42 20
44 45
44 46
45 47
47 46
47 20
46 16
46 48
16 49
16 48
49 50
49 51
50 52
52 32
32 53
32 54
32 55
32 56
53 57
57 58
58 20
20 59
20 48
59 60
60 61
60 62
60 10
61 63
61 64
63 64
63 62
64 54
64 65
54 43
54 10
54 8
43 51
43 48
51 17
51 10
17 55
55 66
66 67
66 48
67 68
68 69
69 70
70 62
62 65
65 41
41 71
41 48
71 72
72 48
48 73
73 74
74 75
75 10
10 76
10 77
10 78
10 79
10 80
10 56
76 81
81 8
8 82
8 56
82 77
77 83
77 84
83 84
84 85
85 86
86 87
86 78
86 88
86 28
87 89
89 78
89 88
89 90
89 91
89 80
89 92
78 88
78 90
78 92
78 28
78 93
88 90
88 94
90 94
94 95
95 96
96 79
79 97
79 92
97 98
97 91
97 80
98 91
91 80
80 92
92 28
28 93
93 56
56 99
