0 1
1 2
2 3
2 4
2 5
3 6
3 5
6 7
7 8
7 9
7 10
7 4
7 11
7 12
7 13
7 14
8 15
8 9
15 9
9 16
9 17
9 18
9 11
9 12
9 19
9 20
16 12
17 21
17 12
17 19
17 14
21 22
21 23
21 4
21 19
21 20
22 23
23 24
23 25
23 26
23 10
23 4
23 13
24 27
27 25
27 18
27 26
27 10
27 4
27 28
27 13
27 29
27 14
25 30
25 18
25 31
25 26
25 32
25 33
25 34
25 35
25 28
25 36
25 37
25 38
25 39
25 40
25 41
25 42
25 43
25 44
30 18
30 26
30 10
30 28
30 13
30 14
18 31
18 10
18 45
18 4
18 28
18 13
18 41
18 46
18 20
31 26
31 4
31 13
31 46
26 32
26 10
26 33
26 4
26 28
26 13
26 47
26 48
26 41
26 14
26 44
32 10
32 4
32 13
32 5
10 33
10 35
10 28
10 13
10 49
10 38
10 48
10 50
10 51
10 19
10 41
10 5
10 52
10 53
33 45
33 4
33 13
33 14
45 54
45 55
45 34
45 28
45 41
45 20
54 55
54 41
54 46
54 20
55 34
55 28
55 36
55 13
55 20
34 56
34 28
34 19
34 20
56 57
56 28
56 13
56 58
56 59
57 4
57 12
4 60
4 35
4 36
4 61
4 62
4 12
4 48
4 63
4 64
4 65
4 66
4 19
4 40
4 42
4 43
4 59
4 67
60 11
60 12
60 19
60 5
11 35
11 52
35 28
28 36
28 13
28 41
28 20
36 13
36 41
61 62
61 12
62 12
12 37
12 68
12 69
12 66
12 59
12 67
12 52
37 13
13 49
13 38
13 70
13 48
13 66
13 19
13 40
13 41
13 42
13 71
13 44
13 59
13 52
13 53
49 38
38 47
38 70
38 48
38 14
47 39
47 50
39 68
39 70
39 48
39 72
68 73
68 70
68 71
73 74
73 48
73 75
73 76
73 77
74 78
78 70
70 79
70 80
70 50
70 77
70 43
80 81
81 48
48 82
48 83
48 69
48 50
48 46
48 76
48 43
82 84
82 75
82 72
84 75
84 83
75 83
75 69
83 69
69 72
72 50
72 63
50 85
50 71
85 86
86 63
63 29
63 41
63 46
63 14
63 20
29 87
87 51
51 88
88 89
89 90
90 91
90 64
91 64
64 92
64 19
92 65
92 5
65 93
65 5
93 66
66 19
66 5
19 40
19 67
19 20
40 94
94 95
95 96
95 20
96 41
41 42
41 46
41 20
41 52
42 46
46 97
97 98
98 76
76 77
76 14
77 71
71 43
43 14
14 44
44 58
58 59
59 5
5 67
67 99
99 20
20 52
52 53
