0 1
1 2
2 3
2 4
2 5
2 6
2 7
3 8
8 9
8 10
8 11
9 12
9 13
12 14
14 15
14 16
15 17
15 18
17 18
17 19
18 20
20 4
4 21
21 22
22 23
23 24
24 5
5 16
5 10
5 19
5 25
16 26
16 27
16 10
26 27
27 28
28 29
28 13
28 19
28 25
29 30
30 10
30 13
30 25
10 31
10 32
10 13
31 25
32 6
6 33
33 34
33 35
34 35
35 36
36 37
37 38
37 13
37 25
38 39
38 40
39 40
39 19
39 25
40 41
41 42
41 43
41 13
41 19
42 44
42 45
42 46
44 47
47 48
47 49
47 50
48 49
48 51
49 50
50 52
52 53
53 45
53 54
53 55
53 51
53 56
45 54
45 57
45 51
45 58
54 59
54 43
54 60
54 61
54 62
54 63
54 64
59 43
59 55
43 46
46 65
46 55
46 56
65 66
65 55
65 57
65 13
66 67
66 55
66 56
67 68
68 69
68 55
69 55
55 70
55 71
55 57
55 51
55 13
55 63
55 72
55 7
71 73
71 13
73 74
73 25
74 57
74 62
57 75
57 51
57 62
57 13
57 19
57 64
75 51
75 56
51 60
51 63
51 64
60 58
60 62
60 56
58 76
58 61
76 61
61 77
77 78
78 62
62 79
79 56
56 80
80 13
13 81
13 82
13 83
13 25
13 84
81 85
85 86
85 87
86 87
87 88
88 82
82 89
89 83
83 19
83 25
19 90
19 7
19 91
19 92
90 25
25 63
25 84
25 91
25 93
25 94
25 95
63 64
63 96
64 72
64 97
64 98
64 92
72 96
96 97
96 98
97 99
97 98
99 98
98 7
7 11
11 84
84 91
91 93
93 94
94 95
95 92
