0 1
1 2
1 3
1 4
2 5
5 6
5 7
5 8
5 4
5 9
6 7
7 8
7 10
8 11
8 12
11 13
11 14
11 15
11 12
11 16
11 17
13 18
18 19
18 20
19 21
19 22
21 23
21 24
21 25
23 26
23 25
23 22
26 24
26 22
24 27
24 25
27 28
28 29
29 30
30 31
31 25
25 22
22 32
22 33
22 20
22 34
22 35
32 36
32 37
32 17
36 38
36 14
36 39
36 37
36 35
38 14
14 40
14 3
14 4
14 39
14 41
14 20
14 42
14 37
14 43
14 44
14 16
14 35
14 45
14 46
14 47
14 17
40 48
40 49
40 17
48 3
48 50
48 33
48 49
48 17
3 50
3 49
3 37
3 16
3 51
3 17
50 33
50 49
50 17
49 52
52 53
53 4
4 54
4 55
4 37
4 17
54 56
54 12
56 57
56 58
57 59
57 60
57 58
57 61
57 55
57 62
57 63
59 60
59 58
59 61
59 62
60 9
60 58
60 61
60 62
9 58
58 61
58 62
58 64
61 55
61 62
61 16
55 62
62 65
62 37
65 66
65 63
63 67
63 64
67 15
67 64
15 68
15 64
68 69
69 64
64 70
64 71
70 71
71 72
72 73
73 74
74 10
74 37
10 75
10 16
75 39
75 16
75 17
39 41
39 76
41 20
42 37
42 46
42 17
37 77
37 78
37 43
37 44
37 79
37 16
37 80
37 35
37 45
37 46
37 17
37 81
77 12
77 17
12 82
12 16
82 83
82 84
82 43
83 85
83 86
83 84
85 78
85 87
85 86
85 88
85 84
85 89
85 43
78 87
78 86
78 88
87 86
87 88
87 84
87 90
86 88
86 84
86 89
86 43
86 44
88 84
88 89
88 43
84 89
84 43
89 90
43 91
43 90
43 17
91 44
44 90
44 17
90 79
79 34
34 16
34 17
16 92
16 35
16 47
92 93
93 80
80 35
80 94
80 17
35 94
35 17
94 45
45 46
45 17
46 76
46 47
46 17
76 51
51 47
47 17
17 81
81 95
81 96
81 97
81 98
95 96
95 97
95 98
95 99
96 97
96 98
97 98
98 99
