0 1
1 2
2 3
3 4
3 5
4 6
6 7
6 8
7 9
7 8
9 8
8 10
10 11
11 12
12 5
5 13
13 14
14 15
15 16
16 17
16 18
17 19
17 20
19 21
19 22
21 23
23 24
24 22
22 18
18 25
25 26
25 27
25 28
25 29
25 30
27 28
28 29
28 31
29 30
29 31
30 32
30 31
32 33
32 20
32 34
33 35
35 36
35 37
36 31
31 38
38 39
39 40
39 41
39 42
39 43
40 44
44 41
44 45
44 42
44 46
41 45
41 42
41 46
45 47
45 48
45 42
47 48
47 46
48 42
48 46
42 43
42 49
42 50
43 51
51 52
51 53
52 54
54 49
54 50
49 50
49 53
50 53
53 55
55 46
46 56
56 20
20 57
57 37
37 58
37 34
37 59
37 60
58 61
58 34
61 62
61 63
62 64
64 63
63 34
34 65
34 66
34 67
34 59
34 68
34 69
34 60
65 70
65 66
70 66
66 71
71 72
71 73
71 74
72 75
72 76
72 73
72 77
72 78
72 79
72 74
72 80
75 76
75 81
75 82
75 79
75 74
75 83
76 84
76 73
76 77
76 78
76 85
76 79
76 74
76 80
84 81
84 79
81 73
73 67
73 77
73 82
73 86
73 78
73 85
73 79
73 74
73 80
73 87
67 77
67 82
67 88
67 86
67 78
67 79
67 89
77 82
77 86
77 78
77 74
77 87
82 88
82 86
82 78
82 87
82 89
88 86
88 78
88 79
86 78
86 74
78 85
78 79
78 74
78 80
78 87
85 79
79 74
79 80
79 87
79 90
79 59
79 83
74 80
80 87
87 90
90 59
59 83
83 91
91 92
92 93
93 68
68 89
89 69
89 60
69 94
94 60
94 95
60 96
60 95
96 97
96 95
97 95
95 98
98 99
