0 1
0 2
1 3
1 4
1 5
1 6
1 7
1 8
1 9
1 10
1 11
1 12
1 13
1 14
1 15
1 16
1 17
1 18
1 19
1 20
1 21
1 22
3 23
23 24
24 25
24 26
24 4
24 5
24 6
24 27
24 28
25 26
25 28
26 4
26 6
26 28
4 5
4 6
4 28
5 6
5 28
5 29
5 2
6 27
6 30
6 31
6 28
6 2
27 32
27 33
33 34
34 35
35 36
36 37
36 7
37 29
7 38
7 28
7 29
7 39
7 2
7 40
7 41
38 30
30 31
31 28
28 42
28 43
28 10
28 11
28 44
28 12
28 29
28 16
28 45
28 18
28 19
42 46
46 47
46 9
46 29
47 8
8 9
9 48
9 43
9 2
9 16
9 49
48 43
48 29
48 50
48 40
48 51
43 52
52 53
53 54
53 51
54 55
54 50
55 10
10 11
11 56
11 29
56 57
57 44
12 29
29 58
29 14
29 16
29 18
29 19
29 20
29 59
29 60
29 22
58 61
61 13
61 20
13 62
13 63
13 64
13 60
13 65
62 66
66 67
67 68
67 14
67 45
14 15
14 39
15 39
15 2
15 63
39 69
39 2
69 2
2 16
2 18
2 19
2 41
2 70
2 71
2 72
2 73
2 59
2 21
2 22
16 17
16 74
16 50
16 75
16 40
16 51
17 74
17 50
17 75
74 76
74 77
76 78
78 79
79 80
80 81
80 40
81 82
82 50
82 40
50 83
50 84
50 77
50 85
83 75
75 84
75 77
77 40
40 86
40 87
40 18
40 85
40 49
86 87
87 88
88 45
45 18
18 19
19 41
41 70
70 63
63 89
63 73
63 90
63 20
63 21
63 65
63 22
89 91
91 92
92 93
93 71
93 90
93 64
93 65
71 94
94 95
95 72
73 90
90 20
90 65
20 64
64 59
64 21
59 60
60 96
96 21
21 65
65 85
85 49
49 51
51 22
22 97
97 98
97 99
98 99
