0 1
1 2
1 3
2 4
4 5
5 6
5 3
6 7
6 8
6 3
7 9
7 10
9 11
9 12
11 12
12 13
12 14
12 15
13 16
16 17
16 18
16 19
16 20
16 3
17 18
17 21
17 3
17 22
17 10
18 19
18 20
19 23
23 20
20 24
20 21
20 3
20 10
24 25
25 26
26 27
27 28
27 21
28 29
29 21
21 30
30 31
31 32
32 33
32 10
33 34
33 35
34 36
36 37
36 38
36 39
37 14
14 40
40 41
41 42
41 43
41 22
41 10
42 44
44 43
44 3
43 8
43 45
43 46
43 47
43 38
43 15
8 48
8 3
8 10
48 49
49 50
49 22
50 51
50 38
51 52
51 22
52 53
52 22
52 10
53 54
54 45
45 46
46 47
46 55
47 56
56 55
56 3
55 57
57 38
38 15
38 3
38 22
15 58
15 3
58 59
59 60
60 61
61 62
62 63
63 64
63 65
64 65
65 66
66 39
39 67
67 68
68 69
69 70
70 71
71 72
72 73
73 74
73 75
73 3
75 76
75 77
76 78
76 79
76 80
78 77
78 81
78 79
78 82
77 81
77 79
77 80
77 82
77 83
77 84
81 79
79 80
79 82
79 83
79 84
80 82
82 83
82 84
83 84
83 22
84 85
84 86
85 86
85 87
86 87
87 88
88 89
89 90
90 91
91 92
92 93
93 94
93 95
94 95
95 3
3 96
96 22
96 10
22 97
97 35
97 10
35 98
35 10
98 10
10 99
