0 1
0 2
1 3
1 4
1 5
1 6
1 7
1 8
1 9
1 10
1 11
3 12
3 13
12 14
14 15
14 16
14 17
14 18
15 19
15 16
19 20
19 18
20 16
16 17
16 18
16 21
16 10
18 21
21 2
2 4
2 22
2 6
2 23
2 24
2 25
2 26
2 27
2 9
2 28
2 10
4 29
4 6
4 25
4 30
4 31
29 32
29 30
32 22
32 33
32 34
32 35
32 36
32 37
32 28
22 33
22 6
22 38
22 27
22 39
22 10
33 34
33 35
33 40
33 41
33 37
33 42
34 5
34 35
5 35
5 38
5 23
5 37
5 39
35 43
35 39
35 10
43 40
43 13
43 44
40 45
40 27
45 36
36 6
36 31
36 27
36 10
6 46
6 47
6 48
6 13
6 24
6 49
6 50
6 31
6 27
6 9
6 28
6 51
6 10
6 52
6 53
46 7
46 48
46 38
46 13
7 54
7 38
7 13
54 47
47 48
48 55
48 38
48 13
48 56
55 57
55 13
57 58
57 13
57 50
58 38
38 59
38 41
38 60
38 61
38 37
38 28
38 39
38 11
59 23
59 39
23 62
23 39
62 13
62 39
13 63
13 64
13 41
13 65
13 60
13 56
13 25
13 66
13 39
64 67
64 41
41 65
41 68
41 39
41 10
65 60
60 24
24 61
24 31
24 10
61 56
61 39
56 37
37 42
37 39
42 69
42 39
69 70
70 44
44 49
49 50
49 27
49 39
50 25
50 10
25 8
8 71
8 26
71 68
68 30
68 27
30 26
26 31
26 27
31 72
31 27
31 28
31 51
31 73
72 27
27 74
27 28
27 51
27 10
27 75
27 76
27 77
27 52
27 73
74 78
78 79
78 80
78 81
78 82
79 83
83 84
84 85
84 81
85 86
86 80
86 82
80 81
81 82
82 87
87 88
87 89
88 90
88 91
88 92
90 89
90 92
89 91
91 92
92 66
92 9
66 9
9 28
28 51
28 39
28 10
51 39
39 93
39 10
39 75
93 94
93 95
94 96
94 95
96 97
96 95
97 95
95 98
98 10
10 75
10 77
10 52
10 99
10 53
76 77
77 11
11 52
52 99
99 73
73 53
