0 1
0 2
1 3
1 4
3 2
3 4
2 5
5 6
6 7
7 8
7 4
7 9
8 10
8 11
8 9
10 12
10 13
10 14
10 15
10 16
10 17
10 18
10 19
10 20
10 11
10 21
10 9
10 22
10 23
10 24
10 25
12 26
26 13
26 14
26 15
26 27
26 4
26 28
13 14
13 15
13 9
14 29
14 15
29 30
30 15
30 11
15 27
15 9
27 31
27 32
27 19
31 33
31 9
33 34
34 35
34 18
35 36
35 37
36 38
38 39
39 40
39 37
40 41
41 42
42 37
37 16
16 43
16 44
16 11
16 9
16 45
16 25
43 46
43 17
43 20
43 47
43 48
46 44
46 9
46 25
44 49
44 23
44 24
44 25
44 50
49 51
51 52
51 23
51 25
52 53
53 54
54 55
54 56
54 17
54 9
55 56
56 17
56 45
17 57
17 4
17 11
17 9
57 58
58 4
4 59
59 60
60 28
28 32
28 61
32 18
32 11
32 61
32 9
32 48
18 62
18 19
62 63
63 64
64 19
19 65
19 11
19 9
65 66
65 45
66 67
67 68
68 69
68 45
68 70
69 20
69 71
20 45
20 47
20 72
20 25
71 73
73 74
74 75
74 11
74 9
74 45
75 76
76 77
77 78
78 79
79 11
11 21
11 9
11 22
11 23
11 47
11 24
11 50
21 61
61 80
80 9
9 22
9 23
9 47
22 81
81 23
23 45
23 25
45 82
45 83
45 70
45 47
45 24
45 84
45 85
45 86
45 87
45 88
45 89
83 70
83 47
70 47
47 24
47 85
24 90
24 25
90 91
90 84
91 84
84 92
92 93
93 85
85 48
48 86
86 72
72 94
72 95
94 96
94 25
96 97
97 87
87 98
98 88
88 99
88 89
99 89
89 95
89 25
95 25
25 50
