0 1
0 2
1 3
3 4
3 5
4 6
4 5
6 7
6 5
6 8
7 5
5 9
5 8
5 10
5 11
5 12
5 13
9 14
9 15
14 16
16 17
16 18
18 19
19 20
19 21
20 21
21 22
22 23
23 24
24 25
24 2
25 8
8 26
8 27
8 13
27 28
28 29
29 30
29 2
30 10
10 31
31 32
31 2
32 33
32 34
32 35
32 36
32 37
33 38
33 34
38 39
38 34
39 34
34 40
34 37
40 41
41 42
41 37
41 2
42 43
42 36
43 44
44 45
45 46
45 47
46 48
46 49
46 50
46 51
46 52
48 53
48 49
48 54
48 50
48 55
48 56
48 57
48 51
48 52
53 58
53 49
53 50
53 52
53 2
58 49
49 59
49 50
49 55
49 56
49 52
59 60
59 50
60 61
60 62
60 63
60 64
61 62
62 54
62 50
54 65
54 50
54 55
54 52
65 63
63 50
50 66
50 52
50 64
50 67
66 55
55 68
55 56
55 51
55 69
55 52
68 56
68 52
56 57
56 52
57 51
51 69
69 52
52 70
70 47
47 64
64 71
71 67
67 72
72 73
72 36
72 74
73 75
73 35
75 76
75 77
75 78
76 35
35 77
35 79
35 80
77 79
79 78
78 81
81 80
80 82
82 83
83 84
83 85
84 85
85 86
86 87
87 36
36 37
37 88
88 89
89 74
74 90
90 91
90 11
90 2
91 11
11 12
12 13
13 92
92 2
2 93
93 94
94 95
94 15
95 96
95 15
96 15
15 97
15 98
97 98
98 99
