0 1
0 2
1 3
1 4
1 5
1 6
1 7
1 8
1 9
1 10
1 11
1 12
1 13
1 14
1 15
1 16
1 17
1 18
1 19
1 20
1 21
3 22
3 2
22 23
23 4
23 2
23 6
4 5
5 24
5 25
24 26
26 27
26 28
26 29
27 28
28 30
28 31
28 29
28 32
28 33
30 34
30 32
34 35
34 36
34 37
34 38
34 21
35 2
35 39
2 40
2 41
2 7
2 42
2 43
2 44
2 45
2 46
2 10
2 36
2 47
2 14
2 15
2 33
2 19
2 39
40 6
6 41
6 48
6 10
6 36
6 47
6 49
6 50
6 12
6 13
6 15
6 51
6 20
6 52
41 53
41 32
53 7
53 32
7 54
7 8
54 8
8 48
48 31
31 55
31 10
31 15
31 21
55 56
56 57
56 58
56 59
57 60
60 61
60 51
60 62
61 58
61 32
58 9
9 42
42 43
42 44
42 45
42 46
42 10
42 36
42 47
43 44
44 45
45 46
46 10
10 36
10 63
10 32
36 47
36 64
36 63
36 32
47 64
47 49
47 50
47 32
47 39
64 63
64 49
64 50
63 49
49 50
50 65
50 32
65 66
66 67
66 29
67 68
67 69
68 29
29 70
29 32
70 69
69 11
11 12
11 37
11 32
11 71
12 72
12 13
12 37
72 13
13 73
13 14
13 19
73 74
73 37
74 75
74 76
74 14
74 33
74 77
74 78
74 62
75 79
79 76
79 37
79 32
76 80
76 14
76 81
76 82
80 14
14 81
14 37
14 19
81 37
37 25
37 32
37 33
37 83
37 71
37 82
37 17
37 77
37 78
25 84
25 32
25 33
84 15
15 85
85 86
86 16
86 39
16 59
16 32
59 87
87 32
32 33
32 88
32 51
32 89
32 78
32 90
32 38
32 20
32 52
33 91
91 92
92 93
92 94
92 62
93 95
93 94
95 96
95 88
95 97
95 83
88 97
97 83
83 51
83 71
51 89
89 71
71 82
71 77
82 17
78 94
94 62
62 98
98 90
90 38
38 99
99 18
18 19
19 20
20 39
20 21
39 52
52 21
