0 1
1 2
2 3
2 4
2 5
3 6
3 7
3 8
3 9
6 10
6 7
10 7
7 11
11 12
11 4
12 13
13 4
13 5
4 14
4 15
4 16
4 17
4 18
4 19
4 20
4 21
4 22
4 23
4 24
4 25
4 26
4 27
4 28
4 9
4 29
4 30
14 15
14 9
15 31
15 25
15 9
15 5
31 32
32 33
33 34
34 35
34 5
35 36
36 37
37 38
38 39
38 21
38 9
38 5
39 8
8 40
8 16
8 41
8 42
40 43
43 16
43 42
16 41
16 9
41 44
44 45
45 46
46 47
47 48
47 21
47 5
48 49
49 42
42 50
42 5
50 51
51 52
51 21
51 53
52 17
17 18
17 24
18 19
18 21
18 24
18 25
18 27
19 54
19 9
54 55
55 56
56 57
57 20
20 58
20 53
58 59
59 60
59 53
60 61
60 62
60 9
61 63
61 21
63 64
63 21
63 5
64 65
64 23
65 66
66 67
66 68
66 21
66 24
67 68
67 21
68 69
69 21
21 22
21 23
21 24
21 70
21 71
21 72
21 73
21 5
21 74
21 75
21 76
22 62
62 23
62 77
62 24
62 29
62 72
62 30
23 77
23 24
23 9
77 78
78 24
24 70
24 25
24 26
24 27
24 9
24 73
70 79
70 73
70 5
70 53
79 25
79 9
79 73
25 26
25 80
26 27
26 28
27 71
27 28
27 73
27 75
71 28
28 81
28 9
81 82
81 53
82 83
83 9
83 5
9 84
9 30
9 85
84 86
86 87
87 29
29 72
72 73
73 30
73 80
73 76
30 80
80 88
88 89
89 90
89 91
89 92
90 93
90 91
93 94
93 91
94 91
94 5
91 95
95 96
95 92
96 97
97 92
92 85
92 53
85 98
85 53
98 99
99 5
5 74
5 75
74 53
53 75
53 76
75 76
