0 1
1 2
1 3
2 4
4 3
3 5
5 6
6 7
7 8
7 9
7 10
8 11
11 12
12 13
12 14
13 15
13 16
13 9
13 10
13 14
13 17
15 18
15 16
18 19
19 20
19 21
20 22
22 16
22 23
16 24
16 9
16 10
16 25
16 26
16 27
24 28
24 9
24 29
24 30
28 31
31 32
31 29
32 33
33 34
33 29
34 9
9 35
9 10
9 36
9 25
9 26
9 37
9 17
9 38
9 39
9 40
9 41
35 10
10 36
10 25
10 26
36 25
25 23
23 26
26 42
42 37
42 17
37 14
14 21
21 17
17 27
17 41
27 38
27 29
38 43
38 44
38 45
38 46
43 47
47 48
47 29
48 49
49 50
49 51
50 29
29 39
29 40
29 52
29 45
29 46
39 53
39 30
53 54
54 44
44 55
55 40
40 52
40 30
52 45
45 30
30 46
46 56
56 57
57 58
58 59
58 60
58 61
58 62
58 63
58 64
58 65
58 66
59 60
59 67
59 68
59 63
60 61
61 69
61 70
69 71
71 72
71 73
71 67
71 74
71 75
71 66
71 76
71 77
71 78
72 73
72 79
72 76
73 80
73 79
73 67
73 76
73 77
80 70
80 51
70 81
70 82
70 83
70 84
70 85
70 77
70 86
70 87
70 88
81 79
81 51
79 67
79 76
67 82
67 74
67 89
67 90
67 62
67 68
67 41
67 63
67 76
67 77
67 78
67 91
82 74
82 62
82 68
74 83
74 62
74 68
74 41
74 92
74 78
74 87
83 93
93 89
93 84
89 90
89 68
90 94
90 68
94 62
62 95
62 68
62 96
62 97
62 98
62 64
62 66
62 86
62 87
62 88
95 68
68 96
68 86
68 88
96 41
41 63
41 51
63 84
84 85
84 92
85 92
92 97
92 98
97 98
98 99
98 51
99 64
65 75
75 66
75 76
75 91
66 76
66 51
76 77
76 78
76 91
77 78
78 91
91 51
51 86
86 87
87 88
