0 1
0 2
0 3
1 4
1 5
1 6
1 7
1 8
1 9
1 10
1 11
1 12
1 13
4 14
5 2
5 15
5 14
2 16
2 8
2 14
2 17
2 18
2 19
2 11
16 20
16 14
16 21
16 22
20 23
20 24
20 25
20 26
20 22
20 27
23 28
23 22
28 29
28 14
29 30
30 31
30 32
31 32
32 33
32 34
32 3
32 12
32 21
32 22
33 24
33 22
24 25
24 21
25 34
25 3
25 22
34 3
34 35
34 21
34 22
3 36
3 37
3 26
3 38
36 6
36 39
36 14
6 40
6 39
40 39
40 22
39 41
39 15
39 35
41 37
41 7
41 35
41 10
41 42
37 43
37 14
43 44
43 45
43 13
44 7
44 45
7 8
7 35
7 10
7 46
7 47
8 15
8 14
8 10
15 48
48 49
48 50
48 46
49 9
49 10
9 14
14 17
14 51
14 50
14 18
14 52
14 11
14 53
14 12
14 54
14 26
14 55
14 56
17 51
51 57
57 50
50 35
35 58
35 10
35 59
35 46
35 60
35 61
35 62
35 63
35 64
35 65
58 66
66 67
66 62
66 56
66 68
66 69
67 70
67 10
70 71
70 60
70 72
70 61
70 73
70 74
70 62
71 10
71 75
10 59
10 60
10 75
10 61
10 73
10 62
10 11
10 13
10 56
10 76
59 46
46 60
46 62
60 72
72 77
72 75
77 78
78 75
75 61
61 73
73 74
74 62
74 13
62 79
79 80
80 81
81 18
18 63
63 19
19 47
47 52
47 11
52 11
11 82
82 53
82 22
53 12
53 21
12 54
12 21
12 22
54 21
21 26
21 22
21 38
21 83
21 84
26 22
22 38
22 83
22 84
22 27
22 85
22 86
83 84
84 27
27 85
85 86
86 87
87 45
45 55
45 13
55 13
13 56
56 42
42 88
88 89
88 65
89 64
89 65
89 90
64 76
64 91
64 90
76 92
76 93
92 65
92 90
65 94
65 95
65 91
65 90
94 95
95 96
96 91
91 97
97 98
97 99
98 99
99 90
90 93
93 68
68 69
