0 1
1 2
1 3
1 4
1 5
1 6
2 7
2 8
2 9
2 10
2 11
2 12
7 13
7 14
7 3
7 15
13 14
13 3
14 16
16 17
16 18
16 19
16 20
16 21
16 22
16 23
16 24
16 25
17 26
17 27
17 28
17 20
17 29
17 23
17 30
17 31
17 24
17 32
17 25
17 33
17 34
17 35
26 36
36 37
36 10
36 4
36 5
36 38
37 39
37 40
37 9
39 41
39 10
41 40
40 42
42 43
43 44
43 45
44 46
46 45
46 47
45 47
45 9
47 48
47 49
47 50
48 51
48 52
51 53
51 49
51 50
51 54
53 52
52 55
52 49
52 50
55 56
55 22
56 57
57 58
58 59
59 60
60 49
60 10
60 22
49 61
49 10
61 50
61 54
50 62
50 8
50 10
62 63
62 8
62 10
63 8
63 10
8 64
8 65
8 10
8 54
8 66
64 9
9 65
9 67
9 68
9 18
65 69
69 70
70 71
70 10
71 10
71 72
10 27
10 15
10 4
10 12
10 18
27 73
27 31
27 74
73 75
73 18
73 29
75 72
72 54
72 28
72 6
72 22
28 3
28 11
3 11
3 29
11 15
15 67
67 68
67 4
4 12
12 5
12 18
5 76
76 77
77 78
78 18
18 19
18 20
18 22
18 23
19 38
19 20
19 22
38 20
20 21
20 22
20 23
21 79
21 23
79 29
29 80
29 23
29 31
80 81
80 82
81 82
82 83
83 6
83 22
6 84
6 85
6 86
84 87
87 85
85 88
85 89
85 86
85 22
88 89
89 90
89 86
90 86
86 66
66 22
22 91
22 30
22 33
22 35
91 23
23 30
23 31
23 24
23 25
23 33
23 92
30 31
30 24
31 93
31 24
31 94
31 25
31 33
31 92
31 34
93 24
93 74
93 25
24 32
24 25
24 33
24 95
32 74
32 25
74 94
74 25
74 96
94 25
25 33
25 96
25 35
33 92
92 96
96 97
96 98
96 35
97 98
98 95
95 34
34 99
34 35
99 35
