0 1
1 2
2 3
2 4
3 5
5 6
6 7
6 8
7 8
8 9
9 10
9 11
9 12
9 13
10 14
11 15
15 12
12 16
16 14
16 13
14 17
14 18
17 18
18 13
13 19
19 4
4 20
4 21
4 22
4 23
4 24
4 25
4 26
4 27
4 28
4 29
4 30
4 31
4 32
4 33
4 34
20 21
20 35
20 30
21 22
22 36
22 24
22 37
22 26
22 38
22 35
22 30
22 39
22 40
22 41
22 42
36 43
36 44
36 23
36 24
36 45
36 38
36 41
43 46
43 24
43 47
43 38
43 41
46 44
46 35
44 48
44 49
44 50
44 38
44 51
44 52
44 40
48 23
48 24
48 37
48 38
48 35
48 40
48 42
23 24
23 47
23 37
23 26
23 38
23 30
24 25
24 53
24 37
24 27
24 38
24 30
24 39
24 54
24 55
25 56
25 35
25 32
56 57
56 37
56 30
57 53
53 47
53 38
47 58
47 59
47 51
47 35
47 55
47 40
58 60
58 35
58 61
58 39
58 42
60 62
60 49
60 63
62 64
62 49
62 63
62 42
64 65
64 49
64 66
64 40
64 41
64 42
65 49
65 42
49 63
49 41
49 42
63 45
63 37
63 39
63 55
63 42
45 50
45 37
45 35
45 42
45 67
50 37
50 30
50 40
37 68
37 59
37 27
37 38
37 51
37 52
37 30
68 69
68 38
68 35
68 42
69 59
59 26
59 35
59 41
26 27
27 38
27 40
38 51
38 52
38 35
38 30
38 40
51 52
51 35
51 30
52 35
35 28
35 30
35 41
28 61
28 30
61 70
70 71
70 66
70 39
70 41
70 72
70 42
71 73
71 66
71 39
71 55
71 41
71 72
71 42
73 29
73 39
73 55
29 30
29 66
29 39
29 55
29 74
29 41
30 75
30 76
30 77
75 78
78 31
31 76
76 32
32 33
32 72
33 66
66 79
66 39
66 77
66 55
66 80
66 74
66 81
66 41
66 82
66 72
66 83
66 84
79 39
79 55
39 85
39 55
39 86
39 72
39 42
39 87
39 83
85 77
85 55
77 34
77 42
34 88
34 89
34 55
88 89
89 54
54 55
55 90
55 80
55 74
55 41
55 86
55 72
55 42
90 91
90 42
91 40
40 80
80 74
80 42
74 81
74 41
81 41
41 92
41 82
41 42
82 86
86 72
72 93
72 83
93 94
94 95
95 42
42 96
42 97
96 97
97 98
98 99
99 87
87 83
83 84
84 67
