0 1
0 2
1 3
1 2
1 4
1 5
3 6
3 7
3 8
3 9
3 10
3 11
6 2
6 12
2 7
2 8
2 13
2 14
2 15
2 11
7 12
7 16
7 17
12 18
18 19
19 20
19 21
20 22
20 21
22 21
21 23
21 24
21 25
21 26
21 27
21 28
21 29
21 17
23 30
23 31
23 32
30 33
30 31
33 34
34 35
35 31
31 36
31 32
36 32
32 37
32 38
32 39
32 16
32 17
37 40
37 38
37 39
37 17
40 38
40 41
40 4
40 17
38 42
38 43
38 44
38 27
38 8
38 39
38 45
38 46
38 47
38 14
38 48
38 49
38 9
38 10
38 4
38 11
38 50
38 51
38 17
42 52
42 43
52 43
52 53
43 54
54 24
54 55
54 56
54 57
54 53
54 44
54 25
54 58
54 59
54 60
54 61
54 27
54 16
24 62
24 53
24 58
24 63
24 17
62 55
62 56
62 64
62 58
55 56
55 65
55 53
55 58
56 65
56 53
56 66
65 67
65 57
65 53
65 68
65 69
65 64
65 25
65 58
65 60
65 27
67 57
67 53
57 53
57 58
57 63
57 26
53 70
53 69
53 44
53 25
53 58
53 60
53 61
70 68
68 69
68 44
68 66
68 25
69 44
69 58
44 71
44 58
44 63
71 64
64 66
64 63
66 25
66 58
66 63
66 26
25 58
58 59
58 63
58 60
58 72
58 73
58 61
58 26
58 27
59 63
63 60
63 73
63 61
63 26
60 72
72 73
73 61
61 26
61 16
26 27
27 28
27 16
28 74
74 8
74 29
74 50
8 39
29 39
29 16
29 17
39 45
39 75
39 14
39 15
39 48
39 76
39 16
39 41
39 9
39 10
39 17
39 77
45 78
78 13
13 79
79 80
80 46
80 15
46 75
75 47
47 14
47 17
14 15
14 16
14 10
14 17
15 48
15 16
15 41
15 4
15 17
48 76
76 81
76 16
76 17
76 82
81 16
81 17
16 49
16 41
16 9
16 10
49 41
49 4
41 9
41 10
41 17
9 10
9 4
9 17
10 83
10 4
10 17
83 4
4 11
11 5
5 84
84 85
85 50
50 51
50 82
51 17
17 86
86 87
87 88
88 89
89 90
90 82
82 91
82 77
91 92
92 93
93 94
94 95
94 77
95 96
96 77
77 97
97 98
98 99
