0 1
0 2
0 3
0 4
1 5
1 2
1 3
5 6
5 2
5 3
5 4
6 7
6 8
7 9
7 3
7 4
9 10
9 2
10 11
11 12
11 4
12 13
12 4
13 2
2 14
2 15
2 16
2 17
15 3
15 4
3 18
18 19
18 8
19 20
19 4
20 4
20 21
4 22
4 23
4 24
4 25
22 8
8 23
8 26
23 27
23 28
27 28
28 29
28 30
29 30
30 26
26 31
31 32
32 16
32 33
16 34
16 35
16 36
34 24
34 33
34 37
24 33
33 37
37 38
38 39
39 40
39 41
40 42
40 43
42 43
43 44
43 45
43 35
43 46
43 47
44 48
48 45
48 49
45 50
45 51
45 21
50 52
52 35
35 53
35 54
35 55
35 56
35 57
35 58
35 59
53 60
60 51
60 41
51 61
51 62
51 47
51 63
61 41
61 63
41 62
41 64
41 55
41 58
62 65
62 66
65 67
67 68
67 36
68 69
69 70
70 71
70 46
70 72
70 73
46 74
74 25
25 21
21 47
21 73
21 75
21 49
21 76
21 17
21 77
21 78
47 79
79 72
79 73
79 78
72 73
73 75
73 80
75 81
81 82
82 83
83 84
84 49
84 63
49 54
54 36
54 63
36 64
36 58
64 66
64 63
66 55
55 63
63 56
56 57
57 58
58 85
85 59
59 80
80 86
80 78
86 87
87 88
88 76
76 17
76 77
17 77
77 78
77 89
78 90
90 89
90 91
89 91
89 92
89 93
91 94
91 95
94 96
94 92
94 97
94 95
94 93
96 92
96 95
92 97
92 95
92 93
97 98
98 95
95 99
99 93
