0 1
0 2
0 3
1 4
1 2
1 5
1 6
1 7
1 8
1 9
4 2
2 10
2 11
2 6
2 12
2 7
2 13
2 9
2 14
2 15
2 16
2 17
10 18
10 19
10 20
18 21
21 22
22 23
23 24
23 25
23 26
23 27
23 28
23 29
23 30
23 31
23 32
23 33
23 20
24 25
24 34
24 35
24 20
25 26
25 30
25 36
25 31
26 37
26 27
37 27
27 38
27 39
27 40
27 41
27 29
27 30
27 36
38 42
42 39
39 40
39 30
39 35
40 43
43 34
43 20
34 41
34 44
34 29
34 5
34 32
34 45
34 33
34 46
34 35
41 28
41 47
41 32
28 47
28 5
28 32
28 35
47 44
47 32
47 35
47 20
44 29
44 31
44 5
44 32
44 45
44 33
44 19
29 48
29 30
29 35
48 30
48 31
48 49
48 35
48 20
30 31
30 49
30 46
30 50
30 51
36 31
36 33
36 46
36 35
36 20
31 52
31 49
31 5
31 32
31 33
52 49
49 5
5 32
5 35
5 53
32 45
32 33
32 35
45 33
45 35
33 46
33 35
46 35
35 50
50 54
50 8
50 14
50 19
50 20
54 3
3 11
3 6
3 12
3 8
3 13
3 9
3 55
3 56
3 20
3 57
11 6
6 12
6 8
6 20
12 7
7 53
53 58
53 59
53 60
53 61
53 62
53 63
53 64
53 57
58 65
65 66
65 67
66 67
67 68
68 69
69 70
70 8
8 13
8 9
8 55
9 71
9 72
71 73
73 55
73 74
73 72
55 74
74 75
74 76
74 59
75 72
72 76
72 59
72 77
72 78
76 79
59 79
79 77
77 80
80 81
81 78
78 82
82 83
82 84
82 85
83 84
84 85
85 86
86 87
87 88
88 89
88 51
89 90
90 14
14 51
51 56
56 91
56 19
56 20
91 60
91 61
91 20
60 92
60 61
60 19
92 19
92 20
61 62
61 63
62 63
63 19
19 64
19 93
19 94
19 57
64 95
64 20
95 93
93 96
93 20
96 97
97 20
20 98
98 15
15 99
99 16
99 94
16 94
94 57
57 17
