0 1
1 2
2 3
2 4
2 5
3 6
3 7
6 8
6 9
6 10
6 11
6 12
6 13
6 14
6 15
8 16
8 13
16 17
17 9
17 18
17 7
17 13
9 19
9 20
9 18
9 7
9 13
9 21
19 22
19 23
19 24
22 25
22 4
22 24
25 26
25 18
25 7
26 10
26 18
10 27
10 18
10 7
10 13
10 24
27 28
28 29
28 30
28 20
29 31
29 18
29 7
31 32
31 18
31 7
31 13
32 33
33 34
34 35
35 36
35 11
36 37
36 38
36 39
37 40
40 41
40 42
40 43
40 11
40 44
40 45
41 46
41 47
46 42
42 43
43 11
43 47
43 7
11 44
11 47
44 47
47 48
48 49
49 50
50 51
50 52
50 53
50 14
50 54
50 55
51 56
56 57
57 58
58 59
59 60
60 61
61 62
62 63
63 64
64 65
64 38
65 30
30 66
66 67
67 68
68 69
69 70
70 71
71 72
71 73
71 13
72 73
73 38
38 74
74 52
52 75
52 7
52 13
52 21
75 76
75 5
75 77
76 78
76 20
76 13
78 79
78 20
79 20
79 13
20 80
20 4
20 81
20 82
20 83
20 84
20 55
20 21
80 18
18 12
18 7
18 85
18 86
18 13
18 14
18 84
18 87
12 7
7 85
7 86
7 88
7 13
7 84
85 89
85 13
89 4
4 90
4 81
4 86
4 83
4 84
4 55
4 21
90 23
23 81
81 82
82 86
86 83
83 88
88 13
88 24
13 53
14 91
14 45
91 39
39 45
45 92
92 84
84 93
93 87
87 15
15 94
15 95
94 54
94 95
54 95
54 96
95 55
55 96
96 97
97 24
24 5
5 77
77 98
98 21
21 99
