0 1
1 2
1 3
2 4
4 5
5 6
6 7
7 8
8 9
8 10
9 11
11 12
11 10
12 13
12 10
12 14
13 15
13 3
13 16
13 17
15 18
15 16
15 19
18 20
18 17
20 21
20 17
21 22
22 23
23 24
23 3
23 25
23 10
24 26
26 27
27 28
28 3
3 29
3 30
3 16
3 31
3 19
3 32
3 33
3 34
3 35
3 36
3 17
3 37
3 38
3 39
3 40
3 14
29 41
41 42
41 43
41 44
41 45
41 46
41 47
41 16
41 31
41 19
41 48
41 33
41 17
41 49
41 37
41 50
41 38
41 14
42 51
42 52
51 43
43 52
52 44
52 53
52 54
52 48
44 53
53 55
55 45
45 56
56 57
57 58
58 46
46 59
46 30
46 19
59 60
60 61
60 30
60 19
61 47
47 30
30 62
62 16
16 63
16 31
16 64
16 65
16 32
16 66
63 67
67 68
68 69
68 70
69 70
70 71
71 31
71 64
71 14
31 19
31 10
19 72
19 33
19 17
19 14
72 25
25 54
25 48
25 66
25 37
25 10
25 73
25 74
54 48
48 64
48 10
64 65
65 32
32 75
32 66
32 76
32 77
32 78
32 79
75 66
75 80
75 77
66 76
66 77
66 81
66 10
76 82
82 83
83 84
83 85
84 33
84 77
84 35
33 34
33 80
33 77
33 35
34 80
34 77
34 35
80 86
80 78
86 77
86 35
77 78
77 85
77 36
78 35
78 79
35 87
35 36
87 88
88 89
89 79
79 85
79 36
85 36
85 38
36 81
36 38
81 90
90 17
17 91
91 92
92 93
93 49
49 94
94 95
95 96
96 37
96 10
37 10
10 73
10 50
10 39
10 14
73 74
74 97
97 50
50 38
38 39
39 98
98 99
99 40
40 14
