0 1
1 2
2 3
2 4
3 5
3 4
3 6
3 7
3 8
3 9
3 10
3 11
3 12
3 13
3 14
3 15
3 16
3 17
3 18
3 19
3 20
3 21
3 22
3 23
3 24
3 25
5 4
4 26
4 6
4 27
4 8
4 11
4 28
4 13
4 29
4 14
4 30
4 31
4 16
4 32
4 33
4 22
4 23
26 6
6 34
6 14
34 7
7 27
7 12
27 8
27 12
27 35
27 36
8 37
8 29
8 36
37 38
37 25
38 9
9 10
10 11
11 39
11 18
39 40
40 41
41 42
42 43
43 12
43 36
12 44
12 13
12 14
12 16
12 23
44 28
28 45
28 46
46 47
46 48
47 49
47 50
47 51
47 52
49 53
49 50
49 54
49 51
49 32
49 55
49 56
49 57
53 50
50 58
50 59
50 60
50 54
50 51
50 61
50 20
50 62
50 52
50 63
50 56
50 57
58 64
64 13
13 65
13 31
13 22
65 66
66 67
67 29
29 68
29 14
29 69
29 70
29 71
29 33
29 72
14 69
14 31
14 33
14 72
14 73
14 24
69 74
74 30
30 31
31 48
31 36
48 15
15 16
16 17
17 75
17 76
75 35
35 76
35 36
35 24
76 77
76 24
77 36
36 18
36 19
18 78
18 79
78 19
78 79
19 79
79 59
59 62
59 52
59 80
60 54
60 20
60 52
54 81
54 20
54 63
54 56
54 57
54 82
54 83
54 73
81 84
84 51
51 61
51 55
51 56
51 85
51 82
61 20
20 32
20 52
32 62
32 52
32 56
62 55
55 52
52 86
52 87
52 80
86 63
63 56
56 57
56 87
56 80
57 87
57 82
87 80
80 85
85 82
82 83
83 88
88 89
89 70
70 90
70 33
70 73
90 71
71 33
71 72
33 91
33 72
91 92
92 72
72 93
93 94
93 95
94 96
96 95
95 97
97 21
21 98
21 22
98 22
22 73
73 23
23 24
24 25
25 99
