0 1
1 2
1 3
2 4
2 5
4 6
4 7
4 8
6 9
6 10
9 7
7 11
7 10
7 12
11 13
11 14
13 15
13 16
15 17
15 18
15 19
15 3
15 16
15 5
17 18
17 20
17 3
17 21
17 16
17 5
18 10
18 19
18 3
18 22
18 23
18 16
18 24
18 8
10 25
10 14
10 19
10 3
10 16
25 12
12 14
14 26
26 27
26 3
26 28
27 29
29 30
29 31
30 31
31 32
32 33
33 34
34 35
34 16
35 36
36 37
37 38
38 39
39 40
40 41
40 24
41 42
41 43
41 5
42 43
42 44
42 16
43 20
20 45
20 3
45 46
46 47
46 48
46 3
46 28
47 49
47 3
47 28
49 50
49 19
49 3
50 51
50 19
50 48
50 3
50 52
50 22
50 16
51 19
51 48
51 16
19 53
19 54
19 48
19 3
19 52
19 55
19 56
19 22
19 8
54 48
54 3
54 28
48 57
48 3
48 22
48 58
48 16
48 59
57 60
57 8
60 61
60 3
60 8
61 62
61 3
61 8
62 63
62 3
63 64
63 22
63 24
63 8
63 5
64 65
64 16
65 66
66 67
67 68
68 69
69 70
70 71
71 72
71 73
72 73
73 74
74 3
3 52
3 75
3 56
3 76
3 22
3 16
3 77
3 78
3 28
55 79
79 80
80 81
80 8
81 44
44 82
82 83
83 84
84 21
21 75
21 85
21 86
75 85
85 86
85 16
86 87
86 8
87 88
88 89
88 16
89 56
89 76
56 90
56 5
90 91
91 92
91 22
91 24
92 76
76 22
76 5
22 58
22 16
22 93
58 94
58 16
94 23
23 16
16 95
16 77
95 24
95 5
24 96
24 97
24 98
96 77
77 78
78 28
28 59
59 8
8 97
97 5
5 99
5 93
99 93
93 98
