0 1
1 2
1 3
1 4
1 5
1 6
1 7
1 8
1 9
1 10
1 11
1 12
3 13
13 14
14 15
15 16
15 17
15 18
15 19
15 20
15 21
15 22
15 23
15 8
15 24
15 9
15 25
15 10
15 26
16 4
16 27
4 28
4 20
28 29
29 17
17 18
17 19
18 19
18 5
19 5
19 9
5 30
30 31
31 32
31 33
32 33
33 34
34 35
35 36
36 37
37 38
38 39
38 40
39 41
39 40
41 40
40 42
42 43
42 44
43 6
6 45
45 46
45 44
45 9
46 47
46 20
46 48
46 49
47 50
47 20
47 27
50 20
50 12
20 48
20 51
20 49
48 52
48 49
52 53
52 49
53 44
44 54
44 55
44 12
54 55
55 21
55 9
55 56
21 22
21 27
22 57
22 9
57 7
57 24
7 23
7 8
7 24
7 9
7 27
23 58
23 8
23 24
58 8
58 59
8 60
8 24
60 24
24 9
24 27
9 61
9 62
9 10
9 26
9 49
61 59
62 27
27 63
27 12
63 59
59 25
25 51
51 64
64 65
65 66
66 67
67 10
10 68
10 69
10 70
10 71
10 26
10 72
68 73
68 74
73 75
75 76
76 56
56 11
56 77
56 78
56 26
11 69
69 79
69 77
69 80
69 81
69 82
79 83
83 84
83 85
84 86
86 87
86 88
86 89
87 90
87 88
87 89
90 77
90 88
90 91
77 88
77 91
77 74
88 92
88 89
92 89
92 78
89 91
91 85
85 74
74 80
74 78
74 82
74 93
80 94
94 78
78 81
81 82
81 26
81 72
82 70
82 26
70 95
70 71
70 26
95 96
96 71
71 93
93 26
26 72
72 97
97 98
98 99
99 49
49 12
