0 1
0 2
0 3
1 2
2 4
2 5
2 6
2 7
2 8
2 9
2 10
2 11
2 12
2 13
2 14
2 15
2 16
2 17
2 18
2 19
2 20
2 21
2 22
2 23
2 24
2 25
2 26
2 27
2 28
2 29
2 30
4 31
31 32
31 33
31 5
31 34
32 35
32 33
32 34
35 36
35 33
35 37
36 33
36 37
33 37
37 38
37 39
38 5
38 40
5 41
5 12
41 6
6 12
6 42
7 8
8 43
8 10
8 12
8 44
8 45
8 23
8 46
43 47
43 3
47 48
48 3
48 12
3 49
3 10
3 24
3 50
3 51
49 40
40 9
40 10
40 52
40 17
40 21
40 22
40 42
40 26
40 53
40 54
9 10
9 12
9 55
9 42
10 11
10 12
10 52
10 14
10 15
10 56
10 17
10 18
10 21
10 22
10 23
10 24
10 25
10 26
10 27
10 54
11 12
11 42
12 52
12 13
12 14
12 15
12 55
12 57
12 58
12 17
12 18
12 21
12 22
12 23
12 24
12 25
12 59
12 26
12 54
52 44
52 46
44 13
44 18
13 34
34 14
34 53
34 28
34 29
14 60
60 61
61 62
62 63
62 64
63 65
65 64
64 15
15 66
15 67
15 23
15 42
15 39
66 68
66 67
68 69
69 67
67 70
67 39
70 55
55 71
55 57
71 72
72 73
73 74
73 75
74 76
74 75
76 77
76 75
77 78
78 75
75 79
75 56
75 39
79 80
79 81
80 82
82 81
81 56
81 39
56 83
56 84
56 51
56 39
83 85
83 86
83 87
85 88
88 89
89 57
57 86
86 87
86 84
87 84
84 90
90 91
90 39
91 92
91 93
92 94
92 95
92 93
94 95
95 58
95 42
58 93
93 16
16 45
16 39
45 17
17 18
17 20
17 23
18 19
18 42
18 46
19 20
19 50
19 96
20 21
21 22
22 23
22 50
22 51
22 39
23 24
24 97
24 50
24 51
24 42
24 46
24 39
97 25
25 50
25 51
25 42
25 46
25 39
50 98
50 51
50 39
98 51
98 39
51 59
59 42
42 26
42 28
42 29
42 30
42 54
53 99
99 27
27 96
96 28
29 30
30 46
46 54
54 39
