0 1
1 2
1 3
2 4
2 5
2 6
2 3
2 7
4 8
8 9
8 5
8 10
8 11
8 3
9 12
12 13
12 14
12 7
13 15
13 16
15 17
15 5
15 18
15 19
15 20
17 5
17 19
17 6
17 7
5 21
5 18
5 19
5 10
5 22
5 23
5 24
5 25
5 26
5 27
5 28
5 29
5 30
5 31
5 32
5 33
21 34
34 35
34 18
34 36
35 18
18 37
18 28
18 38
37 39
37 16
39 40
39 38
40 19
19 41
19 38
19 14
19 31
41 42
42 43
42 38
43 44
43 45
44 46
44 47
44 48
46 49
46 50
46 10
46 47
46 16
49 51
49 50
49 47
49 6
51 52
51 50
51 10
52 53
52 50
52 10
52 47
53 50
53 47
53 6
50 54
50 10
50 55
50 22
50 56
50 47
50 45
50 11
50 57
54 58
54 59
58 60
58 22
60 10
10 55
10 61
10 56
10 62
10 47
10 11
10 63
10 64
55 22
55 65
55 47
55 11
55 64
55 6
22 23
22 65
22 47
23 61
23 66
23 6
61 66
61 65
66 65
66 64
66 6
65 56
65 47
65 64
56 62
56 64
56 67
62 47
47 45
47 24
47 63
47 64
47 57
47 48
45 24
45 11
24 11
24 6
11 63
63 64
63 6
64 57
57 67
57 68
67 69
69 59
59 25
59 38
59 16
59 70
59 3
59 71
59 48
25 72
25 73
25 48
25 33
25 7
72 74
72 48
74 75
74 73
75 73
73 26
26 76
26 6
26 48
76 27
27 28
27 68
27 14
27 48
27 7
28 68
28 6
28 48
28 7
68 77
68 30
68 78
77 6
6 36
6 29
6 38
6 79
6 80
6 70
6 30
6 31
6 32
6 7
36 29
29 38
38 81
38 82
81 83
81 16
83 84
83 16
84 82
84 16
82 85
82 16
85 16
16 79
16 70
79 14
14 80
14 30
80 86
80 87
86 87
87 70
87 30
70 30
30 88
30 48
88 31
31 3
31 7
3 89
89 90
89 20
90 91
91 92
92 93
93 94
94 95
95 96
96 97
97 20
20 98
98 71
71 99
99 32
32 48
48 33
33 78
78 7
