0 1
0 2
1 2
2 3
3 4
4 5
4 6
4 7
4 8
4 9
4 10
4 11
5 9
6 12
6 9
12 13
13 14
13 15
13 9
13 16
14 17
14 18
17 19
19 20
20 21
21 22
22 23
22 9
22 24
22 25
22 11
22 26
23 27
27 28
27 15
28 29
29 30
29 26
30 7
30 31
30 25
7 32
7 15
32 33
33 34
34 35
34 36
34 15
35 37
35 38
35 39
37 40
37 15
37 16
40 36
40 15
36 41
36 39
41 42
42 43
42 15
42 16
43 44
44 8
44 15
8 45
45 46
46 15
15 47
15 48
15 26
15 49
15 16
15 50
15 39
15 51
15 52
47 9
47 25
47 11
47 26
47 16
9 10
9 31
9 53
9 24
9 54
9 55
9 56
9 57
9 58
9 59
9 48
9 60
9 11
10 31
10 61
10 26
31 53
31 24
31 54
31 55
31 56
31 57
31 58
31 62
31 63
31 48
31 11
31 64
53 24
24 54
24 62
24 65
24 11
54 55
54 11
55 56
56 57
56 25
56 11
57 58
57 25
57 11
58 25
25 62
25 48
25 11
25 49
62 66
62 11
62 26
66 61
61 63
63 67
63 11
67 68
67 59
67 48
67 26
68 59
68 11
68 26
59 69
59 11
59 26
69 48
48 65
48 11
48 26
65 60
65 11
60 11
60 26
11 64
11 70
11 71
11 49
11 16
70 26
26 71
26 49
26 16
26 52
71 49
49 16
16 50
16 39
50 72
50 73
72 74
72 73
74 75
74 73
74 76
75 77
77 38
77 78
38 39
38 79
39 80
39 78
80 79
79 73
73 81
73 76
81 78
81 51
78 51
51 76
76 82
82 83
83 84
84 85
85 86
85 87
85 88
86 52
86 87
52 89
52 87
89 18
89 90
18 87
18 88
87 91
87 92
87 90
91 88
88 93
88 94
88 95
88 96
88 90
93 94
93 96
93 90
94 95
94 96
94 92
94 90
94 97
95 96
95 90
96 92
96 90
92 90
90 97
97 98
98 99
