0 1
0 2
0 3
1 4
1 2
1 5
1 6
1 7
1 8
1 9
1 10
1 11
4 2
2 5
2 12
2 13
2 7
2 14
2 15
2 16
2 8
2 9
2 17
2 18
2 19
2 20
2 10
2 21
5 12
5 6
5 11
5 3
12 13
13 6
13 22
6 23
6 7
6 24
6 15
6 25
6 26
6 8
6 9
6 18
23 27
23 28
23 29
23 22
23 30
23 3
27 31
27 22
31 32
31 7
31 33
31 34
7 24
7 35
7 28
7 22
7 3
24 14
24 30
14 15
15 36
36 37
37 38
38 39
39 40
39 28
40 16
40 25
40 41
16 42
16 28
42 43
43 44
44 45
44 28
45 46
46 47
47 25
47 26
47 35
25 48
25 26
25 28
25 22
48 26
48 22
48 49
26 35
35 50
50 51
51 33
33 34
34 52
34 22
34 30
52 53
53 54
54 55
55 56
56 57
57 58
57 59
58 59
58 60
59 61
61 60
60 62
62 63
63 64
63 65
64 66
64 65
66 67
67 68
68 69
69 28
69 22
69 3
28 70
28 71
28 72
28 8
28 9
28 73
70 29
70 3
29 74
29 65
74 41
41 71
41 65
71 75
75 76
76 77
76 65
76 73
76 3
77 78
78 22
22 72
22 30
22 79
22 8
22 9
22 73
22 17
22 80
72 30
72 3
72 81
72 82
30 83
30 8
83 79
83 3
79 65
79 73
79 80
79 84
8 65
8 84
8 11
8 3
8 85
65 9
65 73
65 85
9 73
9 86
9 3
73 17
17 18
17 3
18 80
80 19
80 3
19 20
20 87
20 11
20 3
87 88
87 11
88 86
86 10
10 89
89 90
90 84
84 91
91 11
91 3
11 21
11 3
11 92
21 3
3 92
92 85
85 93
93 94
94 95
95 81
81 96
81 49
96 97
96 49
97 49
49 98
98 99
98 82
