0 1
0 2
0 3
1 4
1 5
1 6
1 7
1 8
1 9
1 10
1 11
1 12
1 13
1 14
1 15
1 16
1 17
1 3
1 18
1 19
1 20
1 21
1 22
1 23
1 24
4 25
25 26
25 2
26 27
26 10
27 5
27 28
5 29
5 6
5 30
6 31
6 7
7 32
7 2
32 33
32 21
33 34
33 35
33 36
33 9
33 30
33 21
33 28
34 37
34 38
37 39
37 35
37 9
37 18
37 20
39 8
39 3
39 40
39 41
39 42
39 43
39 44
39 45
8 35
8 36
8 30
8 2
8 3
8 41
8 38
35 46
35 47
35 48
35 49
35 50
35 51
35 9
35 10
35 11
35 52
35 53
35 30
35 54
35 55
35 18
35 19
35 56
35 57
35 21
35 40
35 42
35 38
35 58
46 47
46 38
47 48
47 59
47 60
48 49
48 30
48 38
49 50
49 36
49 15
49 40
50 36
50 9
36 51
36 61
36 9
36 10
36 62
36 15
36 21
36 63
36 40
51 61
51 30
51 63
61 9
61 15
61 63
9 10
9 12
9 14
9 2
9 15
9 21
9 63
10 11
10 30
10 15
10 16
10 64
10 3
10 28
10 63
10 40
10 58
11 12
11 2
11 15
11 64
11 3
12 13
12 14
12 28
13 14
14 65
14 30
14 15
14 3
14 20
14 22
65 66
65 2
66 67
66 68
66 69
66 70
66 71
66 72
66 73
66 62
67 74
67 68
67 71
67 72
74 68
74 70
74 71
68 75
68 70
68 72
75 69
69 70
69 72
70 71
71 72
72 73
72 62
73 76
76 62
62 77
77 78
77 3
78 52
78 79
78 80
78 53
78 2
78 64
52 81
52 79
52 80
52 53
52 3
81 79
79 80
79 53
80 82
82 53
53 83
83 30
30 84
30 59
30 85
30 18
30 21
30 86
30 22
59 85
59 38
85 60
60 2
2 87
2 15
2 54
2 64
2 40
87 15
87 3
15 54
15 16
15 64
15 3
15 21
15 63
15 40
15 38
54 16
54 38
16 64
64 17
64 20
17 88
17 3
88 3
88 23
3 55
3 20
3 86
3 89
3 40
3 41
3 42
3 24
55 18
55 38
18 90
18 20
90 19
19 20
20 91
91 56
91 92
91 21
56 92
56 38
92 93
92 21
92 38
93 57
93 21
93 94
93 28
57 21
57 94
21 94
21 28
21 38
94 95
95 28
28 86
86 22
22 23
23 89
89 96
89 38
96 63
96 38
63 40
40 97
40 41
40 98
40 42
40 43
97 99
99 41
99 42
41 98
41 42
98 42
98 43
98 44
42 43
42 45
42 38
43 44
44 45
45 24
24 38
38 58
