0 1
0 2
0 3
1 4
1 5
4 6
6 7
7 8
7 2
8 9
8 2
9 10
9 11
10 12
10 13
12 14
12 15
12 16
15 16
16 17
16 18
17 19
19 20
20 21
21 22
22 23
23 24
24 13
13 25
13 26
13 27
13 28
13 29
13 30
13 31
13 32
13 33
25 34
25 35
25 26
25 2
25 36
34 35
35 26
35 37
26 37
26 2
2 38
2 3
2 39
2 40
2 41
2 27
2 28
2 32
2 33
2 18
2 42
38 43
38 3
43 3
3 39
3 44
3 45
3 32
3 33
3 46
39 44
39 41
44 47
44 40
44 48
44 41
44 27
47 49
49 50
50 51
51 52
52 53
53 40
53 41
40 48
40 41
48 54
54 41
41 55
41 27
41 56
55 27
27 56
56 28
28 57
57 29
57 30
57 58
57 59
29 60
60 30
30 61
30 62
30 63
30 64
30 65
61 66
61 62
61 67
61 68
61 69
61 63
61 70
61 71
61 65
66 72
66 63
66 70
66 71
66 65
72 62
72 68
72 65
62 73
62 67
62 68
62 69
62 63
62 64
62 70
62 65
62 45
62 74
73 67
73 75
73 68
73 64
73 58
67 75
67 68
67 69
67 63
67 64
67 76
67 70
67 65
75 68
75 63
75 58
75 71
68 69
68 63
68 64
68 70
68 65
68 45
69 63
69 64
69 70
69 71
69 65
63 64
63 76
63 65
63 45
64 58
64 70
64 65
64 45
58 76
76 70
76 71
76 65
70 71
70 65
71 65
71 32
65 77
65 45
77 45
77 74
45 31
31 32
32 74
74 78
78 59
59 79
59 80
59 81
79 82
79 42
82 83
83 84
84 85
85 86
86 87
87 88
87 36
88 89
89 5
5 90
90 91
91 92
92 36
36 93
93 33
93 11
93 94
33 11
33 94
11 94
94 18
18 95
95 96
96 97
97 80
80 98
80 42
98 42
42 99
42 81
99 46
46 81
