0 1
0 2
0 3
1 4
4 5
4 6
4 7
4 8
4 9
4 10
4 11
4 12
4 13
4 14
4 15
4 16
4 17
4 2
4 18
4 19
4 20
4 3
4 21
4 22
4 23
5 24
5 25
5 26
24 27
24 26
24 6
24 10
24 28
27 29
27 26
27 10
27 28
27 30
27 31
27 32
27 33
27 34
27 35
27 36
27 19
27 37
27 38
27 3
27 39
27 40
29 25
29 6
25 26
25 6
25 41
26 6
26 28
26 42
6 43
6 41
43 41
43 42
41 7
7 8
8 9
8 10
8 44
9 10
9 45
9 3
9 44
10 46
10 47
10 48
10 44
10 49
10 23
10 50
10 51
46 52
46 19
46 21
52 53
52 35
52 21
52 44
53 47
47 54
47 3
54 55
55 28
55 56
55 33
28 57
28 42
28 35
28 21
28 58
57 59
57 42
57 35
57 21
42 60
42 61
42 62
42 63
42 35
42 36
42 38
42 64
42 40
60 65
60 66
65 61
61 67
67 56
56 68
56 69
68 30
30 62
62 11
62 63
62 35
62 19
11 12
11 70
11 35
12 63
12 71
63 31
63 35
31 32
31 33
31 72
32 33
33 72
33 34
72 34
34 73
34 35
34 21
73 74
74 69
74 19
69 70
70 13
70 75
70 21
13 76
13 19
76 77
77 14
14 71
71 15
15 16
15 21
16 17
16 23
17 2
2 78
2 75
2 79
2 80
2 44
78 81
81 66
66 82
66 83
66 84
82 85
85 83
85 86
85 19
83 86
83 58
86 87
87 84
84 45
45 18
45 88
18 35
18 21
35 36
35 3
35 64
35 44
35 50
36 19
19 20
19 89
19 3
20 75
20 38
20 3
20 88
20 21
75 37
75 38
75 3
37 38
38 89
38 21
89 3
3 90
3 79
3 88
3 21
90 79
90 88
79 80
79 88
80 88
88 39
39 21
21 48
21 64
64 44
44 22
44 49
44 91
44 23
44 50
44 51
22 49
49 91
91 23
23 50
50 51
51 58
58 92
58 93
92 93
93 94
94 95
95 96
96 97
97 98
97 40
98 40
40 99
