0 1
0 2
1 3
1 2
1 4
3 2
2 5
2 6
2 7
2 8
2 9
2 10
2 11
2 12
2 13
2 14
2 15
2 16
2 17
2 18
2 19
2 20
2 21
2 22
5 23
5 4
23 24
23 25
23 26
23 27
23 18
23 28
23 29
23 22
23 30
23 31
23 32
23 33
23 34
23 35
23 36
23 37
23 38
23 39
23 40
23 41
25 42
42 43
42 26
42 6
43 26
26 44
26 6
44 6
6 45
45 46
45 47
45 4
46 48
46 49
46 50
46 51
46 52
46 4
48 53
53 47
53 54
53 22
47 55
55 56
55 57
56 57
56 49
57 49
57 50
49 50
49 51
50 58
58 51
51 27
51 52
51 59
51 4
27 60
27 52
27 61
27 4
60 52
52 62
62 7
7 8
7 16
7 18
7 4
7 34
8 63
8 54
8 22
8 64
63 9
63 11
63 19
63 31
63 64
9 10
9 64
9 4
10 11
10 64
10 4
11 12
11 65
12 13
12 66
12 4
13 67
13 64
67 68
67 69
67 70
67 29
67 22
67 32
67 4
69 14
14 15
14 20
14 21
14 71
14 72
14 22
15 73
15 54
73 74
73 54
74 16
16 75
16 18
16 71
75 17
17 18
18 76
18 4
76 19
76 4
19 54
19 22
19 4
54 20
54 77
54 32
54 64
54 4
21 71
71 72
72 28
28 66
28 22
28 77
28 32
66 70
66 29
66 22
66 32
29 22
29 77
29 32
22 30
22 31
22 77
22 32
22 4
30 65
30 64
65 31
31 78
31 64
78 61
61 59
59 77
59 64
77 79
77 35
77 37
79 32
32 80
32 4
80 64
64 81
81 4
4 33
34 82
34 83
34 36
34 84
34 38
34 85
82 35
82 84
82 37
35 83
35 38
35 40
35 85
83 36
83 38
83 85
36 84
36 38
36 40
36 85
84 37
84 85
37 86
37 38
37 40
37 85
86 87
87 88
88 38
88 85
38 39
38 89
38 90
38 91
39 40
40 92
40 89
40 93
40 85
40 91
92 94
94 89
89 95
95 96
95 93
93 90
90 85
85 41
41 97
97 91
91 98
98 99
