0 1
1 2
1 3
1 4
1 5
1 6
1 7
2 3
2 8
2 7
3 9
3 5
9 4
4 10
10 11
10 8
10 7
11 12
11 13
11 14
11 15
11 16
11 5
11 17
11 18
11 19
11 7
12 13
12 5
13 20
13 14
13 5
13 21
13 18
13 19
20 22
20 23
20 24
20 16
22 25
25 26
26 27
26 28
27 29
27 23
27 30
27 31
27 32
27 28
27 33
27 34
27 7
29 14
14 23
14 32
14 35
14 5
14 36
14 37
14 38
14 39
14 40
14 34
14 6
14 7
14 41
23 24
23 8
23 42
23 5
23 28
23 19
23 6
23 43
23 7
24 30
30 44
30 28
44 45
44 8
45 46
46 47
47 31
31 48
31 5
48 49
49 8
49 28
49 50
49 6
8 51
8 52
8 32
8 35
8 36
8 53
8 54
8 55
8 39
8 40
8 33
8 50
8 34
8 56
8 57
8 58
8 59
8 60
8 61
8 7
8 41
51 52
51 5
51 62
51 63
51 39
51 6
51 7
51 64
51 65
52 66
52 42
52 5
52 67
52 6
52 7
66 15
66 7
15 68
68 32
32 42
32 5
32 7
42 35
42 16
42 5
42 36
42 54
42 69
42 70
42 19
42 33
42 34
42 7
42 41
42 71
35 16
35 5
16 72
16 5
16 28
16 53
16 21
16 70
16 19
16 61
72 5
72 7
5 36
5 17
5 37
5 53
5 54
5 69
5 21
5 18
5 63
5 19
5 33
5 34
5 7
5 41
5 73
5 71
5 65
36 17
36 28
17 37
17 33
17 7
37 28
28 53
28 55
28 33
28 34
28 6
28 7
53 54
53 7
54 69
54 7
69 74
69 6
69 7
74 21
18 75
75 62
62 70
62 6
62 7
70 63
70 19
63 76
63 19
63 77
63 65
76 55
76 7
55 78
78 79
79 80
80 81
80 82
80 83
81 82
82 84
82 83
83 85
85 86
86 19
19 38
19 33
38 67
38 7
67 87
67 88
87 39
39 40
39 6
39 7
40 77
40 6
40 89
40 7
77 33
33 50
33 6
33 7
50 34
50 6
50 7
34 6
34 7
6 56
6 60
6 61
6 7
6 41
6 71
6 64
56 57
56 7
57 90
57 91
57 92
90 91
90 89
91 93
91 59
91 60
93 58
58 88
88 59
88 92
59 89
59 92
89 94
94 95
95 92
92 60
92 7
60 43
60 7
43 61
61 7
7 41
7 71
41 96
96 73
96 97
96 98
96 71
73 97
97 98
97 71
98 71
71 64
64 65
65 99
