0 1
1 2
1 3
1 4
2 5
5 6
5 7
5 4
5 8
6 9
9 7
7 10
7 4
10 11
11 12
12 13
13 14
13 15
14 16
16 17
17 18
18 19
18 20
19 21
21 20
20 22
22 23
22 24
22 25
23 26
23 24
23 27
23 28
23 25
26 24
26 29
26 25
26 30
24 27
24 28
24 29
24 31
24 25
24 30
24 32
27 33
27 28
27 29
27 25
27 34
27 30
33 28
28 35
28 29
28 25
28 36
28 37
28 30
35 38
35 25
38 39
39 40
39 29
39 41
40 3
3 29
3 41
29 42
29 36
29 37
29 30
29 32
29 43
42 44
42 37
42 15
44 45
45 31
45 41
31 46
31 47
31 30
31 48
31 32
31 49
31 43
31 50
46 25
25 36
25 34
25 30
25 51
36 37
36 30
36 41
36 49
37 52
37 51
37 32
37 41
37 43
37 53
52 47
47 34
34 30
34 54
30 55
30 32
30 41
30 56
30 57
55 58
55 59
55 60
58 59
59 48
59 61
59 51
48 61
48 51
48 41
48 62
61 60
61 41
60 51
51 32
51 15
32 54
32 63
54 64
54 4
54 65
64 41
41 63
41 56
41 66
41 49
41 43
41 57
41 62
41 50
63 56
56 66
56 49
56 15
66 49
49 43
49 57
49 62
43 67
67 68
68 57
57 69
57 70
69 62
62 70
70 15
15 50
50 4
4 71
4 72
4 73
4 74
71 72
71 75
71 76
71 77
71 74
72 78
72 79
72 75
72 76
72 77
72 74
78 79
79 75
75 65
75 8
75 77
75 74
65 80
65 8
65 73
65 74
65 81
80 76
80 8
80 77
80 74
76 82
76 8
76 77
76 74
82 83
82 84
82 85
83 84
83 85
83 86
83 87
83 8
83 74
83 88
86 87
86 8
87 8
8 73
8 89
8 74
8 88
8 90
73 77
77 89
77 74
89 74
74 88
88 90
90 81
81 53
53 91
91 92
91 93
93 94
94 95
95 96
96 97
97 98
98 99
