0 1
0 2
1 3
1 4
1 5
1 6
1 7
1 2
1 8
3 4
3 9
4 5
4 10
4 2
4 8
5 11
5 2
11 12
11 13
11 14
11 15
11 16
11 17
11 18
11 19
11 20
11 21
11 22
11 23
11 24
11 25
11 26
11 27
11 28
11 9
11 29
11 30
11 31
12 32
12 33
32 33
32 34
32 35
32 36
33 34
33 37
34 37
34 10
34 38
37 35
35 39
39 40
40 41
40 42
41 43
41 13
41 44
41 45
43 46
13 47
13 44
13 48
47 44
47 46
44 14
44 29
14 45
14 10
14 38
14 49
45 50
45 49
45 51
45 28
45 7
50 48
50 38
50 7
48 15
15 10
15 49
15 9
10 16
10 52
10 53
10 20
10 23
10 54
10 26
10 27
10 9
16 38
16 55
16 56
16 49
16 26
16 9
38 36
38 57
38 53
38 51
38 25
38 27
38 9
38 29
36 57
57 17
57 49
17 58
17 59
17 60
58 59
58 49
58 51
58 7
59 6
6 61
61 62
62 63
62 7
63 64
63 65
63 7
64 65
65 66
66 67
67 18
67 51
67 7
18 68
68 69
68 70
68 49
69 70
69 71
70 55
70 7
55 72
55 73
55 74
55 75
55 76
72 56
72 7
56 52
56 74
56 75
56 26
52 77
77 78
78 79
78 53
79 53
53 19
53 80
19 20
19 49
19 46
19 42
20 21
21 81
21 82
81 82
82 22
22 23
23 49
23 7
49 83
49 73
49 24
49 84
49 54
49 25
49 28
49 80
49 85
83 86
86 73
86 51
73 24
73 51
73 25
73 26
73 80
24 71
24 51
24 25
24 26
24 7
24 9
71 87
71 88
71 51
71 25
71 26
71 7
71 42
87 74
87 26
87 7
74 88
88 89
89 84
84 51
84 26
51 54
51 25
51 26
51 80
54 25
54 7
25 75
25 7
25 9
75 26
26 60
26 7
26 42
60 90
60 42
90 91
91 46
46 27
46 28
46 29
27 28
27 9
28 80
28 9
80 7
7 76
76 92
92 93
92 94
93 94
94 85
85 9
9 2
9 30
9 95
2 8
8 29
29 30
30 96
96 31
31 95
95 97
95 98
97 42
42 99
99 98
