0 1
1 2
1 3
1 4
2 3
3 4
3 5
3 6
4 5
5 7
7 8
7 9
8 10
8 11
8 12
8 13
8 6
10 11
11 14
11 12
11 13
14 12
14 13
12 15
12 9
12 16
12 13
15 9
9 17
9 18
9 19
9 20
9 6
9 21
17 22
22 23
23 24
24 25
25 26
25 27
26 28
26 29
26 30
26 31
28 27
28 32
27 33
27 29
27 30
27 34
33 29
33 35
33 36
29 37
29 18
37 38
37 32
37 20
38 39
39 40
39 18
39 41
40 42
40 18
40 43
42 18
18 44
18 45
18 46
18 47
18 48
18 49
18 43
18 50
18 51
18 52
18 20
18 6
44 53
44 54
44 55
53 56
53 54
53 55
53 57
56 54
54 45
45 58
58 59
59 55
55 60
55 57
55 32
60 57
57 61
61 62
62 63
63 64
64 65
64 66
65 66
66 67
67 32
32 68
32 52
32 30
32 69
32 20
68 35
35 46
35 50
35 51
46 41
46 70
46 48
41 71
41 70
41 48
41 49
41 72
71 70
71 48
71 49
71 72
71 73
70 74
70 47
70 48
70 49
70 43
70 50
70 75
70 76
70 6
74 77
74 48
74 73
77 78
78 79
78 48
79 47
79 48
47 80
80 81
81 48
81 82
48 83
48 84
48 49
48 43
48 72
48 50
48 51
83 85
85 86
85 43
85 50
85 87
85 82
85 51
85 76
86 88
88 84
84 49
49 43
49 72
49 50
43 72
72 50
72 76
72 89
72 52
72 20
50 90
50 73
90 87
87 82
82 51
51 73
73 75
75 76
76 91
91 92
92 93
92 94
93 94
93 95
94 89
89 95
95 96
96 97
97 52
30 31
31 34
34 98
98 69
69 36
36 99
99 16
99 20
16 13
13 19
13 6
13 21
19 20
20 6
6 21
