0 1
1 2
1 3
1 4
1 5
1 6
1 7
1 8
1 9
1 10
2 11
2 12
2 13
11 14
11 13
14 12
14 13
12 15
12 3
12 16
12 17
12 18
12 19
12 13
12 20
12 21
12 10
12 22
15 23
23 3
23 24
23 5
23 25
23 26
23 27
23 28
23 29
23 30
23 10
3 31
3 32
3 33
3 13
3 34
31 35
31 36
31 37
31 24
31 38
31 39
31 27
31 40
31 41
31 42
35 36
36 43
36 44
36 37
36 27
36 45
43 46
43 44
43 27
43 32
46 47
46 48
46 49
47 48
48 44
48 50
48 51
48 33
44 50
44 26
50 52
52 53
52 54
53 54
53 33
53 55
53 21
53 10
54 56
54 57
54 58
54 55
54 8
54 21
54 59
54 60
54 10
56 57
57 61
57 27
61 4
61 62
61 42
4 62
62 37
62 63
62 42
37 24
37 64
24 65
24 66
24 27
24 51
24 42
65 5
65 67
65 18
5 66
5 49
5 64
5 68
5 69
5 18
66 49
66 16
66 17
66 64
66 67
66 70
66 71
49 16
49 17
49 67
49 18
16 17
16 13
17 64
17 69
17 18
17 13
64 72
64 73
72 6
6 74
6 73
6 45
6 33
6 34
74 25
25 75
25 68
25 73
25 27
75 76
75 73
76 68
76 73
76 69
68 77
68 73
77 73
73 38
73 27
73 28
73 78
73 9
73 10
73 79
73 80
73 81
73 82
38 26
38 27
38 42
38 82
26 39
26 10
39 27
39 42
39 13
27 40
27 13
27 8
27 10
27 34
27 82
40 41
40 45
40 33
40 42
40 13
41 32
32 83
32 10
83 84
84 85
85 86
85 33
86 69
69 28
69 67
69 18
69 71
28 87
87 51
51 67
51 13
67 18
18 13
70 71
71 29
29 88
88 89
88 90
89 7
7 45
45 30
45 91
30 33
30 42
30 13
33 91
33 92
33 55
33 82
91 63
63 93
63 13
63 34
63 82
93 42
42 92
42 82
92 19
92 58
58 13
58 60
13 20
13 59
13 10
13 22
20 94
94 55
55 8
55 21
8 21
8 60
21 59
21 60
21 10
59 60
60 95
95 90
90 78
78 9
9 10
10 34
34 79
34 82
79 80
79 81
80 81
81 82
82 96
96 97
96 98
97 98
98 22
22 99
