0 1
1 2
2 3
2 4
2 5
3 6
6 7
6 8
7 9
7 4
9 10
9 11
9 12
9 13
9 14
9 15
9 16
9 17
10 18
10 4
18 11
18 4
11 12
11 19
11 4
12 20
12 4
20 21
21 22
21 4
21 5
21 8
22 23
22 5
23 24
23 5
24 25
24 8
25 26
25 4
26 27
27 28
27 29
27 4
27 5
27 30
28 31
28 29
29 13
13 32
13 33
13 4
32 34
32 30
34 35
34 5
35 36
35 37
35 5
36 38
38 14
14 39
14 4
14 5
14 30
14 8
39 40
39 41
40 42
42 41
41 43
43 44
43 15
44 45
44 46
45 15
45 4
45 46
15 47
15 4
15 48
15 49
47 50
47 51
50 52
50 53
50 48
50 49
50 46
52 53
53 54
54 55
54 19
54 4
54 8
55 19
55 5
19 56
19 4
56 57
57 37
37 58
37 5
37 30
58 33
58 5
33 59
33 60
33 5
59 60
60 61
61 62
61 63
61 30
62 63
63 4
4 16
4 64
4 65
4 66
4 17
16 67
67 68
68 69
69 48
69 70
48 71
48 72
48 73
48 17
48 74
71 49
49 72
49 64
49 51
49 46
49 66
49 75
49 76
72 64
72 77
72 46
72 75
64 77
64 78
64 46
64 75
77 79
77 80
77 46
79 80
80 78
80 46
78 81
78 51
78 82
78 66
81 51
81 46
51 82
51 46
82 46
46 83
46 65
46 84
46 66
46 76
83 65
65 85
65 70
85 84
85 70
84 86
84 70
86 70
70 66
66 75
75 76
76 73
73 17
17 87
87 74
74 88
88 89
89 90
90 91
91 92
92 93
93 94
94 95
95 96
95 5
95 8
96 5
96 8
5 97
5 30
5 98
5 8
5 99
97 30
30 98
98 8
8 99
