0 1
0 2
1 3
1 4
1 5
1 6
1 7
1 8
1 9
1 10
3 11
3 12
11 13
13 14
13 15
14 15
15 12
12 4
12 16
12 17
12 18
12 7
12 19
12 20
12 9
12 21
12 22
12 23
12 24
12 25
12 26
12 27
12 28
12 29
12 30
12 31
4 27
16 32
32 33
33 34
33 35
34 35
35 5
35 6
5 17
5 6
5 36
5 37
5 27
17 6
17 38
17 39
6 40
6 41
6 20
6 8
6 9
6 37
6 42
6 39
6 43
40 44
40 2
44 45
45 18
45 7
18 7
7 46
7 47
7 2
7 27
46 48
48 49
48 50
48 47
49 50
50 51
51 52
52 53
53 54
53 47
54 55
54 47
55 56
55 47
56 47
47 57
57 19
19 2
2 58
2 20
2 8
2 23
2 24
2 59
2 25
2 26
2 60
2 61
2 62
2 10
58 63
58 9
58 37
63 64
63 65
63 20
63 9
63 66
63 39
64 38
64 37
38 65
38 67
38 68
38 69
38 39
38 70
65 67
65 71
65 72
65 37
67 68
67 20
67 69
67 73
67 72
67 74
67 36
67 39
67 70
67 43
68 41
68 71
68 36
68 37
41 20
41 72
41 36
41 37
20 75
20 73
20 74
20 9
20 37
20 66
20 39
20 76
20 27
75 77
75 9
75 70
77 69
77 39
77 78
77 70
69 79
79 73
79 39
73 71
73 72
73 37
73 78
71 72
71 36
71 39
71 70
72 74
72 36
72 42
72 39
74 36
74 37
74 66
36 8
36 66
36 39
8 9
8 37
8 27
9 80
9 37
9 27
80 37
37 66
37 70
37 43
66 42
66 39
42 39
39 78
78 70
43 21
21 22
21 25
21 76
21 81
21 27
21 82
22 23
22 76
22 27
23 24
23 76
23 81
23 27
24 59
59 83
83 25
83 76
25 76
25 81
25 27
25 84
76 85
76 81
76 26
76 28
76 86
76 82
76 87
85 81
81 26
26 27
27 28
27 60
27 88
27 89
28 84
84 90
90 86
86 82
82 87
87 91
91 92
92 93
93 60
60 61
60 31
60 89
61 29
61 62
61 30
61 94
61 95
61 96
61 97
61 98
61 88
29 62
29 31
29 88
62 30
62 31
62 89
30 94
30 97
30 31
94 95
94 96
94 31
95 99
95 96
95 31
95 89
96 97
97 98
97 31
98 31
31 88
88 89
89 10
