0 1
1 2
2 3
3 4
3 5
4 6
6 7
6 8
6 9
7 10
7 11
7 9
10 12
10 13
10 14
12 15
12 16
15 17
15 18
15 19
15 20
15 21
15 22
15 23
15 24
15 25
15 14
15 26
15 5
15 27
15 28
17 29
17 16
29 30
29 31
29 32
29 33
29 34
29 35
29 36
30 37
30 38
37 11
11 39
11 40
11 41
11 20
11 14
39 42
39 43
39 9
42 44
44 18
18 45
18 19
18 46
18 47
18 48
18 49
18 50
18 51
18 13
18 20
18 22
18 33
18 23
18 52
18 53
18 54
18 55
18 56
18 34
18 35
18 36
18 57
18 58
18 59
18 24
18 16
18 25
18 14
18 38
18 60
18 26
18 27
18 61
18 28
45 40
40 41
40 43
41 62
62 63
62 19
62 64
62 48
62 65
62 66
62 54
62 55
62 56
63 19
63 67
19 64
19 46
19 68
19 48
19 49
19 50
19 66
19 53
19 54
19 56
19 67
19 16
64 8
8 46
46 47
46 49
46 66
46 53
47 68
68 48
68 54
48 49
49 50
50 51
51 13
13 69
13 16
13 38
69 20
20 70
70 71
70 72
72 73
73 74
74 21
21 75
21 23
75 31
75 33
31 76
31 61
31 9
76 22
22 32
22 77
22 33
22 9
32 78
32 77
32 79
32 33
32 9
78 77
77 79
77 33
79 33
33 23
33 38
33 61
33 9
23 43
23 16
23 9
43 52
52 65
52 16
65 66
66 53
53 54
53 55
54 55
55 56
56 67
56 16
67 80
80 81
81 82
82 34
34 35
35 83
35 36
83 36
36 57
58 9
24 16
16 84
16 14
16 27
16 28
84 25
25 14
14 38
38 60
60 26
26 85
26 86
85 87
85 88
87 89
87 90
87 86
89 88
89 90
89 91
89 86
88 90
88 86
90 92
92 91
92 86
91 93
91 86
93 86
86 94
94 95
95 5
5 96
5 97
5 98
98 27
27 61
27 9
61 99
61 9
99 9
9 28
