0 1
0 2
1 3
3 4
3 5
4 6
4 7
4 8
4 9
4 10
6 7
6 9
7 11
7 9
11 12
11 13
12 14
14 15
14 9
15 16
16 17
16 9
16 13
17 18
17 8
17 9
17 19
17 20
18 8
18 5
18 21
8 22
8 5
8 19
8 23
22 24
24 25
25 26
25 9
26 27
27 28
27 9
27 20
28 29
28 30
28 5
29 31
31 32
31 33
31 34
31 35
31 36
31 5
31 37
31 38
31 39
32 40
32 41
40 42
40 43
40 44
42 43
42 44
43 44
43 45
44 41
41 45
45 2
2 46
2 47
2 48
2 49
2 50
2 37
2 51
2 52
2 53
2 54
2 55
2 56
46 33
33 57
57 34
34 58
58 59
58 60
60 61
61 62
61 47
61 51
61 54
61 56
61 9
62 35
62 36
35 47
35 55
47 36
47 55
47 19
36 48
36 30
36 5
36 19
36 20
48 63
48 19
63 30
30 5
30 19
5 49
5 9
5 19
5 64
49 65
49 9
65 66
66 67
66 68
68 69
69 70
70 71
71 50
50 72
50 73
72 74
72 73
74 73
73 37
37 75
75 76
75 55
76 51
51 77
51 55
77 78
78 79
79 80
80 52
52 81
81 82
82 83
82 84
83 85
85 86
86 87
86 55
87 53
53 88
53 55
88 38
38 89
89 90
90 91
91 92
92 39
39 84
84 54
54 55
55 56
56 93
56 9
93 94
93 9
94 9
9 95
9 23
9 96
95 19
19 21
21 13
13 97
97 64
97 98
64 98
98 99
99 20
20 23
23 10
10 96
