0 1
1 2
1 3
1 4
1 5
1 6
1 7
1 8
1 9
1 10
1 11
1 12
1 13
1 14
1 15
1 16
1 17
1 18
1 19
1 20
1 21
1 22
1 23
1 24
1 25
1 26
1 27
1 28
2 29
29 30
29 31
29 32
29 6
29 7
29 8
29 11
29 33
29 12
29 34
29 20
29 35
29 22
30 36
36 37
36 32
37 3
3 38
3 6
3 39
38 4
4 40
4 41
4 27
40 42
42 43
43 44
43 27
44 45
44 46
45 31
45 47
45 5
45 32
45 6
45 7
45 19
31 47
31 6
47 5
47 6
5 32
5 6
5 41
5 27
5 39
32 6
6 7
6 41
6 10
6 14
6 19
6 27
7 8
7 41
7 14
7 27
8 41
41 48
41 11
41 13
41 14
41 17
41 20
41 21
41 24
41 27
48 49
48 39
49 9
9 10
9 27
10 50
10 27
50 51
51 52
51 53
52 54
52 55
52 53
52 56
52 57
52 58
52 59
52 27
54 60
60 55
60 53
60 61
55 62
55 53
55 61
55 58
62 63
62 64
62 53
64 65
64 53
64 61
64 66
65 53
65 61
53 61
53 56
53 57
53 58
53 66
61 67
61 56
61 57
61 59
67 68
67 27
67 39
68 56
68 57
68 58
56 66
57 58
58 59
58 66
59 66
66 46
46 69
46 11
69 11
69 13
69 27
11 70
70 33
70 12
70 13
70 71
33 72
72 12
12 13
13 71
13 14
13 27
71 14
14 15
14 27
15 73
15 27
15 39
73 74
73 16
74 16
74 75
74 20
16 76
16 77
16 78
16 17
16 79
16 19
16 20
76 77
76 79
76 80
76 20
77 81
77 82
81 78
81 83
81 79
81 84
78 85
78 80
78 75
78 18
78 19
78 20
85 83
85 79
85 80
85 20
83 86
83 79
83 87
83 88
83 82
83 80
83 75
83 18
83 89
86 17
17 34
17 90
17 82
17 18
17 89
17 20
17 35
17 21
17 27
34 90
34 20
90 79
79 87
79 84
79 88
79 82
79 80
79 75
79 89
87 84
87 80
84 88
84 80
84 75
84 89
88 82
88 80
82 80
82 20
82 27
80 75
80 18
80 89
80 20
75 18
75 19
75 89
18 19
18 20
19 89
19 20
19 35
19 21
19 27
89 20
20 35
20 21
20 27
21 22
21 23
21 27
22 23
22 27
23 91
23 24
23 25
91 92
92 24
24 93
93 94
94 25
94 27
25 95
95 96
95 97
96 97
97 26
26 27
27 28
28 39
39 98
39 99
98 99
