0 1
1 2
2 3
3 4
4 5
4 6
5 7
7 8
8 9
9 10
9 11
9 12
9 13
10 11
11 12
12 14
14 15
14 16
15 17
15 18
17 18
18 19
18 20
18 21
19 20
19 22
19 23
20 24
24 25
25 26
25 6
26 16
16 27
27 28
28 29
29 30
30 31
31 32
32 33
32 34
32 35
33 34
34 36
36 37
36 38
37 39
37 40
39 41
41 42
41 40
42 35
35 43
35 44
35 40
44 45
45 46
46 47
47 38
47 40
38 40
40 48
48 49
49 21
21 50
50 51
51 52
51 6
52 53
53 22
22 54
22 23
22 55
54 6
6 13
6 56
6 57
13 58
58 59
59 60
60 61
60 23
61 56
56 62
56 63
56 64
56 65
56 57
62 66
66 67
67 68
67 69
67 70
67 71
68 72
68 65
72 73
73 74
73 63
73 64
73 65
73 57
74 75
74 76
74 57
75 77
75 70
75 78
75 71
77 79
77 63
77 65
79 69
79 80
79 81
69 64
81 82
81 63
81 83
81 84
81 70
81 85
81 86
81 71
82 63
82 83
82 65
63 83
63 84
63 64
63 70
63 85
63 86
63 87
63 71
83 84
83 71
84 64
64 70
64 85
64 71
70 85
70 65
85 88
85 89
85 71
88 86
86 87
87 65
65 90
65 91
65 71
65 57
90 78
78 92
78 93
92 93
92 94
93 94
94 95
95 96
96 89
89 97
89 57
97 23
97 57
23 55
55 98
55 57
98 76
76 99
99 91
91 71
71 57
