0 1
1 2
1 3
1 4
1 5
1 6
1 7
1 8
1 9
1 10
1 11
1 12
1 13
1 14
1 15
1 16
1 17
1 18
1 19
2 20
2 21
20 22
22 3
22 21
22 23
22 19
3 24
3 21
21 4
4 25
25 26
26 27
26 19
27 5
27 28
27 29
27 30
27 19
5 31
5 32
5 33
5 29
5 19
31 28
31 34
31 32
31 33
31 29
31 19
28 35
28 34
28 32
28 18
28 19
35 36
35 34
35 37
36 38
38 39
38 32
38 40
39 34
39 18
39 19
34 41
34 23
34 19
41 42
41 43
41 23
41 44
41 45
41 19
42 6
42 46
42 47
42 18
6 7
6 15
6 18
7 8
7 18
7 19
8 48
8 44
8 32
8 49
8 50
8 51
48 52
52 43
52 32
43 53
43 54
43 55
43 56
43 40
43 57
43 29
43 30
43 19
53 23
23 58
23 59
23 56
23 40
23 60
58 61
61 62
62 63
62 19
63 64
64 65
64 54
65 54
65 66
54 44
54 66
54 32
54 18
54 19
44 67
44 66
67 66
67 18
66 68
66 17
66 18
68 32
32 69
32 37
32 70
32 51
32 71
32 18
32 19
69 37
37 72
37 73
37 74
37 18
72 49
72 75
49 76
76 9
9 73
73 77
73 18
77 10
10 50
50 11
50 14
50 78
50 79
50 57
11 12
12 13
13 80
13 18
80 33
80 18
80 19
33 81
33 82
33 83
33 18
81 74
74 70
70 82
70 83
70 18
82 83
82 51
82 84
82 18
83 14
14 15
14 18
15 16
15 17
15 85
15 18
16 51
16 45
16 18
51 86
51 87
51 84
51 17
51 88
51 59
51 85
86 87
87 78
78 79
79 84
84 89
89 90
90 91
90 71
91 71
91 55
91 75
71 46
71 75
46 55
55 75
75 47
47 92
92 17
17 88
88 59
59 85
59 18
85 93
85 18
93 94
94 95
95 96
96 45
96 40
96 19
45 56
45 57
56 40
56 19
40 57
40 18
40 29
57 18
57 19
18 97
18 19
97 98
98 60
60 29
29 30
29 19
30 19
19 99
