0 1
1 2
1 3
1 4
1 5
1 6
2 3
3 4
3 7
3 8
3 6
4 9
4 5
4 10
9 11
11 12
11 13
12 14
14 15
14 13
15 13
13 16
16 17
17 18
17 19
18 20
18 21
18 22
18 23
18 24
18 25
18 26
18 27
18 28
18 29
18 30
18 31
20 21
20 23
21 32
21 19
32 7
32 19
32 30
7 22
22 33
22 23
22 26
22 34
22 19
33 23
23 35
23 24
23 25
23 26
23 34
23 29
23 31
35 24
24 25
24 19
25 26
25 36
25 31
26 27
26 31
27 28
27 36
27 34
28 36
36 8
36 34
8 34
34 37
34 31
37 5
37 19
37 31
5 6
5 10
6 38
6 10
6 39
6 19
38 40
38 39
40 41
41 42
41 43
42 44
44 45
45 43
43 46
46 47
47 48
47 49
47 50
47 51
48 52
48 51
48 53
48 54
52 55
55 56
56 57
57 49
49 50
49 58
49 59
50 60
60 61
60 54
61 62
61 63
62 64
62 54
64 65
65 66
65 63
65 59
65 54
66 67
67 58
67 63
58 68
68 69
69 70
69 59
70 71
71 72
71 73
71 59
72 73
73 63
73 59
63 74
63 75
63 53
63 76
63 77
63 78
74 59
59 79
59 51
59 75
59 53
59 76
59 77
79 51
51 75
75 53
75 54
53 80
80 76
76 77
77 81
81 82
81 83
82 83
83 84
84 85
85 54
54 78
54 86
78 86
86 10
10 87
10 88
87 39
39 89
89 19
19 29
19 90
29 30
29 31
30 90
90 31
31 91
91 92
91 93
91 94
92 95
92 94
95 96
95 93
96 97
97 98
97 93
98 93
93 94
93 99
94 99
99 88
