0 1
1 2
1 3
1 4
1 5
1 6
1 7
1 8
1 9
1 10
2 11
11 12
11 13
11 14
11 15
11 16
11 9
12 17
17 3
3 18
18 19
18 20
19 20
19 21
19 22
20 4
4 23
4 24
23 25
23 26
25 27
25 21
27 13
13 14
13 28
13 21
14 15
14 29
14 30
14 31
14 32
14 33
14 16
14 34
14 22
14 35
14 36
15 29
15 31
15 28
15 32
15 21
15 37
15 22
15 38
15 7
29 30
29 28
29 39
29 40
29 34
29 10
30 31
30 21
30 41
31 42
31 16
31 21
31 37
31 39
31 43
31 34
31 22
31 35
31 44
31 38
31 10
42 28
42 7
28 45
28 32
28 16
28 44
28 46
45 47
45 7
47 48
48 49
49 50
49 21
49 22
50 51
50 26
51 52
52 53
52 54
52 26
52 55
54 56
54 26
56 57
57 58
58 26
26 55
26 59
26 24
26 21
26 22
55 60
60 5
60 59
5 59
59 61
61 62
62 63
62 21
63 32
32 33
32 16
32 64
32 21
32 37
32 40
32 35
32 44
33 16
33 35
33 38
16 65
16 21
16 38
65 66
65 21
66 24
66 21
24 67
24 64
24 68
24 21
24 9
67 64
64 68
64 22
68 69
68 21
68 22
69 21
21 70
21 40
21 71
21 72
21 73
21 74
21 75
21 76
21 77
21 78
21 44
21 9
21 46
70 37
70 22
37 39
37 43
37 34
37 35
39 43
39 7
43 79
79 40
40 80
40 38
34 81
34 71
34 22
71 82
71 22
71 38
82 83
82 84
82 85
82 46
82 86
83 72
72 73
73 74
73 87
73 80
73 88
74 75
74 76
74 88
75 87
75 80
75 88
75 22
87 76
76 77
76 80
76 88
77 80
80 89
80 88
89 88
88 78
78 22
22 90
22 91
22 44
22 38
22 6
22 10
90 91
90 38
91 92
91 38
92 93
93 94
94 35
94 44
35 44
35 38
44 38
38 6
6 7
7 8
7 95
7 46
8 95
95 96
96 9
9 36
36 41
41 84
41 85
41 10
84 85
85 46
85 97
85 98
85 86
46 97
97 98
97 86
98 86
86 10
10 99
