0 1
1 2
1 3
2 4
4 5
4 6
4 7
4 8
4 9
5 6
5 10
5 9
6 11
6 10
11 12
12 13
12 10
13 14
13 8
13 9
13 15
14 16
14 9
16 17
16 10
17 7
17 10
17 9
7 18
7 10
7 9
7 19
7 20
18 21
18 10
18 9
21 10
21 9
10 8
10 9
10 22
8 9
9 22
22 3
3 23
3 24
3 25
3 26
3 27
3 28
3 29
3 30
3 31
3 32
3 33
3 34
3 35
3 36
3 37
3 38
3 39
3 40
3 41
3 42
3 43
23 44
44 45
44 46
44 47
45 46
46 47
47 48
47 19
48 49
48 19
49 19
19 24
19 50
19 28
19 15
24 50
50 51
51 52
52 53
53 54
54 55
55 56
56 57
57 58
58 59
59 25
25 60
25 28
25 61
25 62
25 63
60 64
64 26
64 20
64 28
64 62
64 65
26 20
26 28
20 66
20 67
20 68
20 43
66 27
66 69
66 15
27 69
27 15
69 28
28 70
28 30
28 67
28 32
28 62
28 71
28 15
28 72
28 73
28 74
28 43
70 75
70 76
75 76
76 77
76 15
77 78
78 79
79 29
79 80
29 81
29 30
29 31
29 71
29 34
29 82
29 41
81 83
83 84
84 85
85 86
86 30
30 31
30 36
30 38
30 39
30 40
30 82
30 41
30 68
30 87
30 74
30 43
31 67
31 15
31 38
31 40
31 82
31 41
31 87
31 43
67 61
67 62
61 32
32 62
62 71
62 87
62 63
71 88
71 15
88 89
89 90
90 91
91 92
92 93
93 33
33 94
94 34
34 35
35 15
15 72
15 36
15 39
15 42
15 43
72 36
36 80
36 38
80 37
37 38
37 40
38 39
38 40
38 41
38 87
38 43
39 40
39 87
40 82
40 41
40 68
40 87
40 95
40 43
82 96
82 41
82 87
96 41
96 87
41 68
41 87
68 42
68 87
42 87
87 97
87 95
87 43
87 65
97 63
63 98
63 73
73 74
74 95
95 43
43 65
65 99
