0 1
0 2
0 3
0 4
1 5
1 6
1 7
1 8
1 9
1 10
1 11
1 12
1 13
1 14
5 15
5 7
5 16
15 17
15 18
15 19
15 20
15 9
15 21
15 22
15 23
15 16
15 24
15 2
17 25
17 18
17 26
17 16
25 6
25 16
6 7
6 27
6 19
6 28
6 16
6 2
6 29
6 30
7 31
7 19
7 8
7 10
7 16
7 4
31 32
32 33
33 34
33 35
33 29
33 30
34 27
34 2
27 18
27 29
27 36
18 19
18 26
18 20
18 21
18 22
18 37
18 16
18 24
18 29
18 30
19 26
19 13
26 38
26 20
26 8
26 9
26 22
26 23
26 16
26 39
38 20
38 28
38 16
38 2
20 28
20 23
20 16
28 8
28 10
28 40
28 16
28 12
28 13
28 41
28 42
28 14
8 9
8 37
8 16
8 24
9 21
9 23
9 37
9 16
21 22
21 10
22 23
22 37
22 16
22 42
22 2
23 10
23 41
10 40
10 37
10 16
10 41
10 30
40 37
40 16
37 43
37 13
37 41
37 44
37 14
43 11
43 16
43 2
43 4
11 16
16 12
16 13
16 41
16 42
12 13
12 2
13 24
13 42
13 2
24 41
24 44
41 42
41 2
41 29
42 44
42 2
44 14
14 2
2 45
2 46
2 47
2 29
2 4
45 35
35 48
35 49
35 50
48 51
48 30
51 52
51 53
51 54
51 55
52 3
3 56
3 29
3 4
3 57
56 58
56 29
56 30
56 4
58 46
58 59
58 60
58 61
46 39
46 29
39 47
47 49
49 50
50 62
50 63
62 64
62 63
64 63
63 65
63 29
65 29
65 30
29 66
29 30
29 54
29 55
29 67
29 68
29 69
66 30
66 4
30 70
30 71
30 53
30 72
30 54
30 55
30 67
30 73
30 74
30 75
70 71
70 73
71 76
71 77
71 78
76 53
53 72
72 54
54 79
54 67
79 80
79 81
79 82
79 55
79 67
80 81
80 82
81 82
81 55
81 67
81 68
82 55
82 67
55 67
67 68
68 83
68 73
83 73
73 77
77 84
77 85
84 85
85 86
85 87
86 87
87 88
88 59
59 60
59 4
59 57
60 89
60 4
60 57
89 90
89 36
90 69
90 36
69 36
36 91
91 92
92 93
93 94
94 95
94 4
94 57
95 74
74 75
75 78
75 4
78 61
61 96
96 97
97 98
98 4
4 99
99 57
