0 1
0 2
1 2
2 3
2 4
2 5
3 6
6 7
6 8
6 4
6 9
6 10
6 11
7 12
7 13
7 14
7 15
7 16
7 17
7 4
7 9
7 10
7 18
7 19
7 5
7 20
12 21
12 8
12 22
12 4
12 10
12 11
12 18
12 5
12 23
21 24
21 25
21 26
21 22
21 17
21 27
21 28
21 29
21 18
21 30
21 31
21 32
21 23
24 33
24 22
24 9
24 10
33 13
13 9
13 11
14 8
14 4
14 9
14 11
8 25
8 26
8 15
8 16
8 22
8 17
8 34
8 35
8 36
8 37
8 38
8 39
8 40
8 18
8 30
8 41
8 19
8 42
8 43
25 44
25 9
25 10
25 45
44 26
44 15
44 37
44 41
44 45
26 15
26 9
26 10
26 27
26 46
26 11
26 29
26 32
26 5
26 45
26 47
26 23
15 16
15 22
15 9
15 48
15 10
15 11
15 45
15 23
16 49
16 22
16 4
16 9
16 10
16 11
16 5
16 45
16 23
49 22
49 9
22 17
22 9
22 35
22 11
22 50
17 4
17 9
17 10
17 11
17 18
17 5
4 51
4 52
4 35
4 36
4 11
4 39
4 53
4 29
4 18
4 54
4 55
4 41
4 19
4 32
4 47
4 50
51 9
51 5
9 34
9 56
9 35
9 28
9 36
9 38
9 11
9 39
9 18
9 54
9 30
9 41
9 57
9 58
9 19
9 42
9 31
9 32
9 59
9 43
9 60
9 23
34 61
34 56
61 62
61 63
61 56
61 5
62 63
62 56
63 56
56 52
52 48
48 64
48 60
48 47
64 10
10 35
10 39
10 29
10 18
10 19
10 42
10 32
10 23
10 50
35 27
35 11
35 29
35 65
35 5
27 66
27 65
66 28
28 36
28 67
28 65
28 32
36 68
36 65
36 5
36 45
68 69
69 67
67 46
67 31
46 70
70 71
71 37
37 72
72 38
38 11
38 29
11 73
11 39
11 53
11 74
11 18
11 30
11 41
11 57
11 58
11 19
11 59
11 43
11 45
11 23
11 50
11 20
39 75
75 40
40 53
40 5
53 74
74 29
29 18
29 19
18 54
18 5
54 76
76 30
30 77
77 78
78 79
78 45
79 80
79 81
80 55
55 41
41 82
82 57
82 83
57 84
57 58
57 83
57 85
57 5
84 58
58 83
58 85
83 85
85 86
86 19
19 87
19 88
19 5
19 45
87 89
87 90
89 90
90 42
42 88
88 31
31 91
31 45
91 65
65 32
32 5
5 59
5 23
5 50
59 92
92 93
93 94
94 43
43 95
95 60
60 45
45 47
45 23
47 23
23 50
50 81
81 96
96 20
20 97
20 98
97 98
98 99
