0 1
1 2
1 3
1 4
2 5
2 6
5 7
5 8
5 9
5 10
7 11
7 8
7 12
7 10
11 13
11 3
13 3
3 14
14 8
14 10
8 15
8 4
8 16
8 17
8 12
8 18
8 19
8 20
8 10
8 21
8 22
8 23
15 24
15 12
15 10
24 4
24 10
4 25
4 17
4 26
4 12
4 19
4 10
4 27
25 28
25 6
25 12
28 29
29 30
29 31
29 32
29 33
30 34
30 35
30 32
34 36
34 33
34 37
36 38
36 12
36 37
38 39
38 40
39 40
39 12
40 31
31 41
41 9
41 32
41 33
9 42
9 17
9 33
42 43
42 6
43 16
16 44
16 12
16 37
16 10
44 17
44 12
44 37
44 45
17 6
17 37
17 10
6 26
26 12
12 18
12 46
12 47
12 19
12 20
12 10
12 21
12 48
12 49
12 50
12 51
12 45
18 46
18 52
18 53
18 54
18 55
46 52
46 53
46 56
46 54
46 55
46 57
46 58
52 59
52 57
52 48
59 53
53 56
53 54
53 60
53 57
53 61
53 62
56 54
54 63
54 57
54 61
54 64
54 58
54 65
63 60
63 55
60 55
55 57
55 61
55 58
55 65
61 64
61 58
61 66
64 58
64 65
64 66
58 65
58 66
65 66
66 62
62 35
35 67
67 32
67 10
32 68
32 33
32 37
32 69
68 47
47 70
47 33
47 71
47 72
47 73
47 74
70 75
70 33
70 72
70 73
75 76
76 33
33 19
33 71
33 72
33 77
19 78
19 79
19 37
19 10
19 73
78 79
79 20
20 37
20 80
20 45
37 69
37 72
37 21
69 10
10 71
10 72
10 21
10 48
10 81
10 82
10 22
10 80
10 51
10 23
71 72
71 21
71 73
72 83
72 21
72 77
72 73
72 49
83 21
83 73
21 77
21 73
21 84
21 45
77 85
77 73
85 73
73 84
73 27
73 45
84 74
74 86
86 48
86 51
48 87
87 27
27 88
27 89
27 45
88 90
88 81
90 81
81 82
81 49
82 91
91 92
91 49
92 49
49 93
93 50
50 94
94 89
89 22
22 95
95 96
96 97
97 80
80 98
98 51
51 23
23 99
23 45
99 45
