0 1
1 2
1 3
2 4
2 5
4 6
4 7
6 8
6 9
6 10
6 5
6 11
6 12
6 13
8 14
8 15
8 5
8 16
8 17
8 18
8 19
8 20
14 15
14 16
14 21
15 9
15 20
9 22
22 23
22 5
22 24
22 20
23 25
25 10
10 26
10 27
10 12
10 28
26 29
26 30
26 31
26 32
26 33
26 16
26 34
26 24
26 19
26 35
29 30
30 36
30 24
30 28
30 20
36 5
5 37
5 31
5 38
5 39
5 33
5 17
5 24
5 40
5 12
5 41
5 42
5 43
5 3
5 44
5 45
37 11
37 31
11 46
11 47
11 31
11 48
11 49
11 40
11 41
11 50
47 31
31 48
31 38
31 32
31 51
31 52
31 53
31 54
31 12
31 19
31 28
31 55
48 38
38 39
38 16
38 40
38 27
38 56
38 53
38 12
38 28
38 3
39 49
39 57
39 16
39 53
39 12
39 20
49 32
49 16
49 53
49 12
49 19
49 41
49 20
32 57
32 53
32 13
57 33
57 16
57 27
57 56
57 52
57 53
57 12
57 58
57 28
57 3
33 16
33 7
33 28
33 13
33 20
16 17
16 40
16 53
16 41
16 59
16 20
16 60
16 35
17 61
17 62
17 13
61 34
61 21
34 21
34 62
34 63
34 51
21 62
62 63
63 18
63 13
18 51
51 24
51 7
24 64
24 7
24 40
24 12
24 28
24 65
24 55
24 20
64 7
7 40
7 66
7 67
7 55
7 68
40 27
40 53
40 12
27 56
27 53
27 12
27 58
27 28
56 69
56 53
56 12
56 28
56 13
69 52
52 53
53 54
53 12
53 58
53 66
53 41
53 28
53 13
54 12
12 58
12 66
12 41
12 28
12 13
58 66
58 28
66 19
19 41
19 28
19 20
41 28
41 13
41 20
28 42
42 13
13 65
65 70
70 43
43 71
71 72
71 67
72 3
3 73
73 74
74 75
75 67
67 50
67 76
67 55
76 55
55 77
77 59
59 20
20 78
20 35
78 79
79 80
79 81
79 82
79 60
79 45
79 68
80 44
80 83
44 84
44 85
84 86
84 87
84 81
84 83
84 88
84 89
84 60
86 90
90 91
90 81
90 92
90 93
90 60
90 94
91 95
95 87
87 96
87 89
87 93
96 81
96 82
96 93
96 68
81 83
81 85
83 85
83 88
83 93
85 82
85 88
85 93
82 92
92 97
92 89
92 93
97 88
97 89
88 89
89 93
93 60
60 35
35 45
35 68
45 98
98 99
98 94
99 94
94 68
