0 1
0 2
0 3
1 4
4 5
4 6
5 7
5 8
5 9
5 10
7 11
7 12
7 13
7 14
7 15
7 16
7 17
7 18
7 19
11 2
11 12
11 20
11 21
11 22
11 23
11 24
11 25
11 26
11 9
11 13
11 3
11 15
11 27
11 28
11 29
11 30
11 16
11 31
2 32
2 12
2 25
2 26
2 3
2 27
32 8
32 33
32 25
32 26
32 34
32 35
32 36
32 37
8 38
8 12
8 17
8 31
38 39
38 21
38 33
38 40
38 9
38 15
38 41
38 42
38 34
38 43
38 44
38 18
38 45
39 46
46 47
46 40
46 25
46 13
46 15
46 27
46 30
46 48
46 49
46 16
46 50
46 17
47 12
47 9
47 16
47 17
47 34
47 31
12 20
12 21
12 24
12 25
12 9
12 3
12 27
12 29
12 30
12 16
12 17
12 36
12 31
12 51
12 37
20 21
20 25
20 13
20 27
20 29
20 16
20 52
21 33
21 26
21 15
21 27
21 29
33 22
33 40
33 26
33 27
33 16
33 53
22 40
22 15
22 27
40 23
40 9
40 29
23 24
23 13
23 15
23 27
23 16
23 54
23 17
23 34
24 25
24 13
24 14
24 15
24 27
24 29
24 54
25 55
25 26
25 27
25 28
25 29
25 30
25 16
25 17
55 26
55 27
55 17
26 9
26 27
26 56
26 37
9 6
9 16
9 34
6 57
6 58
58 59
59 60
59 14
59 15
59 61
59 62
59 31
60 63
63 64
64 65
64 66
64 62
64 18
64 67
65 68
68 66
66 69
66 13
66 54
66 50
69 70
69 71
70 72
70 13
70 71
70 15
70 61
72 13
72 50
13 73
13 3
13 74
13 15
13 29
13 75
13 54
13 76
13 77
13 41
13 78
13 42
13 17
13 79
13 18
13 51
73 14
73 50
73 17
14 80
14 3
14 56
14 10
14 54
14 77
14 18
14 67
14 45
80 71
80 62
80 31
80 19
71 81
81 3
81 61
3 74
3 15
3 16
3 10
3 54
3 50
3 17
3 82
74 15
15 27
15 29
15 10
15 83
15 84
15 85
15 75
15 54
15 76
15 77
15 41
15 43
15 18
15 67
15 31
27 28
27 29
27 30
27 86
28 29
29 30
29 16
29 54
30 87
30 48
87 48
48 49
49 61
61 56
61 75
61 54
56 16
56 37
16 10
16 88
16 42
16 17
16 89
16 79
16 45
16 37
10 90
10 17
90 83
90 62
83 62
83 31
62 84
62 91
62 44
62 18
62 31
62 51
84 85
85 75
75 54
75 17
54 76
54 77
54 78
54 42
54 67
76 77
77 92
77 50
92 41
41 50
41 18
50 78
50 42
78 88
42 17
17 82
17 93
17 45
82 34
34 94
94 52
52 53
53 43
43 35
43 86
35 86
35 93
93 36
36 89
89 95
95 96
96 97
97 98
98 79
79 99
99 91
99 31
91 44
91 31
44 18
44 31
18 67
18 31
67 31
31 51
51 19
19 45
45 37
