0 1
1 2
2 3
2 4
2 5
2 6
3 7
7 8
7 9
7 10
7 11
7 12
7 13
7 14
7 15
7 16
7 17
7 18
7 19
8 20
8 21
20 22
20 23
20 10
20 11
20 24
20 25
20 26
20 27
20 28
20 29
20 30
20 31
20 32
20 33
20 14
20 15
20 16
20 18
20 34
20 35
20 36
22 37
22 24
22 30
37 38
37 39
38 4
4 40
4 5
4 6
4 41
4 42
40 43
40 5
40 44
40 45
40 30
40 36
40 46
40 41
40 42
43 47
43 48
43 5
43 41
47 48
47 5
48 23
23 9
23 5
9 49
9 5
9 30
49 5
5 50
5 51
5 52
5 25
5 26
5 53
5 54
5 15
5 55
5 36
5 56
50 44
44 51
44 36
51 52
51 6
51 36
52 10
52 6
10 57
10 6
57 58
57 33
58 59
59 39
59 60
39 11
11 24
11 30
11 6
24 25
24 61
24 30
24 31
24 15
24 35
24 62
25 26
25 28
25 30
25 6
25 55
26 60
26 30
26 6
60 27
60 29
60 30
60 46
27 28
28 63
63 29
29 64
29 30
64 65
65 66
66 53
53 45
45 61
61 67
61 30
61 6
67 30
30 31
30 54
30 16
30 62
30 36
30 56
31 68
68 12
12 69
69 70
69 35
70 54
70 6
54 71
71 21
21 13
21 72
21 14
21 73
21 74
21 46
13 32
32 72
32 33
72 33
33 75
33 74
75 14
14 76
76 73
73 77
77 15
15 74
15 78
15 6
15 36
74 79
74 78
74 80
79 78
78 81
78 80
81 82
81 16
82 16
82 6
16 80
16 83
80 84
80 83
84 85
84 83
85 86
86 87
87 88
88 89
89 90
89 91
89 92
90 83
83 93
93 94
94 95
95 96
96 97
96 91
97 91
91 92
92 98
98 6
6 17
6 62
6 41
6 56
17 99
99 18
18 19
19 34
34 35
35 55
55 62
62 36
36 46
36 41
36 56
46 41
46 42
41 56
41 42
56 42
