0 1
0 2
0 3
0 4
1 5
5 6
5 7
6 7
6 8
6 9
7 10
7 11
7 8
7 12
10 13
13 14
13 8
14 15
14 2
15 16
15 2
16 17
16 3
16 18
16 8
17 19
17 20
17 21
17 22
17 23
17 24
17 25
17 26
17 27
17 28
17 29
17 30
17 31
17 32
17 12
17 33
17 34
19 20
19 4
19 35
19 36
20 21
20 18
20 35
20 36
20 37
21 11
21 27
21 28
21 8
21 31
21 36
21 38
11 2
11 39
2 40
2 41
2 22
2 23
2 42
2 26
2 28
2 30
2 8
2 39
2 43
2 32
2 44
2 45
2 46
2 47
2 48
2 49
2 34
2 50
40 8
41 3
3 22
3 51
3 52
3 26
3 28
3 8
3 39
3 53
3 45
3 54
3 34
3 55
3 38
3 50
22 23
22 9
23 56
23 18
23 8
23 36
56 57
57 58
58 59
58 42
59 51
59 18
59 35
51 60
51 18
51 52
51 35
51 55
51 38
60 18
60 36
18 61
18 25
18 52
18 62
18 28
18 29
18 63
18 35
18 64
18 65
18 12
18 33
18 34
18 66
18 67
61 4
61 36
4 24
4 62
4 68
4 69
4 27
4 29
4 70
4 65
4 33
4 49
4 34
24 25
25 52
52 62
52 36
52 38
62 71
62 35
62 72
71 68
68 42
68 36
42 69
42 26
42 28
42 8
69 73
69 26
69 27
26 27
26 65
26 36
27 28
27 35
27 39
27 12
27 34
28 29
28 65
28 36
29 74
29 35
29 36
74 63
74 36
63 35
35 64
35 12
35 66
35 67
64 72
72 70
72 36
72 34
70 75
75 76
76 77
77 30
30 8
30 39
8 31
8 53
8 78
8 32
8 44
8 45
8 54
8 36
8 12
8 34
8 50
31 79
31 36
79 65
65 80
65 39
65 53
65 36
65 34
80 39
80 38
39 53
39 36
39 34
39 50
53 43
43 78
78 81
78 82
81 82
82 32
82 44
32 44
32 36
44 45
44 36
45 46
45 36
46 54
46 36
54 9
9 83
83 47
47 84
84 85
84 86
85 86
86 87
87 88
88 89
89 90
90 36
36 12
36 33
36 49
36 66
36 91
36 50
12 48
48 33
33 49
49 92
92 34
34 37
34 38
37 55
37 38
37 91
55 66
55 38
66 67
67 38
38 91
91 93
93 94
94 95
95 96
96 97
96 98
97 98
98 50
98 99
50 99
