0 1
1 2
2 3
3 4
3 5
4 6
4 5
6 7
7 8
7 5
8 9
9 10
9 5
9 11
10 5
5 12
5 13
5 14
5 15
5 16
5 17
5 18
5 19
5 20
5 21
5 22
5 23
5 24
5 25
5 26
13 27
13 28
27 29
29 30
30 31
31 32
32 33
33 28
33 11
28 34
34 35
34 36
34 37
34 38
34 39
35 40
35 36
35 37
35 38
35 11
35 39
35 41
40 42
40 37
40 43
40 23
42 36
42 44
42 37
42 38
42 11
36 14
36 37
36 45
36 46
36 47
36 48
36 49
36 50
36 39
36 41
36 51
36 22
36 52
36 53
14 54
14 44
14 11
54 55
55 56
56 57
57 44
57 37
57 38
57 11
44 58
44 45
44 59
44 46
44 48
44 11
44 60
44 61
44 20
44 26
58 37
58 11
37 45
37 38
37 48
37 49
37 62
37 50
37 39
37 20
37 23
37 63
45 59
45 38
59 64
59 39
59 26
64 38
64 11
38 46
38 48
38 65
38 51
38 53
38 63
46 66
46 11
46 39
46 67
66 47
47 68
68 48
48 49
48 15
48 69
49 70
49 71
49 16
70 15
70 72
70 69
15 72
15 69
15 16
72 71
72 16
71 69
71 11
69 16
69 63
16 73
16 11
16 74
73 65
65 11
11 75
11 60
11 17
11 20
11 26
11 52
75 76
76 60
60 77
77 74
74 78
74 79
78 79
79 17
17 80
80 62
80 50
80 23
62 18
18 81
81 50
50 82
82 19
19 39
39 83
39 52
83 84
84 85
85 41
41 51
41 53
51 67
67 86
86 87
87 61
61 88
88 89
88 90
88 26
89 91
91 92
92 43
43 90
90 93
90 20
93 20
20 21
20 22
20 94
20 95
21 22
21 23
21 24
22 23
22 94
22 26
22 95
23 24
23 25
24 94
24 25
24 26
94 25
94 26
94 95
25 26
26 95
95 52
52 53
53 63
63 96
96 97
96 98
97 98
98 99
