0 1
1 2
1 3
2 4
4 5
4 6
5 6
5 7
6 8
6 7
6 9
6 10
8 7
7 11
7 12
7 13
7 14
7 15
7 16
11 12
12 13
13 17
17 18
18 19
19 20
19 21
20 22
20 23
22 24
22 23
22 25
24 23
24 26
23 27
23 25
27 28
27 29
29 30
30 31
30 25
31 25
31 32
25 33
25 34
33 34
33 32
34 35
34 36
34 3
34 32
36 37
37 26
37 38
26 3
3 32
32 39
39 40
40 41
40 14
41 42
41 43
42 43
43 44
44 45
45 46
45 47
46 48
48 49
49 50
50 51
51 52
51 53
52 54
54 55
54 14
54 56
54 57
55 58
58 59
58 53
58 47
58 14
58 60
59 61
59 60
59 62
61 53
61 47
61 57
61 62
53 47
53 63
47 64
47 65
47 66
47 67
47 60
47 62
47 63
47 68
47 69
64 70
70 71
70 72
71 72
71 73
71 74
71 75
72 73
72 74
72 75
72 63
73 74
73 75
74 75
75 65
65 76
65 67
65 77
65 62
65 68
76 66
76 63
66 14
66 67
66 60
66 63
14 67
14 60
67 60
60 56
56 57
57 77
77 62
77 63
77 68
62 63
63 68
68 69
69 78
78 79
79 80
79 81
79 82
79 83
80 84
80 81
84 85
85 81
81 86
86 15
15 87
87 88
88 89
89 90
90 91
91 82
82 92
92 93
93 94
94 95
95 96
96 83
83 97
83 38
97 98
98 16
16 38
38 9
9 21
21 99
99 10
