0 1
0 2
0 3
0 4
1 5
5 6
6 7
6 8
7 2
2 9
2 10
2 11
10 12
12 11
11 13
11 14
13 15
13 16
13 17
13 18
13 19
15 3
3 16
3 20
16 21
21 22
21 23
22 24
22 25
24 26
24 25
26 27
26 28
27 29
29 28
29 30
29 25
29 31
28 32
28 33
28 34
28 35
28 36
28 37
28 38
28 39
28 40
28 41
32 33
32 42
33 43
33 44
43 45
43 46
43 47
43 42
43 48
43 38
45 49
45 46
45 50
45 51
49 46
46 52
46 25
46 50
52 53
53 17
17 54
17 47
17 42
17 55
54 56
54 47
54 57
56 58
56 30
56 25
56 59
56 44
56 60
56 50
56 48
56 38
58 61
58 30
61 47
61 42
30 62
30 25
30 59
30 60
30 63
30 50
30 64
30 31
30 65
30 37
62 25
62 47
62 42
25 59
25 66
25 34
25 67
25 68
25 69
59 47
59 8
59 31
47 70
47 71
47 72
47 66
47 73
47 74
47 34
47 75
47 44
47 35
47 60
47 67
47 63
47 31
47 69
47 48
47 37
47 23
47 40
47 41
70 8
8 76
8 77
76 77
77 78
78 42
42 71
42 34
42 57
42 36
42 60
42 79
42 37
71 72
71 66
71 31
71 68
71 69
72 80
72 31
72 48
80 81
80 44
80 60
81 66
81 44
81 67
66 73
66 44
66 60
66 67
66 31
66 68
66 69
66 48
73 74
74 82
74 31
82 34
34 57
57 75
57 44
75 44
44 35
44 67
44 31
35 36
35 55
36 83
83 60
83 48
60 67
67 63
63 84
63 31
63 48
84 50
84 64
84 31
64 79
64 85
64 86
79 31
31 68
31 69
31 48
68 69
68 48
69 65
69 87
65 51
65 88
65 48
51 87
87 88
88 48
48 37
37 38
37 14
38 89
38 40
38 41
89 23
23 85
85 4
4 39
39 90
90 91
91 40
40 41
41 86
86 92
92 14
14 18
18 93
18 55
93 94
94 20
20 95
20 96
20 97
20 98
95 99
99 96
96 97
97 98
98 19
19 55
