0 1
1 2
1 3
1 4
1 5
1 6
1 7
1 8
1 9
1 10
1 11
1 12
1 13
1 14
1 15
2 16
2 17
16 3
16 6
16 18
16 8
16 9
16 10
16 13
3 19
3 17
19 4
19 6
19 20
19 21
19 18
19 8
19 22
19 23
19 10
19 17
19 24
19 13
19 14
19 15
4 25
4 26
4 27
4 28
4 29
4 7
4 30
4 31
25 32
25 21
25 33
32 34
34 35
35 36
35 37
35 20
35 38
35 39
35 40
35 15
35 41
37 5
37 28
37 42
5 43
5 27
5 28
5 42
5 44
5 29
5 7
5 45
5 46
5 47
43 6
43 29
43 7
43 30
43 21
43 46
43 47
6 20
6 28
6 48
6 30
6 46
20 26
26 49
26 27
26 28
26 50
26 42
26 21
26 46
26 51
49 27
49 28
27 52
27 28
27 50
27 42
27 53
27 54
27 21
27 46
27 51
27 47
27 18
52 55
52 42
55 56
55 57
55 58
55 59
55 60
55 33
56 61
61 62
62 63
62 23
63 64
64 65
65 28
28 50
28 44
28 29
28 48
28 54
28 7
28 45
28 30
28 21
28 51
28 47
28 31
28 18
28 22
28 10
28 15
50 42
50 29
50 7
50 30
50 17
42 53
42 66
42 45
53 44
53 30
53 67
44 29
44 47
29 48
29 66
29 30
29 21
29 68
29 46
29 47
48 66
48 7
48 30
48 46
48 47
66 54
66 7
66 30
66 67
66 69
54 7
54 30
54 31
7 45
7 30
7 68
7 46
7 51
7 47
7 17
45 30
45 46
45 47
30 21
30 47
30 18
21 68
21 46
21 47
21 17
68 46
46 51
46 47
51 47
51 17
47 38
47 18
38 70
38 17
38 69
70 71
70 69
71 39
71 72
71 69
39 73
73 74
74 31
74 17
31 18
18 75
18 17
75 8
75 57
8 22
8 57
8 17
22 57
22 17
57 76
57 9
57 58
76 9
76 17
9 58
9 17
58 59
59 77
77 60
60 78
78 79
79 80
79 81
80 81
81 23
23 82
23 11
82 83
83 84
84 10
10 85
85 86
86 17
17 33
17 13
17 87
17 88
17 72
17 15
33 89
89 11
11 24
24 12
12 90
90 91
90 92
90 93
91 92
92 93
93 94
94 13
94 88
13 87
87 88
88 95
95 96
96 14
14 97
97 40
40 72
40 67
40 69
40 15
72 67
72 69
67 98
98 69
69 99
69 15
69 41
99 15
15 41
