0 1
1 2
1 3
1 4
1 5
1 6
1 7
2 8
2 3
2 9
2 10
2 11
2 12
2 13
2 14
2 15
2 16
2 17
2 18
2 19
2 20
2 7
2 21
2 22
8 3
3 9
3 10
3 11
3 13
3 14
3 16
3 23
3 24
3 25
3 26
3 27
3 7
3 21
3 28
9 29
9 30
9 4
9 27
9 6
9 7
29 30
29 31
30 10
30 14
30 32
30 26
30 33
30 34
30 35
30 36
30 37
30 28
10 11
10 15
10 16
10 17
10 7
10 38
11 39
11 5
11 7
39 40
39 41
39 22
40 12
40 42
40 43
12 41
12 42
12 44
12 45
12 43
41 42
42 46
42 44
42 45
46 44
44 45
45 43
45 47
43 47
47 48
47 7
48 49
49 50
49 7
50 13
50 7
13 51
13 4
13 32
13 23
13 6
13 7
13 28
51 4
51 7
4 14
4 16
4 52
4 32
4 23
4 25
4 53
4 54
4 26
4 55
4 27
4 21
14 56
14 5
14 26
14 6
14 7
14 57
56 58
58 15
58 6
15 16
15 59
15 21
16 60
16 61
16 62
16 63
16 64
16 65
60 61
60 65
60 21
61 66
61 52
61 32
66 62
62 67
62 52
62 65
62 32
67 63
67 32
63 68
63 69
63 32
63 21
68 64
64 70
70 52
52 65
52 32
65 69
65 21
69 32
32 5
32 17
32 7
32 21
5 71
5 72
5 24
5 73
5 74
5 26
5 34
71 72
72 23
23 24
23 75
23 7
24 17
24 74
24 26
24 6
24 7
17 76
17 77
17 33
17 38
17 34
17 35
17 78
17 37
17 28
17 79
76 80
80 77
80 33
80 38
77 18
77 7
77 28
18 81
81 25
81 26
81 21
25 59
25 53
25 27
25 6
25 7
59 53
59 27
59 7
53 82
82 83
82 6
83 84
84 85
84 73
84 19
85 73
73 31
31 86
31 19
31 87
86 19
86 34
19 54
54 88
54 7
88 20
88 74
88 89
74 89
74 26
74 7
89 26
26 90
26 87
26 7
90 87
90 7
87 91
91 55
55 27
55 6
55 7
27 75
27 7
75 6
6 92
6 93
6 94
6 35
6 36
92 95
95 96
95 97
95 98
95 93
95 94
95 7
96 97
97 98
98 93
93 94
94 7
7 99
7 33
7 38
7 34
7 35
7 21
7 37
7 28
33 38
38 34
34 35
34 78
34 28
35 36
35 78
35 28
36 78
36 28
78 21
21 22
22 57
57 37
37 28
28 79
