0 1
0 2
1 3
1 2
3 2
2 4
2 5
4 6
4 7
6 8
6 9
6 10
6 11
6 5
6 12
6 13
6 14
6 15
6 16
8 7
8 17
8 5
8 14
8 18
7 19
7 17
7 20
7 21
7 9
7 14
7 18
7 15
7 22
19 17
19 23
17 20
17 21
17 9
17 5
17 14
17 18
17 22
20 21
21 9
21 24
21 14
21 18
9 24
9 5
9 14
9 18
9 16
24 25
24 14
24 26
24 15
24 27
25 28
25 18
28 29
28 30
28 23
28 31
29 32
29 33
32 33
33 34
34 35
35 10
35 36
10 37
10 5
10 30
37 11
37 30
37 15
37 38
11 5
5 39
5 12
5 40
5 41
5 30
5 14
5 36
5 26
5 15
5 42
5 43
5 44
5 45
5 46
5 16
39 12
12 47
12 48
12 30
12 16
47 49
49 50
49 51
49 40
50 51
51 48
48 52
48 40
52 40
52 30
40 53
53 54
53 30
54 55
54 30
55 41
41 56
56 57
57 30
30 13
30 14
30 45
30 46
30 22
13 58
58 59
59 60
59 61
59 62
59 23
60 61
61 62
62 23
23 63
23 14
23 15
23 64
63 14
14 36
14 18
14 65
14 15
14 16
36 18
36 15
18 65
18 15
65 26
26 15
15 27
27 42
42 43
43 44
43 66
43 16
44 66
66 67
67 31
31 45
45 46
45 16
46 68
68 69
68 70
70 71
71 72
72 73
72 38
73 74
74 75
75 76
75 77
76 78
76 79
76 77
76 80
78 81
78 77
78 82
78 83
78 84
81 79
81 77
81 82
81 85
81 80
79 77
79 83
79 84
79 86
79 80
77 87
77 88
77 82
77 85
87 89
87 85
89 90
90 88
90 91
90 85
90 86
88 82
88 83
88 84
82 91
82 92
82 84
91 83
91 85
83 92
83 85
92 84
92 85
84 93
84 85
93 85
85 86
86 80
86 64
80 94
94 95
95 96
96 22
22 16
16 97
97 98
98 38
38 99
99 64
