0 1
1 2
1 3
1 4
1 5
1 6
1 7
1 8
2 9
9 10
9 11
9 12
10 13
10 14
13 15
13 5
13 16
15 17
15 14
15 18
15 19
17 20
20 21
21 22
21 23
22 24
22 25
22 14
22 18
22 26
22 27
22 19
22 28
22 16
24 29
29 30
30 31
31 11
31 26
31 32
31 16
11 33
11 14
33 34
33 25
33 14
33 16
34 3
34 25
34 14
3 23
3 35
3 25
3 14
3 27
3 28
23 36
23 37
23 38
23 35
23 39
23 40
23 14
23 41
23 42
23 27
23 28
37 38
37 35
37 25
37 18
37 26
37 43
37 19
37 28
37 16
38 35
38 25
38 40
38 14
38 27
38 28
35 44
35 25
35 14
35 26
35 42
35 27
35 28
44 25
25 39
25 27
25 19
25 16
25 45
39 40
39 14
39 26
39 27
39 19
40 46
40 14
40 47
40 48
40 26
46 49
46 19
46 16
49 50
50 4
50 19
50 16
4 5
4 14
4 51
4 52
4 6
4 53
4 7
4 8
5 14
5 16
14 54
14 51
14 52
14 55
14 56
14 57
14 58
14 59
14 18
14 60
14 61
14 42
14 27
14 62
14 19
14 63
14 28
14 7
14 8
14 64
54 65
54 66
54 67
65 68
65 69
65 70
65 67
65 71
65 72
68 73
68 66
68 67
73 69
73 71
73 41
69 70
69 66
69 67
69 71
69 48
69 74
70 75
70 66
70 76
70 77
70 78
70 67
70 71
70 48
70 74
70 79
75 51
75 80
75 66
75 67
75 48
51 52
51 80
51 57
51 67
51 81
52 55
52 82
52 83
52 41
55 6
55 84
55 80
55 66
55 67
55 48
6 84
6 85
84 85
84 67
84 58
84 74
84 72
85 56
85 57
56 80
56 57
80 86
80 57
86 57
57 82
57 47
57 67
57 58
57 48
82 66
82 67
82 83
66 76
66 47
66 78
66 67
66 58
66 71
66 87
66 88
66 74
76 77
76 67
76 48
77 89
77 47
77 78
77 67
77 71
77 48
77 88
77 74
77 79
77 81
77 16
89 47
89 90
89 71
89 74
47 78
47 67
47 71
47 79
47 83
78 67
78 71
78 48
78 41
67 91
67 71
67 87
67 48
67 88
67 74
67 79
67 72
67 92
91 58
58 90
58 83
90 71
71 87
71 48
87 48
48 88
48 74
48 81
48 16
88 74
88 72
74 79
74 72
79 72
72 83
83 41
41 92
41 81
41 16
92 59
92 28
59 18
59 19
18 60
18 26
18 61
18 93
18 28
60 26
60 43
60 19
26 94
26 61
26 27
26 19
94 43
94 19
43 61
43 93
43 62
61 93
61 19
93 42
42 95
42 27
95 96
96 27
27 62
27 28
27 16
62 19
19 63
19 97
19 32
97 98
98 53
53 28
28 7
7 81
81 8
8 32
8 16
32 16
16 45
45 12
12 64
64 99
