0 1
0 2
1 3
1 4
1 5
1 6
1 7
1 8
1 2
1 9
1 10
3 4
3 11
4 11
4 2
4 10
11 12
12 13
12 14
13 15
13 5
13 16
13 6
15 5
15 17
15 14
5 18
5 16
5 6
5 17
5 19
5 20
5 21
5 10
5 14
18 22
18 17
22 23
23 24
23 14
24 16
24 7
24 9
24 25
24 26
16 6
16 17
16 8
16 10
6 17
6 10
6 14
17 19
17 20
17 7
17 10
19 20
19 10
20 27
20 21
20 7
27 28
28 21
21 7
7 8
7 10
8 29
8 30
8 10
8 26
30 2
30 10
30 14
2 9
2 14
2 31
2 32
9 10
10 33
10 14
10 26
10 34
10 32
10 35
33 14
14 31
31 36
36 37
37 25
25 38
38 26
26 39
26 32
39 40
40 41
40 42
41 43
43 44
43 34
43 32
43 45
43 46
43 42
44 47
44 48
44 49
44 50
47 51
47 52
47 32
47 42
51 48
51 34
51 32
48 53
48 34
48 52
48 32
53 54
54 55
54 52
55 56
56 57
57 34
34 58
34 52
34 49
34 59
34 60
34 61
34 46
34 62
34 63
58 64
58 42
58 35
64 65
64 42
65 52
65 61
65 46
65 42
52 66
52 67
52 59
52 32
52 68
52 61
52 69
52 46
52 70
52 71
52 72
52 73
66 67
67 74
74 75
75 49
49 76
49 59
49 32
76 77
77 78
78 59
59 32
59 42
59 35
32 79
32 68
32 60
32 61
32 80
32 69
32 46
32 50
32 81
32 82
32 71
32 83
79 45
79 60
79 46
45 84
45 80
45 69
45 85
45 50
45 86
84 68
84 60
68 60
68 61
68 46
60 87
60 61
60 88
60 69
60 46
60 85
60 50
60 86
60 89
60 90
87 61
61 80
61 69
61 50
61 82
61 91
61 90
61 35
80 88
88 69
88 89
69 46
69 50
69 89
46 85
46 62
46 42
85 50
50 86
50 62
86 62
62 92
92 81
92 82
82 70
82 71
70 93
70 94
93 71
93 94
93 35
71 95
71 96
71 73
96 91
96 35
91 89
89 90
89 97
90 97
90 83
97 83
83 42
42 72
73 94
94 98
98 35
35 99
99 63
