0 1
0 2
1 3
3 4
4 5
5 2
5 6
2 7
2 8
7 8
8 9
9 10
9 11
9 12
10 13
10 14
13 15
13 16
13 17
15 18
15 19
15 20
18 21
21 22
21 23
22 24
22 25
22 26
22 19
22 27
22 17
22 28
22 29
22 30
22 31
22 32
22 33
22 34
24 35
24 36
24 23
24 20
35 25
25 11
25 23
25 20
11 26
11 19
11 37
11 38
11 39
11 40
11 41
11 33
11 42
26 19
26 23
19 43
19 27
19 44
19 17
19 45
19 36
19 28
19 38
19 31
19 46
19 32
19 47
19 33
19 23
43 48
48 49
48 50
48 16
48 32
49 51
51 52
52 6
6 27
6 42
27 53
27 36
27 12
27 23
53 37
53 54
53 55
53 56
53 41
53 47
53 57
37 58
37 12
58 59
58 20
59 60
59 61
60 62
60 63
62 64
64 61
64 54
61 54
61 65
54 65
65 66
66 67
67 55
55 68
55 40
68 69
69 70
70 71
70 72
71 72
72 73
73 74
74 75
75 76
75 38
76 44
44 77
44 23
77 50
50 78
78 16
78 20
16 79
16 17
79 17
79 12
17 45
17 20
45 36
45 23
36 28
36 38
36 30
36 31
36 23
28 80
80 81
80 82
81 82
82 83
83 84
83 57
84 12
12 38
12 39
12 56
12 14
12 85
12 41
12 30
12 31
12 42
12 57
38 39
38 14
38 23
39 29
39 42
39 23
29 86
86 56
56 14
56 20
14 87
87 88
87 23
88 40
40 85
85 41
85 31
41 30
41 20
30 63
30 23
63 31
31 46
31 20
46 32
32 47
32 23
47 33
47 89
47 90
33 89
33 90
33 23
89 42
89 91
89 23
42 91
42 90
42 23
42 20
91 92
92 90
90 93
90 23
93 23
23 34
23 94
23 95
34 57
57 20
20 96
96 97
97 98
98 99
99 94
94 95
