0 1
1 2
1 3
1 4
2 5
5 6
5 7
6 8
6 9
6 10
6 11
6 12
6 13
6 14
6 15
6 16
6 17
8 18
8 11
8 7
18 9
9 10
9 11
9 7
10 11
10 7
11 19
11 20
11 21
11 7
11 22
11 13
11 15
11 16
11 17
19 23
23 24
24 25
25 26
26 20
20 27
27 28
28 29
28 30
28 31
29 30
30 32
32 33
33 34
34 35
35 36
35 37
36 31
31 37
37 38
38 39
38 40
38 7
39 41
41 21
41 42
41 17
21 40
40 43
40 16
40 17
43 7
7 44
7 45
7 13
7 46
7 15
7 16
7 17
44 47
47 48
48 49
49 45
49 12
49 50
45 51
45 52
51 12
12 22
12 13
22 53
53 54
54 55
54 52
54 56
54 50
54 13
54 14
54 57
54 58
54 59
55 52
55 59
52 56
52 59
56 50
56 42
56 59
50 13
13 60
13 61
60 14
60 62
60 3
14 61
61 63
61 64
63 62
63 3
62 65
62 58
65 66
65 3
66 67
66 68
67 3
67 69
3 70
3 71
3 72
3 73
3 74
3 58
3 42
70 69
69 75
69 4
69 58
75 4
75 74
4 76
4 74
76 71
71 57
57 77
57 59
77 78
78 64
78 74
64 79
79 80
79 81
79 82
81 83
81 82
83 82
82 72
72 73
73 68
68 84
84 85
85 86
85 87
85 88
86 89
89 87
89 90
87 91
87 92
87 90
87 93
91 92
91 90
91 93
92 90
92 94
90 94
94 93
93 95
95 74
74 58
58 96
96 42
42 88
88 59
59 97
97 98
98 46
46 99
99 15
99 16
15 16
16 17
