0 1
1 2
1 3
2 4
2 5
4 6
4 3
4 7
6 8
6 9
6 10
6 11
6 12
9 3
9 7
3 13
3 14
3 15
3 16
3 17
3 18
3 19
13 20
13 21
20 22
20 23
20 18
22 10
10 24
10 25
10 26
10 27
10 28
10 11
10 29
10 30
10 31
10 32
10 33
10 34
10 35
10 12
10 36
24 37
24 38
37 39
37 40
37 41
37 42
37 29
39 25
39 43
25 43
25 5
43 44
43 45
43 46
43 47
43 48
44 49
44 5
44 29
44 36
49 50
50 5
50 51
50 38
50 29
5 52
5 53
5 54
5 26
5 27
5 55
5 28
5 29
5 56
5 57
5 58
5 59
52 60
52 53
60 61
60 53
60 36
61 53
61 36
53 54
53 26
53 57
53 62
53 58
54 63
63 26
26 64
26 36
26 62
26 65
64 27
27 55
27 40
27 32
55 40
40 41
40 29
41 66
41 51
41 28
41 38
41 29
66 51
66 38
66 29
51 28
51 42
51 38
51 47
51 29
28 42
28 29
28 36
42 45
42 38
45 67
45 38
45 29
45 36
67 46
46 68
46 69
46 70
46 71
68 38
68 29
38 72
38 29
38 56
72 47
72 29
72 36
47 69
69 14
69 11
14 70
70 73
73 11
73 7
11 74
11 7
11 71
74 48
48 29
29 75
29 76
29 36
75 76
76 77
77 56
56 78
56 36
78 15
15 30
15 17
30 79
30 31
30 80
30 71
79 31
31 81
81 82
81 71
82 83
82 84
83 16
83 84
16 84
16 17
16 7
84 85
84 86
84 80
85 86
86 80
80 17
17 21
21 23
21 18
21 87
21 7
23 18
18 87
18 88
18 7
87 88
88 89
88 7
89 7
7 90
90 32
32 91
91 92
92 19
92 93
92 35
19 93
19 94
19 34
93 95
93 33
93 94
95 33
95 96
95 34
33 96
33 94
96 94
96 35
96 71
94 34
34 35
34 71
35 12
12 71
71 97
97 36
36 57
36 59
36 98
57 62
62 58
59 98
59 65
98 65
65 99
