0 1
0 2
0 3
0 4
0 5
0 6
0 7
1 2
2 8
2 5
8 9
9 10
10 11
11 12
12 13
13 14
14 15
15 16
16 17
17 18
18 19
19 20
19 21
20 21
21 22
21 23
22 3
3 24
3 25
3 26
24 4
4 5
5 27
5 28
27 29
29 30
29 31
30 31
31 32
32 33
33 34
34 35
35 36
36 37
36 38
37 39
37 40
37 41
37 42
37 43
37 44
37 45
37 46
37 47
37 48
37 49
37 50
37 51
37 52
37 53
37 54
37 55
37 56
37 57
37 58
37 59
37 60
37 61
37 62
37 63
37 64
37 28
37 65
37 66
39 40
39 43
39 44
39 47
39 67
39 68
39 53
39 56
39 62
39 63
39 66
39 69
40 41
40 68
40 49
40 59
41 42
41 67
41 70
41 52
41 57
41 71
41 65
42 43
42 46
42 47
42 67
42 70
42 55
42 57
42 72
42 62
42 63
42 64
42 71
43 44
43 46
43 73
43 67
43 70
43 68
43 50
43 51
43 52
43 74
43 54
43 55
43 56
43 75
43 57
43 72
43 58
43 59
43 63
43 64
43 28
43 71
43 76
44 45
44 73
44 67
44 49
44 50
44 38
44 74
44 28
45 46
45 67
45 56
45 57
45 60
45 28
46 77
46 67
46 52
46 54
46 64
77 78
77 70
77 50
77 54
77 60
77 63
77 6
78 73
78 47
78 68
78 38
78 55
78 28
73 79
73 47
73 49
73 53
73 55
73 57
73 71
79 47
79 26
79 80
47 67
47 68
47 52
47 38
47 56
47 57
47 58
47 59
67 70
67 48
67 68
67 49
67 50
67 81
67 51
67 53
67 54
67 55
67 56
67 75
67 57
67 58
67 59
67 60
67 61
67 62
67 63
67 64
67 28
67 71
67 66
67 76
67 69
70 48
70 50
70 28
70 66
70 76
48 68
48 55
48 71
68 49
68 53
68 38
68 74
68 82
68 72
68 59
68 60
68 71
49 50
49 57
49 59
50 81
50 54
50 56
50 57
50 72
50 62
50 64
50 28
81 51
81 52
81 75
81 82
81 72
81 64
51 52
51 54
51 55
51 75
51 57
51 59
51 60
51 64
51 76
51 69
52 53
52 38
52 54
52 55
52 56
52 57
52 60
52 62
52 28
52 65
52 69
53 83
53 84
83 38
38 74
38 82
38 58
38 59
38 28
38 85
74 54
54 55
54 56
54 57
54 60
54 62
54 65
54 69
55 56
55 57
55 72
55 59
55 60
55 61
55 62
55 63
55 71
55 85
55 76
55 69
56 75
56 57
56 58
56 59
56 61
56 62
56 63
56 64
56 28
75 57
75 60
75 28
75 65
75 85
75 76
57 82
57 72
57 59
57 60
57 61
57 62
57 63
57 64
57 28
57 85
57 76
57 69
82 72
82 64
82 28
72 58
72 60
72 61
72 64
72 28
72 69
58 59
58 63
58 64
58 65
59 60
59 64
59 28
60 61
60 62
60 28
61 62
61 28
62 63
63 64
63 28
64 28
64 71
64 69
28 71
28 66
71 65
65 85
85 66
66 76
76 69
69 6
6 86
6 87
86 88
88 7
7 89
89 87
89 90
87 91
91 92
92 93
93 94
94 95
95 90
95 96
90 96
96 97
97 25
25 26
25 80
26 98
98 80
80 23
23 99
99 84
