0 1
0 2
1 2
1 3
2 4
4 5
4 6
5 7
5 8
7 9
7 10
7 11
7 12
9 13
9 14
13 15
13 10
13 16
15 17
17 18
18 19
18 20
19 21
19 22
19 23
19 24
21 25
21 20
21 26
21 8
25 27
25 22
27 28
27 20
27 26
27 3
28 29
29 20
20 30
20 31
30 32
30 33
30 34
32 35
35 26
35 36
26 37
26 22
37 38
38 39
39 40
40 41
40 31
41 31
31 42
31 22
42 43
43 44
44 45
45 22
22 23
23 46
23 33
23 34
23 6
23 3
23 14
46 47
46 48
46 49
46 50
46 51
46 24
46 14
47 48
47 50
47 52
47 14
48 53
48 50
48 36
48 14
53 54
53 55
54 56
54 34
54 14
56 49
56 50
49 50
50 57
50 33
50 51
57 58
57 33
58 33
33 59
33 60
59 34
34 61
34 62
34 63
34 51
34 10
34 11
34 64
34 65
34 66
34 67
61 68
68 62
62 69
69 6
6 70
6 10
6 60
6 11
70 63
63 3
3 71
3 72
3 73
3 74
3 75
3 76
3 77
3 65
3 66
71 78
78 72
78 75
72 79
72 73
72 74
79 73
73 74
74 75
75 76
75 77
75 8
76 77
77 36
77 80
77 81
36 82
36 8
82 51
51 55
55 10
55 14
10 16
10 14
16 52
16 14
52 24
24 14
14 60
60 83
83 84
84 85
85 8
8 86
86 87
87 88
88 89
89 90
90 80
80 91
91 92
92 93
92 94
93 95
95 94
95 11
11 81
81 96
96 64
96 97
64 98
98 99
99 65
65 97
97 66
66 67
67 12
