0 1
1 2
1 3
1 4
1 5
1 6
1 7
1 8
2 3
2 5
2 7
2 9
3 10
3 5
3 7
3 11
3 12
3 13
10 14
14 15
14 4
14 16
14 17
14 5
14 18
14 9
14 19
14 20
14 21
14 12
14 22
15 23
15 4
15 6
15 24
23 4
23 18
4 25
4 26
4 27
4 28
4 29
4 17
4 30
4 5
4 7
4 8
4 31
4 32
4 33
4 9
4 34
4 19
4 35
4 21
4 12
25 36
25 9
36 37
36 26
37 26
26 16
26 18
26 9
16 27
27 38
27 9
27 19
38 39
38 40
38 9
38 20
39 28
39 21
28 18
28 9
28 19
28 21
29 17
29 18
29 9
29 19
29 21
17 41
17 31
17 42
17 43
41 44
44 45
44 32
44 35
44 46
44 24
44 13
45 47
45 11
45 22
47 48
47 32
47 11
47 49
48 30
48 11
30 50
30 6
50 5
5 51
5 6
5 7
5 8
5 9
5 21
51 9
6 7
6 18
6 9
6 19
6 21
7 8
7 9
8 18
8 9
8 19
8 21
18 52
18 32
18 9
18 19
18 53
18 21
52 54
52 19
52 21
54 31
54 46
54 12
54 55
31 40
31 9
31 20
31 21
40 32
40 20
40 56
40 57
32 33
32 9
32 19
32 20
32 21
32 12
32 22
33 9
33 19
9 34
9 19
9 58
9 59
9 21
9 24
9 60
34 19
34 21
19 58
19 59
19 53
19 21
19 42
58 61
58 20
58 21
61 11
11 49
11 56
11 62
11 24
11 13
11 63
11 55
49 20
49 22
20 56
20 35
20 64
20 65
20 46
20 13
56 66
56 22
66 35
66 46
35 62
35 22
62 64
62 65
62 46
62 12
62 13
62 22
64 65
64 67
64 46
65 67
67 46
67 22
46 59
46 22
59 53
59 21
53 21
21 24
21 42
24 12
24 13
12 42
12 13
42 13
42 22
13 63
13 22
63 68
63 69
63 22
68 70
70 71
71 72
71 73
71 74
71 75
71 76
71 77
72 78
72 79
72 75
72 80
78 73
78 81
78 82
78 75
78 83
78 84
78 80
73 81
73 80
73 85
81 74
81 79
81 82
81 75
81 86
81 87
81 84
81 88
81 80
81 85
81 89
81 57
74 79
79 82
79 75
79 83
79 87
79 84
79 80
82 75
75 90
75 83
75 87
75 80
75 91
90 92
92 60
60 93
93 43
43 94
94 86
86 83
83 87
83 80
87 84
87 80
84 88
84 80
88 80
80 76
80 85
76 95
76 85
95 77
77 91
91 69
69 96
69 97
69 98
96 85
96 97
85 89
89 99
99 57
57 97
97 98
98 55
55 22
