0 1
0 2
1 3
1 4
1 5
1 6
1 7
1 8
1 9
1 10
1 11
1 12
1 13
1 14
1 15
1 16
1 17
1 18
1 19
1 20
1 2
1 21
3 22
22 23
22 24
23 25
23 24
25 4
4 26
4 27
26 27
27 28
27 29
28 30
30 31
31 32
32 33
32 34
32 35
32 36
32 24
32 37
33 38
38 39
38 34
39 40
39 41
39 37
40 42
40 43
40 37
40 44
40 45
40 2
40 46
42 47
42 34
42 37
42 45
42 2
47 5
47 48
47 49
5 6
5 24
5 50
6 51
6 34
6 24
6 2
51 52
52 53
52 54
52 55
53 54
54 55
55 56
56 57
57 58
58 59
58 36
59 60
60 34
60 36
34 7
34 61
34 36
34 8
34 62
34 63
34 24
34 11
34 64
34 65
7 35
7 36
7 62
7 24
7 37
7 46
35 61
35 43
61 66
61 36
61 24
66 36
66 24
66 37
36 8
36 24
36 67
36 68
36 69
8 62
62 63
63 24
24 9
24 48
24 10
24 49
24 11
24 70
24 29
9 48
48 10
48 71
48 41
10 71
10 49
10 41
10 37
71 72
72 49
72 73
72 11
72 37
49 74
49 43
49 37
74 73
74 41
74 37
73 11
11 41
11 37
41 12
41 43
41 75
12 43
12 75
43 13
43 75
13 76
13 77
13 45
13 75
13 46
76 77
77 14
77 18
14 37
14 2
37 15
15 16
16 44
44 64
44 17
44 78
44 18
44 2
64 79
79 17
17 78
17 18
17 80
17 2
78 18
18 80
18 81
80 81
80 82
80 45
81 82
82 70
82 45
70 83
70 45
83 29
29 84
84 67
67 68
67 45
68 85
85 69
69 86
69 50
86 87
86 88
86 89
87 45
45 90
45 91
45 92
90 75
75 19
19 20
19 2
20 2
2 93
93 94
94 65
65 88
65 50
65 46
88 50
88 46
50 91
91 95
91 46
91 96
95 92
92 46
46 97
46 98
97 96
96 89
89 99
99 98
98 21
