0 1
1 2
1 3
1 4
1 5
1 6
1 7
1 8
1 9
1 10
1 11
1 12
1 13
1 14
1 15
1 16
1 17
1 18
1 19
1 20
1 21
1 22
1 23
1 24
1 25
1 26
1 27
1 28
1 29
1 30
1 31
1 32
1 33
2 34
2 35
34 3
34 35
3 35
3 36
3 37
35 38
35 36
38 36
38 37
36 39
36 40
36 22
36 25
39 41
41 42
42 43
43 4
4 5
4 8
4 44
4 45
5 6
6 46
46 7
46 10
46 11
7 8
7 13
8 9
8 10
8 13
9 10
9 13
9 37
10 11
10 47
10 13
11 47
47 40
47 22
40 12
40 13
40 22
12 48
48 49
48 13
49 13
13 50
13 22
13 23
13 25
13 31
50 51
50 45
51 52
51 14
51 53
51 54
52 44
44 14
44 53
44 54
14 53
14 55
14 45
53 45
54 56
54 45
56 57
57 55
55 58
55 45
58 15
58 45
15 59
15 45
15 19
15 21
15 60
59 61
61 62
61 45
61 19
61 63
61 60
62 64
62 63
64 16
16 65
16 66
16 45
16 19
16 63
16 60
65 67
65 66
65 68
65 45
65 69
65 20
65 70
67 66
66 68
66 71
66 45
66 70
66 72
68 73
68 74
68 45
68 75
73 75
74 71
71 45
71 75
45 17
45 76
45 63
45 77
45 69
45 78
45 20
45 79
45 80
45 60
45 81
45 72
17 82
17 83
17 84
82 18
82 83
18 83
83 76
83 84
76 19
76 60
19 84
19 69
19 60
84 63
63 77
63 78
63 20
77 69
69 85
69 60
85 78
85 72
78 20
20 21
20 60
21 79
21 60
79 80
79 60
80 60
60 81
60 72
81 86
81 87
81 75
86 87
87 75
75 70
75 88
70 72
72 89
89 88
88 90
90 37
37 91
37 22
37 23
37 28
37 32
91 92
92 22
22 23
22 31
22 32
23 24
23 25
23 31
24 93
93 94
94 95
95 25
25 26
26 96
96 97
96 27
97 98
98 99
99 27
27 28
28 29
30 31
31 32
31 33
32 33
