0 1
0 2
1 3
1 2
1 4
1 5
3 2
3 5
3 6
3 7
3 8
3 9
2 10
2 5
2 11
10 12
10 13
10 7
12 14
12 7
14 13
14 15
14 16
13 17
13 9
17 18
18 19
18 20
19 20
19 7
20 21
20 22
20 4
20 6
20 11
20 7
20 8
20 15
20 9
20 16
20 23
20 24
21 25
21 26
21 6
21 8
21 16
25 27
25 6
27 26
27 6
26 28
26 6
26 29
26 30
28 31
28 32
28 33
28 6
28 7
28 34
28 35
28 8
28 9
31 36
31 33
31 35
31 29
31 8
36 37
37 38
38 39
38 40
38 41
38 32
38 42
38 43
38 44
38 45
38 46
38 47
40 48
40 32
48 41
48 43
48 44
48 45
48 46
41 32
32 49
32 29
32 50
32 51
32 44
32 45
32 52
32 53
49 33
49 7
49 35
33 54
33 34
33 35
33 29
54 55
55 56
55 57
55 58
55 59
55 6
55 8
55 60
55 61
56 57
57 58
58 62
58 7
62 59
62 7
62 34
62 9
59 22
59 7
59 8
22 63
22 64
22 7
22 65
22 9
22 66
63 67
63 5
63 7
67 4
67 7
67 8
4 5
4 6
4 7
5 64
5 7
5 68
64 6
64 7
64 8
64 9
6 11
6 69
6 70
6 71
11 7
11 15
11 9
7 72
7 34
7 8
7 9
7 66
7 71
7 30
7 73
7 74
7 68
7 60
7 61
7 23
7 75
34 35
34 29
34 8
35 76
35 77
35 29
35 51
35 44
35 45
35 9
35 46
76 77
76 29
77 51
29 42
29 78
29 50
29 51
29 45
29 9
29 46
29 47
29 52
29 79
29 53
29 74
42 78
78 50
50 51
50 52
51 43
51 52
44 45
45 8
8 80
8 81
8 9
8 71
8 74
8 60
8 61
8 24
80 82
82 83
83 84
84 85
85 81
81 86
86 65
65 87
65 16
87 69
69 88
88 89
88 15
88 24
89 90
89 15
89 16
90 15
90 16
15 91
15 16
15 23
91 92
91 16
92 70
70 9
9 66
9 68
9 61
66 71
71 30
30 16
16 73
16 23
16 93
73 94
94 95
95 46
46 47
47 52
52 79
79 53
53 74
74 68
68 60
60 61
23 24
24 93
93 96
96 97
97 98
98 99
99 75
