0 1
1 2
1 3
2 3
2 4
3 5
3 6
3 4
3 7
5 8
5 6
5 9
5 4
5 10
5 11
5 12
8 13
8 14
8 15
8 6
8 16
8 17
8 18
8 19
8 20
13 21
13 9
13 22
13 17
21 14
21 16
21 17
14 15
14 6
14 17
15 6
15 16
15 17
15 19
15 23
6 24
6 25
6 26
6 16
6 27
6 9
6 28
6 29
6 17
6 18
6 19
6 20
6 7
24 30
24 16
24 17
30 25
30 29
25 31
31 32
32 33
33 34
34 35
34 22
35 36
35 26
35 16
35 22
36 37
36 38
37 39
39 26
39 9
39 17
26 40
26 16
26 17
40 41
41 42
42 43
43 44
44 16
44 17
16 27
16 45
16 9
16 46
16 47
16 29
16 17
16 18
16 19
16 20
16 48
16 49
27 50
27 17
50 45
45 51
51 52
52 53
53 54
54 9
9 55
9 56
9 57
9 46
9 58
9 19
9 20
9 59
9 60
55 61
55 17
61 62
61 56
62 63
63 64
64 56
56 57
57 65
57 17
57 20
65 66
66 67
67 68
68 69
68 70
69 70
69 71
70 71
71 22
22 28
22 58
22 17
28 46
28 17
46 58
46 47
58 72
72 47
47 29
47 73
47 7
29 73
73 74
74 75
75 76
75 4
75 77
76 78
76 4
78 79
78 80
79 81
79 10
81 82
82 4
4 83
83 10
83 80
83 17
10 11
10 84
10 85
10 12
11 84
84 80
80 85
85 77
77 12
12 17
17 18
17 19
17 20
17 86
18 19
19 20
20 23
23 59
59 87
87 88
87 89
87 90
88 91
91 86
91 48
91 89
89 90
90 92
90 93
92 94
92 93
94 95
94 96
95 96
96 38
96 49
38 49
49 93
93 97
93 60
60 7
7 98
98 99
