0 1
1 2
1 3
2 4
2 5
2 6
4 7
4 8
4 3
4 6
7 9
9 10
9 11
10 12
10 8
10 13
10 14
10 15
12 8
12 15
8 16
8 17
8 18
8 11
8 19
8 20
8 21
8 22
16 23
16 24
16 25
16 13
16 26
23 27
23 28
27 24
24 29
24 25
29 25
25 13
13 17
13 30
13 31
17 32
17 3
32 33
32 34
33 35
33 3
35 36
35 5
35 37
35 11
35 38
35 39
35 3
35 6
36 40
36 3
36 6
36 41
40 5
40 3
5 34
5 42
34 42
34 3
34 43
42 44
42 6
44 45
45 37
45 6
37 18
37 11
37 30
37 46
37 47
37 39
37 19
37 48
37 22
18 49
18 19
18 3
18 6
49 50
50 51
51 11
11 38
11 30
11 39
11 19
11 48
11 22
38 30
38 6
30 46
30 39
30 3
30 6
30 15
47 39
47 6
39 19
39 48
19 48
19 6
48 52
48 3
52 20
20 53
20 14
20 54
53 55
53 14
53 54
55 56
56 57
57 58
58 21
21 59
59 60
59 14
60 61
60 54
61 62
61 63
61 54
62 64
62 41
64 65
64 41
64 14
65 63
63 66
63 67
66 68
68 69
68 70
70 71
71 72
72 73
72 54
73 74
74 75
75 22
22 76
22 6
76 3
76 6
3 77
3 6
3 41
77 6
6 78
6 26
78 41
41 79
79 80
80 81
81 14
14 67
14 28
14 26
14 82
67 28
28 83
28 54
28 84
28 26
83 54
54 84
54 26
84 85
85 86
85 87
85 88
85 31
86 87
87 89
89 90
90 91
90 88
91 88
88 92
92 43
43 31
31 26
26 93
26 94
93 95
95 94
95 15
94 96
96 15
15 97
97 98
98 82
82 99
