0 1
1 2
1 3
2 4
2 5
4 6
4 7
6 8
8 9
9 10
10 11
11 5
5 12
12 13
12 14
13 15
13 16
13 17
13 14
15 16
16 18
18 19
19 17
17 20
17 14
20 21
21 22
21 14
22 14
14 23
14 24
14 25
14 26
14 27
23 24
24 28
28 29
29 30
30 31
31 25
31 26
26 32
26 33
32 34
34 27
34 33
27 33
33 35
33 36
35 37
35 3
37 38
38 39
39 40
40 41
40 42
41 43
41 42
43 42
43 44
43 45
43 3
42 44
44 46
46 45
45 47
45 48
47 49
49 48
48 50
48 51
50 52
52 51
52 7
51 7
7 53
53 54
54 55
55 56
55 57
55 58
56 36
56 59
36 60
36 61
36 62
60 61
61 63
63 64
64 57
64 62
57 65
65 66
66 67
67 68
67 62
68 62
68 59
62 59
59 69
69 70
70 71
71 72
72 73
73 74
74 75
74 3
75 76
76 77
76 58
77 78
77 58
78 58
58 79
79 80
80 81
81 82
81 3
82 83
83 3
3 84
84 85
85 86
86 87
87 88
87 89
88 90
88 91
88 92
88 89
88 93
90 91
91 94
91 89
91 95
91 93
94 92
92 96
92 89
92 97
96 89
89 98
98 95
98 99
98 97
95 99
99 93
93 97
