0 1
0 2
1 3
1 2
3 4
3 2
3 5
4 6
4 7
4 8
4 9
4 10
4 11
4 12
4 13
6 2
2 7
2 14
2 8
2 15
2 16
2 17
2 9
2 10
2 18
2 19
2 20
2 21
2 22
2 23
2 24
7 25
7 26
25 27
27 28
28 29
28 30
28 31
28 32
28 14
28 26
28 33
28 34
28 35
28 36
29 30
29 37
29 38
29 26
31 39
31 38
39 40
40 41
41 42
42 43
42 35
43 37
43 38
43 26
37 44
37 26
44 32
44 45
44 26
32 45
32 38
32 33
45 46
45 38
45 26
45 35
46 38
38 14
38 47
38 48
38 35
14 26
26 49
26 47
26 50
26 51
47 50
50 33
50 48
50 51
50 52
33 48
33 51
33 53
33 52
48 51
51 53
53 52
52 54
52 35
54 55
55 34
55 35
34 56
34 35
56 35
35 57
57 36
36 58
58 59
59 8
8 15
15 16
15 60
16 17
16 61
16 62
16 63
17 64
17 65
17 19
64 65
65 66
66 61
66 67
61 68
61 18
61 19
68 69
69 70
70 5
5 9
5 11
5 18
5 21
5 60
5 22
5 24
5 71
9 62
62 10
62 24
62 71
10 72
72 11
72 67
11 67
67 18
18 73
18 19
18 63
73 19
19 20
19 63
20 74
20 75
20 76
20 77
74 78
74 79
74 75
74 76
74 77
78 79
78 76
78 77
79 80
80 75
80 76
80 77
75 76
75 77
76 81
81 77
77 82
77 83
83 84
84 85
84 86
84 87
85 88
85 86
88 21
21 86
86 89
89 87
87 90
90 12
12 13
12 91
13 91
91 92
92 60
60 22
22 93
93 23
23 94
94 24
24 63
63 95
95 96
96 97
97 98
98 99
99 71
