0 1
1 2
1 3
1 4
1 5
1 6
1 7
1 8
1 9
1 10
1 11
1 12
2 13
2 3
2 4
2 5
2 14
2 15
2 6
2 8
2 9
2 12
13 3
13 6
3 16
3 5
3 8
16 4
16 6
16 7
16 17
16 8
16 9
4 5
4 18
4 6
4 19
4 7
4 17
4 8
4 9
4 12
5 20
5 18
5 7
5 8
5 9
5 21
5 12
20 22
22 23
22 24
22 25
22 26
22 12
23 24
23 25
23 6
23 8
23 12
24 27
24 25
24 8
27 25
25 26
25 12
26 28
28 29
28 30
29 31
29 32
29 33
31 34
31 35
34 30
35 36
36 37
37 32
32 38
38 39
38 40
38 41
39 42
39 43
39 41
42 43
42 12
43 44
43 40
43 41
43 17
44 40
40 45
45 46
45 41
46 47
46 48
46 49
46 50
46 51
46 17
47 52
47 6
47 7
47 17
47 8
47 30
52 48
48 53
48 49
48 50
48 51
48 6
48 30
53 49
53 8
49 50
50 51
51 54
51 7
51 30
54 55
54 56
54 7
54 41
55 57
57 58
57 41
58 59
58 60
59 33
33 14
33 7
33 61
33 17
14 15
15 18
15 7
15 11
15 12
15 30
18 62
18 63
18 7
62 12
63 6
63 7
63 17
63 8
63 30
6 64
6 56
6 7
6 41
6 65
6 9
6 66
6 10
6 21
6 67
64 56
64 7
64 17
64 8
56 19
56 7
56 17
56 8
19 68
68 7
68 30
7 69
7 70
7 17
7 71
7 8
7 67
7 72
7 73
7 30
69 74
69 75
74 76
74 77
74 61
74 78
74 79
76 60
60 80
80 81
81 82
81 83
82 84
84 85
85 86
86 77
86 61
86 87
77 88
88 89
88 61
88 79
89 61
89 41
61 90
90 91
91 92
92 78
78 83
83 75
75 93
93 41
41 87
41 17
41 8
41 30
87 79
87 17
79 70
70 17
17 65
17 71
17 94
17 66
65 71
71 94
94 8
8 9
8 66
8 10
8 21
8 67
8 30
9 66
9 10
9 21
9 11
66 10
66 21
10 21
10 12
21 67
67 72
72 11
11 95
11 12
95 73
73 12
12 96
12 97
12 98
96 97
97 99
99 98
98 30
