0 1
0 2
0 3
0 4
1 5
1 2
1 3
1 6
1 7
1 8
1 9
1 10
5 2
5 6
5 7
2 3
2 6
2 7
3 4
3 6
3 11
3 12
4 6
4 11
4 7
4 9
6 11
6 12
11 12
12 13
13 14
14 15
14 16
15 7
16 7
7 17
17 18
17 9
18 19
18 20
19 21
19 22
19 23
19 9
21 9
22 24
22 9
22 25
24 26
24 10
26 27
26 23
26 25
27 28
27 20
28 29
28 23
28 30
28 20
29 31
29 9
29 32
29 20
31 33
31 30
31 20
33 34
34 35
34 36
34 37
34 38
34 23
35 39
35 37
39 36
39 37
36 40
36 37
36 41
40 37
40 38
40 42
37 41
41 38
41 42
38 42
38 23
38 9
38 30
42 43
42 23
42 9
42 44
42 30
43 45
45 8
8 46
8 9
8 30
46 47
47 48
47 49
48 49
49 50
50 23
50 9
50 30
23 51
23 9
23 52
23 53
23 54
23 55
23 56
51 9
51 30
9 57
9 58
9 44
9 30
9 52
9 25
9 59
9 60
9 61
9 62
9 55
9 63
9 56
57 58
58 64
58 65
64 66
66 44
44 67
67 30
30 52
30 68
30 25
30 69
30 70
30 63
30 56
30 32
30 71
30 72
52 73
52 63
52 32
52 20
73 74
73 32
74 68
68 25
25 53
53 75
75 10
10 59
10 60
59 60
59 62
60 76
60 61
76 65
76 77
65 61
61 78
61 77
61 79
78 69
78 80
69 62
62 80
80 77
77 81
81 54
54 82
82 83
83 70
70 84
84 85
85 86
85 87
85 88
85 55
86 88
87 88
88 55
55 63
63 56
56 32
56 89
32 90
32 71
32 91
32 20
32 72
90 71
71 79
79 92
79 91
92 93
93 94
94 95
95 96
96 89
96 91
89 97
89 91
97 91
91 98
91 99
99 20
20 72
