0 1
0 2
2 3
3 4
3 5
3 6
3 7
4 8
8 5
8 9
8 10
8 11
8 12
5 6
5 13
5 10
6 14
6 7
14 15
15 16
16 17
16 18
17 19
17 18
19 20
19 21
19 18
20 21
20 22
20 18
21 22
21 23
22 18
18 24
24 25
25 26
26 27
26 28
26 29
26 30
27 31
31 32
32 28
28 33
33 34
33 35
33 36
34 35
35 37
35 38
38 39
39 36
36 40
36 41
40 42
40 43
40 44
40 45
42 43
42 41
42 46
43 44
43 41
44 41
41 45
41 46
41 47
45 29
29 48
48 49
49 30
30 50
50 23
23 51
23 52
51 53
51 54
53 55
53 56
53 52
55 54
54 56
54 57
54 10
56 57
56 58
57 58
57 46
58 52
52 46
46 59
46 7
46 60
46 61
46 62
46 63
59 13
13 7
13 61
13 9
13 10
7 60
7 9
7 10
7 64
60 47
47 61
47 10
47 62
61 9
9 65
9 10
9 12
9 66
9 67
9 68
9 64
65 10
65 64
10 62
10 12
10 69
10 66
10 67
10 70
10 71
10 68
10 72
10 73
10 74
10 64
62 75
62 64
75 76
76 77
76 66
77 11
11 78
11 79
78 12
78 64
12 69
69 80
80 63
63 79
79 81
81 66
66 67
66 82
66 73
66 64
67 83
67 64
83 82
82 84
84 85
85 86
86 87
86 64
87 88
87 89
88 70
88 90
70 90
70 64
90 89
90 72
90 74
89 91
89 72
91 92
92 71
71 93
71 64
93 68
68 94
68 64
94 72
72 95
95 96
95 73
95 64
73 74
73 64
74 97
97 98
98 64
64 99
