0 1
1 2
1 3
1 4
2 5
2 6
5 7
5 8
7 9
9 10
9 11
10 12
12 11
12 13
12 14
11 15
11 13
11 14
11 16
11 17
11 18
11 19
11 4
11 20
11 21
11 22
11 23
11 24
11 25
11 26
11 27
11 28
11 29
11 30
11 31
15 32
15 23
15 33
15 28
32 34
32 23
32 33
34 13
34 33
13 14
13 18
13 35
13 20
13 23
13 36
13 37
13 30
13 38
13 6
14 39
14 35
14 40
14 38
39 41
41 16
41 42
41 36
41 8
41 28
16 3
16 18
16 43
16 44
16 30
16 45
3 46
3 47
3 30
46 17
17 18
17 23
17 43
17 33
18 19
18 48
18 4
18 49
18 20
18 23
18 42
18 43
18 33
18 25
18 50
18 51
18 47
18 52
18 53
18 30
19 35
19 30
35 54
54 55
54 23
54 42
55 48
48 4
48 49
48 56
48 23
48 57
48 43
48 33
48 28
4 49
4 56
4 23
4 26
49 20
49 56
49 23
49 8
49 28
20 56
20 42
56 21
56 25
21 22
21 23
21 43
21 33
21 58
21 59
21 28
22 23
22 60
23 57
23 61
23 33
23 62
23 58
23 25
23 26
23 30
57 63
57 42
57 61
57 58
63 64
64 65
65 42
65 28
42 66
42 61
42 67
42 50
42 27
42 68
42 38
66 43
43 69
43 70
43 71
43 53
69 61
61 67
67 60
60 70
60 72
70 33
33 71
33 73
33 25
33 72
33 31
73 24
24 62
62 58
58 25
25 26
25 28
26 74
26 50
50 75
75 51
51 47
47 59
59 76
59 27
59 68
59 77
59 78
76 79
79 80
79 27
27 44
44 81
44 8
44 82
81 52
52 36
36 40
36 6
40 83
83 68
68 8
68 28
68 84
8 37
8 28
8 82
37 85
85 53
85 82
85 45
53 28
28 82
28 29
28 31
29 30
29 6
30 72
72 45
45 31
31 38
38 86
86 6
6 87
6 88
87 88
88 84
84 89
84 90
89 90
90 91
91 92
92 93
92 94
92 95
93 77
77 96
77 97
97 78
78 98
98 94
94 95
95 99
