0 1
1 2
1 3
1 4
1 5
1 6
2 7
2 8
7 9
9 10
9 11
9 12
10 13
10 14
10 15
10 16
10 17
10 18
13 19
13 4
13 11
13 12
19 20
19 21
19 22
19 23
19 24
19 25
19 26
19 14
19 27
19 28
19 17
19 29
19 30
19 31
19 32
19 33
19 34
19 35
19 36
20 37
20 38
20 29
20 39
37 21
37 40
37 22
37 38
21 41
21 12
41 42
42 40
42 43
42 29
42 12
40 44
40 29
44 22
44 43
22 45
22 3
22 24
22 43
22 46
45 3
45 47
3 23
3 24
3 48
3 31
3 47
3 6
3 46
23 49
23 29
49 50
49 11
49 39
50 51
50 24
50 52
50 53
50 39
51 24
24 52
24 4
24 12
52 53
52 4
52 39
52 12
53 54
53 11
54 4
54 39
4 55
4 56
4 31
4 47
4 18
4 6
55 57
55 43
57 58
57 59
58 43
43 60
43 61
43 56
43 15
43 16
43 6
60 62
60 11
62 63
62 5
62 61
62 31
62 39
62 47
62 64
62 59
62 65
5 66
5 67
5 8
5 39
5 59
66 67
66 56
66 47
66 46
67 61
67 39
61 8
61 68
61 59
61 69
8 70
8 31
8 39
8 47
8 71
8 68
8 59
8 72
8 73
70 56
70 68
56 74
56 68
56 46
56 75
74 38
38 76
38 27
38 16
38 11
38 30
38 18
38 77
38 12
76 48
76 12
48 78
78 25
25 79
25 80
25 12
79 80
80 26
80 14
26 12
14 27
14 29
14 12
27 81
27 29
27 12
81 82
81 28
81 15
81 39
82 28
82 15
82 11
28 83
28 15
83 15
83 12
15 84
15 12
84 85
84 59
84 12
85 86
86 16
16 11
16 12
11 87
11 33
11 18
87 17
17 29
17 47
29 30
29 12
30 31
30 12
31 39
31 47
31 59
31 69
31 12
39 88
39 47
39 71
39 6
39 46
39 36
39 65
88 47
47 32
47 71
47 89
47 64
47 46
47 65
47 12
32 71
32 59
71 68
71 59
68 90
68 59
68 75
68 72
68 73
68 12
90 91
90 33
90 73
91 92
91 33
91 93
91 94
91 95
91 12
92 33
33 93
33 94
33 89
33 12
94 95
94 64
95 89
89 64
89 12
64 59
59 34
59 18
59 65
59 96
59 75
59 97
59 72
59 73
59 77
34 18
34 46
34 73
34 12
18 6
18 73
18 12
6 46
6 73
6 12
46 35
46 36
35 12
69 36
36 98
98 65
65 96
65 12
96 75
96 73
96 12
75 97
75 73
97 99
99 72
72 73
73 77
77 12
