0 1
1 2
1 3
2 4
2 5
4 6
6 7
7 8
8 9
9 10
9 3
10 11
11 12
11 13
11 14
11 15
11 16
11 3
11 17
12 13
12 14
13 14
14 18
14 19
14 20
14 16
14 5
18 21
18 22
21 23
21 24
23 19
19 25
19 26
19 27
19 5
25 28
28 29
29 30
30 24
24 31
24 32
31 32
31 33
31 34
31 35
32 33
33 34
34 36
36 37
37 15
15 38
38 20
38 26
38 22
20 16
16 26
16 39
16 40
16 5
26 41
26 27
26 39
26 22
26 40
26 42
26 43
26 5
41 44
41 27
44 45
44 27
44 5
45 27
27 39
27 46
39 47
39 48
39 40
39 49
39 5
48 50
48 51
50 52
50 5
52 3
17 53
53 54
53 55
53 56
54 57
54 56
57 58
57 59
57 60
57 56
57 61
57 62
58 63
58 62
63 59
63 64
63 65
63 66
63 67
63 68
63 56
59 64
59 65
59 56
64 69
64 70
64 66
69 71
69 72
71 65
65 70
65 73
65 66
65 68
65 60
73 66
73 67
66 74
66 68
66 72
74 55
74 72
55 67
55 68
67 75
67 56
67 76
75 68
68 60
68 56
60 72
60 56
72 56
56 76
56 77
76 61
61 78
78 77
77 79
79 80
80 62
62 81
62 82
81 82
82 83
82 22
82 5
83 22
22 84
22 85
22 43
22 5
84 35
35 86
35 5
86 87
87 88
87 46
88 89
88 46
89 90
89 5
90 46
46 91
91 92
92 40
92 5
40 85
40 5
85 93
93 94
94 95
95 96
96 97
97 42
42 49
42 51
42 5
49 43
49 5
43 98
43 5
98 51
51 99
99 5
