0 1
1 2
2 3
2 4
2 5
3 6
6 7
7 8
7 9
7 10
7 11
7 12
8 13
13 14
13 10
14 15
14 16
15 17
15 10
17 9
9 18
18 19
18 10
19 20
19 10
19 11
20 16
16 21
21 10
10 22
10 11
10 23
10 24
22 25
25 11
11 23
11 26
23 26
26 24
24 27
27 28
28 29
29 30
29 31
30 32
30 33
32 34
32 33
34 33
33 35
35 36
35 37
35 38
36 31
37 38
38 12
12 39
12 40
12 41
39 42
39 43
42 44
42 31
44 31
31 4
31 45
31 46
4 43
43 47
43 48
47 40
40 45
45 49
45 50
49 51
51 50
50 52
52 53
53 54
53 55
53 56
53 57
53 58
53 59
54 60
54 61
54 57
54 48
54 58
60 62
60 41
60 63
62 41
62 63
62 56
62 58
41 58
63 64
63 55
63 65
63 66
63 67
63 68
63 69
64 55
55 70
55 66
55 71
55 69
55 72
55 73
70 74
74 75
74 65
74 69
75 61
75 66
75 73
61 76
61 56
61 57
61 77
61 58
61 66
61 78
61 69
61 79
61 73
61 5
61 80
61 81
76 56
56 82
56 57
56 48
56 58
56 59
56 66
56 79
56 73
56 80
82 83
82 57
83 84
84 85
85 57
57 86
57 87
57 59
86 88
86 77
86 87
86 48
86 59
88 77
88 89
88 59
77 87
77 78
87 48
87 67
48 90
48 58
48 67
48 78
48 5
90 58
90 67
90 78
58 89
58 59
58 91
58 65
58 67
58 78
58 5
89 59
59 92
59 93
59 94
59 65
59 78
92 93
93 91
91 94
65 66
65 78
65 72
66 67
66 68
66 78
67 68
67 78
68 71
68 95
68 78
71 95
95 78
78 69
78 5
69 72
72 79
72 96
72 97
72 81
79 73
73 5
5 98
98 96
96 97
97 80
97 81
80 46
46 99
99 81
