0 1
1 2
2 3
3 4
3 5
3 6
4 7
4 8
7 9
9 10
9 11
9 5
9 12
9 13
9 14
10 11
11 5
11 15
5 12
5 13
12 13
13 14
13 16
13 15
13 17
14 16
16 18
18 15
15 19
15 20
19 21
21 22
21 23
21 24
21 25
21 26
21 27
21 28
21 29
21 30
21 31
21 32
21 33
21 34
21 35
21 36
21 37
21 38
21 39
21 40
21 41
22 23
22 42
22 28
23 24
23 43
23 44
23 28
23 45
23 46
23 47
23 39
23 48
24 49
24 42
49 25
49 50
49 33
49 35
49 51
49 52
49 41
25 53
25 44
25 42
25 54
25 55
25 52
25 37
53 43
53 44
53 28
53 54
53 56
53 55
53 51
53 52
43 44
43 42
43 28
43 54
43 56
43 55
43 34
43 51
44 57
44 42
44 28
44 54
44 56
44 55
44 34
44 35
44 51
44 52
57 42
57 28
57 55
57 34
42 58
42 50
42 59
42 28
42 45
42 31
42 54
42 33
42 46
42 34
42 35
42 51
42 36
42 52
42 38
42 47
58 26
58 28
26 60
26 61
26 62
60 63
63 64
64 65
65 66
66 27
27 50
27 67
50 67
50 28
50 55
67 68
67 28
68 69
68 28
69 59
59 28
28 45
28 70
28 30
28 33
28 71
28 46
28 61
70 72
72 73
73 74
74 75
74 29
74 76
74 77
75 78
78 29
29 30
29 76
29 77
30 76
76 79
76 77
79 77
77 31
31 80
80 81
81 8
8 82
8 20
8 6
20 6
20 17
6 83
83 84
84 85
85 32
85 33
85 86
85 71
85 37
32 54
54 33
54 55
54 34
54 35
54 52
33 87
33 56
33 55
33 52
33 37
87 86
86 71
86 61
86 62
71 88
71 55
71 52
71 89
71 61
71 62
88 56
88 90
88 61
88 62
56 91
56 51
56 36
56 52
91 55
55 46
55 51
55 36
55 52
46 34
46 35
34 92
34 35
34 51
34 36
92 35
35 51
35 36
51 36
51 52
36 52
52 37
37 89
37 62
89 90
89 62
90 93
93 61
61 94
94 38
38 47
47 39
47 95
39 95
95 40
40 48
48 96
96 41
41 62
62 97
97 98
98 99
99 17
