0 1
0 2
1 2
1 3
2 4
2 5
2 3
2 6
4 7
7 8
7 9
7 3
7 10
7 11
8 9
9 5
9 3
5 12
5 3
5 13
5 14
5 15
5 16
5 17
5 18
5 11
5 19
5 20
5 21
12 22
22 23
22 11
23 24
23 25
24 26
26 27
26 3
27 28
27 29
27 3
27 30
27 11
27 31
27 32
27 33
28 34
28 3
28 6
34 29
34 3
34 31
29 35
29 36
29 37
29 38
29 39
29 40
29 3
29 41
35 42
35 43
35 38
35 44
42 36
42 38
42 45
42 40
42 3
42 6
36 37
36 45
36 39
36 44
37 43
37 38
37 40
43 38
43 39
43 40
38 45
38 46
38 39
38 40
45 47
45 48
45 39
45 40
45 44
45 41
47 49
47 48
47 44
49 50
49 48
50 48
48 51
48 46
48 39
48 40
51 46
46 39
46 3
39 40
39 44
40 44
44 52
44 3
44 25
44 19
52 3
52 6
3 53
3 54
3 55
3 15
3 16
3 17
3 30
3 56
3 57
3 58
3 18
3 11
3 20
3 6
3 31
3 59
3 60
3 61
3 33
53 13
13 62
13 54
13 63
62 54
62 63
62 64
54 65
54 63
65 66
66 63
63 64
64 67
67 68
67 69
68 70
70 71
71 41
41 55
41 19
41 32
55 14
55 69
14 15
14 25
14 69
14 19
15 72
72 25
72 19
25 73
25 19
25 74
73 75
75 76
75 77
75 78
76 77
77 78
77 79
78 79
79 16
16 69
69 80
69 17
69 18
80 17
17 81
81 30
81 58
30 82
30 56
30 57
30 58
56 57
57 58
58 83
83 84
84 85
85 86
86 18
18 87
18 88
87 88
88 89
89 10
10 6
11 19
19 74
74 90
74 91
74 92
74 93
90 91
91 20
91 92
91 93
20 92
20 93
92 93
93 94
94 95
95 96
96 21
21 6
6 31
6 61
31 97
31 60
97 98
97 60
98 59
98 60
59 60
60 61
60 99
61 32
61 33
61 99
32 33
33 99
