0 1
0 2
1 3
1 4
1 5
3 6
3 2
3 7
3 8
3 9
6 10
6 2
6 7
6 11
6 8
10 2
10 7
2 12
2 13
2 14
2 15
2 16
2 7
2 11
2 17
2 18
12 13
12 19
12 7
12 20
12 8
12 9
13 14
13 7
13 11
13 4
13 21
13 22
14 23
14 22
23 24
23 25
23 18
24 26
26 27
26 28
26 29
28 30
30 31
31 32
32 25
25 19
25 4
25 33
19 34
19 35
19 33
19 5
34 36
34 37
34 29
36 35
36 38
36 39
36 40
36 41
36 5
35 42
35 7
42 43
42 44
42 45
42 46
42 39
42 47
44 45
44 48
44 46
44 7
45 48
45 49
45 50
45 51
45 46
45 15
45 16
48 49
48 51
48 52
48 16
48 47
48 7
49 38
49 50
49 51
49 46
49 39
49 16
49 47
49 7
38 50
38 7
38 8
50 51
50 16
50 47
51 52
51 39
51 16
51 47
52 46
46 39
39 15
15 53
15 5
15 29
53 16
16 47
47 7
47 29
7 54
7 11
7 40
7 55
7 17
7 8
7 56
7 4
7 37
7 57
7 9
7 58
7 59
7 60
7 18
54 11
54 8
54 29
11 40
11 22
40 61
40 8
40 9
61 62
62 20
62 37
62 41
20 55
20 4
20 37
20 5
55 17
17 8
17 63
17 64
17 9
8 56
8 9
56 65
56 9
56 29
65 4
65 29
4 66
4 57
4 9
4 5
4 60
4 29
66 37
37 67
37 68
37 5
67 69
69 41
69 9
41 70
41 58
41 59
41 71
41 72
41 5
70 73
70 5
70 74
73 75
75 76
76 77
76 78
76 79
76 33
76 71
76 80
76 81
77 82
77 83
77 64
77 33
77 84
77 80
77 5
77 74
82 85
82 29
85 86
85 63
85 64
85 29
86 83
86 57
86 63
86 64
83 57
57 63
63 87
63 64
87 64
64 88
88 9
88 5
9 58
9 78
9 79
9 59
9 33
9 71
9 89
9 90
9 60
9 18
58 91
58 92
58 5
91 93
93 94
94 68
68 95
95 92
95 5
92 78
92 5
78 79
78 5
79 59
79 5
79 29
59 33
59 5
59 29
33 71
33 5
33 60
33 29
71 84
71 29
84 80
84 60
80 81
80 5
81 72
72 5
72 74
5 96
5 89
96 89
96 29
89 74
74 90
90 60
60 21
21 22
22 18
18 29
29 97
97 98
98 99
