0 1
0 2
0 3
1 4
4 5
4 6
4 7
4 2
4 3
5 8
5 2
8 9
8 10
9 11
11 12
11 2
11 13
11 3
12 14
12 6
12 2
12 15
14 6
14 15
6 16
6 17
6 18
6 2
6 19
6 15
6 20
6 21
6 22
6 23
16 7
16 2
16 15
7 24
7 15
24 17
17 18
17 25
17 10
18 25
18 2
18 3
25 26
25 27
25 28
2 29
2 15
2 3
2 30
29 26
26 31
31 10
10 19
19 15
19 3
15 20
21 27
21 3
27 32
27 33
33 34
34 35
34 36
34 37
34 22
35 38
38 39
39 40
40 41
41 42
42 43
43 44
44 45
44 46
44 47
44 48
46 49
49 50
49 51
50 52
52 53
52 54
52 55
53 56
56 51
51 57
57 58
58 59
59 60
60 61
61 62
61 36
62 63
63 64
64 65
65 66
66 67
67 68
67 69
68 70
68 69
68 71
68 72
70 69
69 71
69 72
71 72
72 73
73 74
74 13
74 36
13 75
75 76
76 47
47 48
48 77
77 78
77 54
78 54
54 79
54 80
54 55
79 81
79 82
79 80
79 55
81 83
83 82
83 84
82 80
82 55
82 84
82 85
80 55
55 84
84 85
84 36
85 36
36 86
36 87
86 88
88 28
28 37
28 87
28 89
28 90
37 91
91 92
92 3
92 22
92 30
3 93
3 94
3 95
93 22
93 30
22 94
22 96
22 87
22 97
22 23
22 90
94 96
94 30
96 30
96 95
96 23
30 98
30 95
30 87
30 23
30 90
95 87
87 97
97 89
89 23
23 99
99 90
