0 1
1 2
1 3
1 4
1 5
1 6
1 7
1 8
1 9
1 10
1 11
1 12
2 13
2 14
13 15
13 16
15 17
15 14
15 18
15 19
15 20
17 21
21 22
21 14
21 23
21 24
22 25
22 26
22 27
22 28
22 29
22 23
22 30
22 8
22 31
22 32
22 33
22 34
22 35
22 12
22 36
25 26
25 28
25 19
25 32
25 37
26 38
26 27
26 39
26 18
26 19
26 30
26 32
26 40
26 12
38 16
16 41
16 42
16 43
41 44
41 27
41 14
41 18
41 19
41 45
41 20
41 30
41 12
41 24
44 46
44 14
44 18
44 19
44 30
44 12
44 24
46 47
47 48
47 39
47 18
47 19
47 20
47 30
47 24
48 49
48 27
49 27
27 28
27 19
27 30
27 8
27 31
27 32
27 33
27 36
27 24
28 14
28 12
14 50
14 5
14 51
14 52
14 53
14 54
50 3
3 55
3 56
55 57
55 56
56 4
4 5
4 18
4 19
4 12
5 58
5 19
5 30
58 59
59 60
59 18
59 19
59 20
59 24
60 61
60 62
60 36
61 6
6 62
6 63
62 39
39 7
39 8
39 31
39 34
39 64
39 36
39 65
39 37
7 66
7 19
7 24
66 67
66 19
66 12
67 68
67 23
68 29
68 18
68 19
68 12
29 23
29 31
29 32
23 69
23 8
23 31
23 70
23 71
23 72
23 32
23 35
23 36
69 18
69 31
18 73
18 19
18 43
18 74
18 20
18 75
18 76
18 8
18 31
18 77
18 78
18 70
18 79
18 80
18 81
18 82
18 37
73 19
19 42
19 74
19 51
19 20
19 75
19 30
19 8
19 78
19 63
19 53
19 12
19 36
19 54
42 43
43 74
43 12
74 45
74 20
45 51
45 30
45 12
45 24
51 20
20 75
20 30
20 8
20 77
20 35
20 36
20 37
20 54
75 83
75 24
83 76
76 84
76 12
84 30
30 85
30 8
30 12
30 24
85 8
8 31
8 65
8 24
31 86
31 70
31 72
31 32
31 36
31 65
86 77
86 9
77 87
77 88
77 52
77 9
77 10
77 78
77 70
77 89
77 79
77 80
77 90
77 91
77 11
87 92
87 88
87 52
87 89
92 52
88 52
88 9
88 70
88 80
88 11
52 93
52 9
52 79
52 80
93 9
93 79
9 10
9 70
9 89
9 80
9 91
9 11
10 78
10 80
78 94
78 11
94 70
94 72
70 89
70 79
70 80
70 91
70 72
70 12
89 91
79 80
79 11
80 90
80 11
90 91
91 11
91 72
11 71
71 72
72 95
72 65
95 96
96 32
32 33
32 35
32 12
32 36
32 97
32 65
32 24
33 34
33 36
33 97
34 35
34 12
34 36
35 40
35 12
35 65
40 64
64 98
64 12
64 24
98 81
81 63
63 53
53 12
12 36
12 97
12 37
36 82
36 65
36 24
82 97
97 65
65 37
37 24
24 54
54 99
