0 1
1 2
1 3
1 4
1 5
1 6
1 7
1 8
1 9
2 10
10 11
11 12
11 13
11 14
11 15
12 16
12 17
16 18
16 19
16 14
18 20
18 21
18 22
18 23
18 24
20 21
20 25
21 22
21 24
21 25
22 23
22 25
23 24
23 25
23 8
24 25
24 26
24 27
25 28
28 3
28 29
28 13
28 30
28 15
3 31
3 29
3 13
3 19
3 14
3 27
31 26
26 29
26 13
26 19
26 14
26 27
26 15
29 32
29 13
29 17
29 8
29 27
29 9
29 33
29 34
29 35
32 36
36 37
37 13
37 6
13 38
13 39
13 4
13 40
13 17
13 7
13 8
13 27
13 41
13 9
13 33
13 42
13 35
13 15
38 43
38 27
43 44
43 45
43 39
43 46
43 47
43 48
44 49
49 50
49 45
49 47
49 48
50 45
45 51
45 47
51 39
39 46
39 6
39 14
39 52
39 27
39 30
46 47
46 19
46 5
46 14
46 15
47 48
47 19
47 5
47 14
47 15
48 19
48 5
48 14
48 15
19 4
19 5
19 53
19 54
19 17
19 7
19 14
19 41
19 9
19 35
4 5
4 14
4 27
4 30
4 15
5 53
5 54
5 6
5 7
5 14
5 8
5 52
5 55
5 56
5 35
53 57
53 14
53 15
57 58
58 59
58 15
59 54
59 15
54 60
54 14
54 27
60 40
40 17
17 6
17 14
17 27
17 30
17 35
6 61
6 8
6 62
6 52
6 56
6 42
6 35
61 63
63 7
63 64
63 15
7 64
7 14
64 65
64 14
64 27
64 56
65 14
14 8
14 55
14 41
14 9
14 66
14 35
8 62
8 27
8 15
62 52
62 56
52 55
52 34
55 27
27 67
27 68
27 30
27 69
27 41
27 9
27 42
27 66
27 35
67 70
70 71
70 15
71 72
72 73
73 74
74 75
75 56
56 68
56 34
68 30
30 69
69 76
76 77
76 78
76 79
76 80
76 81
76 82
76 83
76 84
76 85
76 86
76 87
76 88
76 89
76 90
76 91
76 92
76 93
76 94
76 95
76 96
77 78
77 97
77 82
77 83
77 84
77 85
77 86
77 87
77 89
77 93
77 94
77 96
78 79
78 80
78 97
78 82
78 83
78 84
78 85
78 86
78 87
78 88
78 89
78 90
78 91
78 92
78 93
78 94
78 95
78 96
79 80
79 82
79 83
79 84
79 89
79 90
79 92
79 93
79 94
79 96
80 97
80 81
80 82
80 83
80 84
80 85
80 86
80 87
80 88
80 89
80 91
80 92
80 93
80 94
80 95
80 96
97 81
97 82
97 83
97 84
97 85
97 86
97 87
97 89
97 90
97 91
97 92
97 94
97 96
81 82
81 83
81 84
81 85
81 87
81 89
81 93
81 94
81 96
82 83
82 84
82 85
82 86
82 87
82 88
82 89
82 90
82 91
82 92
82 93
82 94
82 95
82 96
83 84
83 85
83 86
83 87
83 88
83 89
83 90
83 91
83 92
83 93
83 94
83 95
83 96
84 85
84 86
84 87
84 89
84 90
84 91
84 92
84 93
84 94
84 95
84 96
85 86
85 87
85 89
85 93
85 94
85 96
86 87
86 89
86 91
86 93
86 94
86 96
87 88
87 89
87 90
87 91
87 92
87 93
87 94
87 95
87 96
88 89
88 91
88 92
88 94
88 96
89 90
89 91
89 92
89 93
89 94
89 95
89 96
90 91
90 93
90 94
90 96
91 92
91 93
91 94
91 96
92 93
92 94
92 96
93 94
93 95
93 96
94 95
94 96
95 96
96 41
41 9
41 15
9 33
33 42
42 34
34 66
66 98
98 35
35 15
15 99
