0 1
1 2
1 3
1 4
1 5
1 6
1 7
1 8
1 9
1 10
2 11
11 12
11 13
11 14
11 15
11 16
12 13
13 14
13 17
14 15
14 16
14 6
15 16
16 18
16 19
16 20
16 21
16 6
16 22
16 17
16 23
18 24
24 19
24 25
19 26
26 27
27 28
28 29
29 30
29 17
30 31
31 32
31 33
32 34
32 6
32 25
32 35
34 36
36 37
36 6
37 38
38 39
39 40
39 6
40 41
41 42
42 43
42 44
42 6
43 45
45 44
44 46
46 47
47 48
47 49
48 49
49 50
50 3
3 51
51 52
52 20
52 6
20 53
20 54
53 55
55 56
55 57
55 58
55 59
55 60
55 61
55 62
56 63
56 64
56 59
56 60
56 61
56 62
63 57
63 59
57 58
57 64
57 59
57 60
57 65
57 66
57 61
57 5
57 62
58 67
58 68
58 64
58 69
58 62
67 70
67 71
67 64
67 59
67 60
67 72
67 54
67 25
70 71
71 68
71 4
68 4
68 64
68 59
68 60
68 72
68 61
4 64
64 73
64 59
64 60
64 72
64 61
64 5
64 62
64 6
73 59
73 61
73 6
59 69
59 74
59 60
59 66
59 61
59 5
69 61
74 75
74 60
75 60
75 61
75 6
60 65
60 21
60 5
65 72
65 6
72 66
72 76
72 77
66 61
66 6
61 21
61 5
61 62
61 78
21 5
5 62
62 78
78 76
76 77
77 6
6 79
6 80
6 81
6 82
6 83
79 7
7 8
8 9
8 84
9 10
10 54
54 33
54 22
33 85
85 86
86 87
87 88
87 89
88 89
88 22
88 25
89 90
89 22
90 22
22 17
22 84
17 23
23 80
80 91
80 25
91 92
91 25
91 93
92 94
94 25
94 81
25 95
25 81
25 93
25 96
95 84
84 81
81 97
97 35
97 82
97 83
35 93
93 82
93 83
93 96
82 98
82 96
98 83
98 96
83 96
96 99
