0 1
0 2
1 3
1 2
3 4
3 2
3 5
3 6
3 7
4 8
8 2
8 9
8 10
2 11
2 12
2 13
2 9
2 14
2 7
2 15
2 16
11 17
11 18
17 19
19 20
20 21
21 18
18 22
18 23
18 24
18 25
18 26
18 27
18 28
18 29
18 30
18 31
22 32
32 33
33 34
34 35
35 36
36 37
37 23
37 38
37 39
23 40
40 24
24 41
41 42
41 12
41 43
41 44
41 45
41 25
41 46
12 43
12 44
43 44
43 25
43 47
44 45
44 25
44 48
45 49
45 50
45 25
45 46
49 51
51 50
50 25
25 52
25 26
52 53
52 26
26 54
26 46
54 46
46 13
13 55
55 5
5 9
5 14
5 56
5 15
9 57
9 6
57 6
57 10
57 58
6 59
6 7
6 10
6 56
6 15
59 14
59 10
14 7
14 60
14 10
14 56
7 60
7 10
7 61
60 10
10 56
10 15
15 62
15 58
58 63
63 64
64 65
64 39
65 66
66 67
66 39
67 27
27 68
68 28
68 29
68 16
68 69
68 61
68 70
28 71
71 72
72 73
72 39
73 74
73 39
74 75
75 38
38 47
38 48
38 61
47 76
47 69
47 77
47 70
76 78
78 79
78 80
79 80
80 81
81 82
82 29
29 83
29 69
83 84
84 16
16 48
48 85
85 86
85 39
86 30
30 87
30 88
88 89
89 90
90 31
31 91
91 92
92 93
93 69
69 94
69 61
94 95
95 77
77 96
96 61
61 97
61 70
97 70
70 98
70 39
98 39
39 99
