0 1
1 2
2 3
2 4
3 5
3 6
3 7
3 8
3 9
3 10
3 11
3 12
3 4
3 13
3 14
3 15
3 16
3 17
5 18
18 19
18 20
19 21
19 22
21 6
21 23
21 24
21 25
21 26
21 27
21 28
21 29
21 22
6 23
6 22
23 24
23 30
23 26
23 31
23 28
23 22
23 32
24 33
24 31
24 34
24 22
33 35
33 22
33 20
33 36
35 37
35 34
35 38
37 7
7 39
39 40
39 41
40 41
41 42
42 43
42 44
42 45
42 46
43 47
43 48
43 49
43 44
43 50
43 51
43 52
43 45
43 46
47 48
47 49
47 44
47 50
47 51
47 53
47 52
47 45
47 46
48 49
48 44
48 51
48 52
48 45
49 44
49 50
49 51
49 53
49 52
49 45
49 46
44 50
44 51
44 53
44 52
44 45
44 46
50 51
50 52
50 45
51 53
51 52
51 45
53 52
53 45
52 45
52 46
45 46
46 54
54 8
8 9
9 55
9 56
9 4
55 57
55 58
57 59
57 58
57 60
57 61
59 62
59 63
62 64
62 65
62 66
62 67
64 65
65 68
68 69
68 70
69 56
56 71
71 72
72 73
73 58
73 74
58 66
66 10
10 75
10 63
75 70
70 67
67 76
76 63
63 60
63 61
60 77
60 61
77 78
78 79
79 74
74 61
61 11
11 80
80 81
80 82
81 83
83 84
84 85
84 4
85 12
12 4
4 86
4 26
4 34
4 14
4 82
4 87
86 25
86 29
25 88
25 30
25 26
25 34
25 32
88 30
88 22
30 26
30 28
30 89
30 90
26 31
26 28
26 34
26 22
26 91
31 27
31 28
31 22
27 28
27 22
28 13
28 22
13 34
13 22
34 14
34 22
34 92
34 32
14 93
93 82
93 94
82 15
15 16
16 95
16 22
95 96
96 29
29 22
22 89
22 97
22 92
22 20
22 32
89 97
97 92
97 20
92 20
20 36
36 38
38 98
98 99
98 94
94 90
90 87
87 17
17 91
91 32
