0 1
1 2
2 3
2 4
3 4
4 5
5 6
5 7
6 8
6 9
8 10
8 7
8 11
8 12
10 13
13 7
7 14
7 15
7 16
7 17
7 18
7 19
7 12
7 20
14 21
14 22
14 23
14 24
21 25
25 9
25 15
9 15
9 26
9 24
15 26
15 23
15 12
26 22
22 27
22 28
22 29
22 30
22 17
22 31
22 12
22 32
27 28
28 33
33 34
34 29
34 35
34 36
34 18
29 11
29 23
11 37
11 30
11 17
37 30
37 23
37 38
37 12
30 39
30 40
30 36
39 40
40 41
41 16
41 42
41 43
41 44
16 45
16 42
16 46
16 43
16 47
45 42
45 43
45 48
42 49
42 50
42 51
42 17
42 52
42 44
42 53
42 54
42 31
49 46
49 55
46 50
46 56
46 48
46 47
50 57
50 48
50 47
50 23
57 43
57 44
43 58
43 59
43 55
43 60
43 48
43 52
43 44
43 53
43 61
43 19
43 12
58 51
58 17
58 35
58 12
51 59
51 17
51 44
51 54
51 31
51 61
59 17
17 62
17 55
17 44
17 47
17 54
17 31
17 23
17 12
62 63
62 64
63 65
65 66
66 67
66 56
67 56
67 68
56 55
56 68
56 64
56 48
55 69
55 48
55 54
69 70
69 48
70 60
70 64
70 61
60 68
60 48
60 12
68 64
64 71
64 48
64 44
71 48
48 72
48 52
48 44
48 47
48 73
48 31
48 61
48 35
48 23
72 74
74 75
75 76
75 12
76 52
52 44
52 23
44 47
44 53
44 31
44 61
44 35
47 73
47 31
73 53
53 54
54 31
31 23
61 77
77 78
78 79
78 80
79 81
79 82
79 83
79 84
79 80
81 82
81 83
81 84
81 80
82 83
83 84
83 80
84 85
84 80
85 80
80 86
80 23
86 87
87 88
88 35
35 89
89 36
36 90
90 91
91 23
23 92
23 93
23 38
23 94
23 18
23 95
92 93
93 96
96 38
96 24
38 94
38 18
38 97
38 19
38 12
38 20
94 18
18 97
18 12
18 20
97 24
97 12
24 19
24 12
19 12
12 32
12 20
32 98
98 20
20 95
95 99
