0 1
0 2
0 3
0 4
1 5
1 6
1 7
5 2
5 8
5 3
2 9
2 10
2 11
2 12
2 13
2 14
2 15
2 16
2 6
2 17
2 18
9 19
9 13
9 4
19 10
19 13
19 6
19 4
19 20
19 21
10 11
10 15
10 4
10 20
10 22
11 12
11 6
12 23
12 13
23 24
24 25
24 13
25 26
26 13
26 4
13 27
13 28
13 29
13 30
13 16
13 6
13 31
13 32
13 33
13 34
13 35
13 22
13 21
27 28
28 14
14 15
15 36
15 29
15 6
15 20
15 37
36 38
38 39
39 40
39 29
40 41
40 42
40 22
41 29
41 21
29 30
30 42
30 22
42 43
43 44
44 45
45 16
45 21
16 46
16 20
16 22
46 6
46 4
6 47
6 48
6 49
6 50
6 51
6 52
6 53
6 54
6 55
6 31
6 8
6 4
6 20
6 22
6 56
6 21
47 48
47 50
47 51
47 57
47 58
47 52
47 53
47 59
47 60
48 61
48 62
48 50
48 51
48 63
48 57
48 52
48 53
48 60
61 62
61 50
61 57
61 60
62 49
62 52
49 50
49 51
49 57
50 64
50 65
50 66
50 51
50 67
50 57
50 52
50 68
50 54
64 51
64 60
65 66
66 51
66 58
66 60
51 67
51 57
51 52
51 60
51 68
51 54
67 63
67 57
67 54
63 57
57 58
57 53
57 60
57 54
58 52
52 53
52 60
52 68
52 54
53 59
53 68
59 60
60 68
68 54
55 69
55 33
69 70
70 31
31 32
31 71
32 8
8 72
8 33
8 73
72 3
3 74
3 7
3 75
3 71
74 7
7 75
7 71
7 76
75 71
71 76
76 77
77 33
33 73
33 20
33 22
73 78
78 79
78 80
79 81
79 80
79 17
81 82
82 83
83 34
34 84
34 85
34 80
84 86
86 87
86 88
86 35
86 85
86 89
86 90
87 88
87 90
88 35
88 90
35 85
35 22
85 89
85 90
89 90
90 91
91 92
92 80
80 93
80 17
80 22
93 94
94 17
17 4
4 95
95 18
18 20
20 96
20 56
20 21
96 22
22 97
97 56
56 98
56 21
98 21
21 37
37 99
