0 1
0 2
1 3
1 4
1 5
1 6
3 7
7 8
7 9
7 10
7 11
9 12
9 13
12 14
12 15
14 16
16 17
16 18
17 18
17 13
17 19
18 20
18 13
18 21
20 22
20 13
20 21
22 13
22 21
13 15
13 23
13 21
13 24
15 25
15 26
15 21
25 26
25 19
25 2
26 27
26 28
26 29
26 19
27 28
27 19
28 29
28 19
28 23
29 19
19 23
23 21
21 24
24 30
30 31
30 32
30 5
30 33
31 34
34 35
34 36
35 10
10 32
10 37
10 38
10 5
10 39
10 40
32 6
37 41
37 42
41 43
41 44
43 4
43 44
43 42
43 45
43 46
43 2
4 44
4 6
4 2
44 47
44 42
44 45
44 2
47 42
42 48
42 45
42 2
48 45
45 49
49 46
46 38
46 50
38 50
50 51
50 52
50 53
50 6
50 2
51 52
51 2
52 54
52 55
52 56
52 2
54 55
55 53
53 57
53 5
57 5
5 6
5 58
5 2
6 59
6 60
6 61
59 62
62 63
62 64
62 65
62 66
62 67
63 64
63 68
64 65
64 66
64 67
65 66
65 67
65 36
65 69
66 70
66 68
68 67
67 36
67 71
36 72
72 39
72 73
72 74
39 73
73 75
73 71
75 76
76 77
77 78
77 79
78 80
78 81
78 79
80 81
80 82
80 71
81 83
81 71
83 84
84 79
79 82
79 85
79 71
82 85
85 74
85 71
74 71
71 86
86 87
87 88
87 89
88 89
88 2
89 90
89 2
90 69
69 91
91 92
92 93
93 94
94 40
40 95
95 60
60 96
96 33
33 56
56 61
61 58
58 97
58 98
97 11
11 98
98 2
2 99
