0 1
0 2
0 3
0 4
0 5
1 2
3 6
6 7
6 4
6 8
6 5
7 9
7 10
7 11
7 8
7 12
9 4
4 13
4 14
4 15
4 16
4 17
4 18
4 19
4 20
4 21
4 22
4 23
4 10
4 24
4 25
4 26
4 27
4 28
4 29
4 30
4 5
4 31
4 12
4 32
4 33
13 34
34 14
34 5
14 15
15 35
35 36
35 8
36 37
37 16
16 17
16 20
17 18
17 19
17 20
18 19
19 38
38 20
20 39
20 5
39 40
39 8
40 21
40 32
21 22
21 41
21 42
22 23
22 5
22 43
22 44
23 45
45 46
45 10
45 47
46 48
46 10
48 10
10 47
10 5
47 49
49 50
49 5
50 11
11 8
8 24
24 51
51 52
52 25
25 53
25 5
53 54
53 55
53 56
53 5
53 57
53 58
53 12
54 59
54 60
54 27
54 56
54 61
59 60
59 56
59 61
59 57
60 26
60 27
60 61
26 62
26 27
26 56
26 61
26 57
26 63
62 64
62 57
62 65
64 27
64 61
64 57
27 28
27 66
27 67
27 30
27 61
27 68
27 5
27 69
27 70
27 12
28 71
28 55
28 72
28 61
28 57
71 73
73 29
73 56
73 61
73 57
73 63
29 66
29 56
29 61
29 57
29 65
29 41
66 74
66 55
66 61
66 69
74 75
75 67
75 61
67 55
67 72
67 61
67 57
67 65
55 76
55 30
55 69
76 77
76 61
76 65
77 78
78 72
78 79
72 80
72 30
72 70
80 79
80 61
79 81
81 56
56 30
56 57
56 69
56 12
30 82
30 61
30 5
30 57
30 63
30 65
61 68
61 70
61 58
68 5
5 31
5 32
5 33
31 57
57 69
57 58
57 12
69 63
63 70
70 65
65 58
12 43
12 41
43 32
32 41
41 83
41 84
83 42
42 85
85 33
33 44
44 86
44 87
44 88
86 89
89 87
87 90
90 88
88 91
91 92
91 93
92 93
93 94
94 95
95 84
84 96
96 97
97 98
98 99
