0 1
1 2
2 3
3 4
4 5
5 6
6 7
7 8
8 9
9 10
9 11
10 12
12 13
12 14
13 14
14 15
14 16
15 16
16 17
17 18
18 19
19 20
20 21
20 22
20 23
20 11
21 24
21 22
21 11
24 25
24 26
24 27
24 28
25 29
29 30
30 31
31 26
31 32
31 27
26 33
26 27
33 34
34 35
34 27
35 32
32 27
32 11
27 36
36 37
37 38
38 22
22 39
39 40
39 41
39 23
39 11
40 41
41 42
42 43
43 44
44 45
45 46
45 28
46 47
47 28
28 48
48 49
49 50
50 51
51 52
52 53
53 54
53 55
53 56
53 57
54 55
54 23
55 56
55 57
56 57
57 58
58 59
58 23
58 11
59 23
59 11
23 60
23 61
23 62
23 63
23 64
23 65
23 66
23 67
23 11
23 68
23 69
23 70
60 71
71 72
72 73
73 74
73 69
74 75
75 61
61 76
61 11
76 77
77 78
78 79
79 80
80 81
81 62
62 63
63 82
63 83
63 84
63 11
82 85
82 83
82 11
85 64
85 83
64 83
83 65
83 66
83 84
83 67
65 66
66 84
66 11
84 67
84 11
67 11
11 86
11 68
11 87
11 69
11 70
11 88
86 89
86 90
89 91
91 92
91 93
91 94
92 93
93 94
94 95
94 96
95 97
96 97
96 98
98 90
90 68
68 99
99 87
87 69
69 70
70 88
