0 1
0 2
1 3
1 4
1 5
1 6
1 7
1 8
1 9
1 10
1 11
1 12
1 13
1 14
1 15
1 16
3 4
3 12
3 17
4 5
4 12
5 6
5 2
5 18
5 19
5 12
5 17
6 20
6 21
6 22
6 2
6 23
20 7
7 24
7 22
24 25
24 26
24 22
24 2
25 27
25 22
25 2
25 12
25 28
25 29
27 30
27 31
30 32
30 22
30 23
32 21
32 2
32 33
32 14
32 16
32 23
32 34
21 35
21 2
21 23
35 36
36 37
36 17
37 38
38 39
39 26
39 2
39 12
26 40
26 22
26 41
26 42
26 18
26 43
26 17
40 8
40 2
40 12
8 44
8 2
8 12
8 33
8 23
44 45
44 23
45 22
22 46
22 9
22 41
22 10
22 47
46 2
2 9
2 41
2 48
2 49
2 50
2 12
2 51
2 28
2 52
2 53
2 33
2 54
2 15
2 16
2 47
2 55
2 56
2 57
2 58
2 59
9 41
9 14
9 17
41 60
41 23
41 55
60 42
42 61
61 18
18 62
18 19
18 10
18 49
18 33
18 47
18 63
18 17
62 19
62 17
19 64
19 17
64 65
64 17
65 10
65 11
10 11
10 28
10 17
11 66
66 67
67 68
68 69
69 70
69 43
70 43
43 71
43 33
43 72
43 63
71 73
73 74
74 48
74 75
74 76
74 77
48 75
48 76
75 76
76 77
77 78
78 79
79 80
80 49
49 81
49 52
49 82
49 33
49 13
49 83
49 63
81 50
81 12
81 33
50 33
12 51
12 15
12 83
12 63
12 17
12 58
51 28
28 52
28 29
28 17
82 84
84 85
85 53
53 33
33 13
33 86
33 87
33 88
33 16
33 23
33 55
33 63
13 17
86 89
89 87
87 72
72 90
72 17
90 31
90 14
90 88
90 17
31 91
91 92
92 14
14 54
14 15
54 15
15 83
15 16
83 88
83 16
88 93
93 16
16 94
16 57
94 29
29 47
47 95
47 17
95 96
96 23
23 55
23 34
55 34
34 97
97 63
63 56
63 17
56 17
17 57
17 98
17 58
17 99
57 98
98 58
58 99
58 59
99 59
