0 1
0 2
1 3
3 4
3 5
4 6
4 7
6 7
6 5
7 8
8 9
8 5
8 10
9 11
9 12
9 13
9 14
9 15
9 16
9 17
9 18
9 19
9 10
11 12
11 20
12 21
12 22
12 10
21 23
23 24
23 13
23 25
23 22
24 26
26 13
13 14
13 10
14 27
14 28
14 29
27 25
25 28
25 30
28 30
28 22
30 31
30 15
30 19
30 22
31 15
31 10
15 32
32 33
33 34
34 35
34 16
34 10
35 16
16 36
16 10
36 17
36 37
36 10
17 38
38 39
39 40
40 2
2 41
2 10
41 42
42 43
43 44
43 45
44 45
44 46
45 47
45 46
47 46
46 48
46 49
48 50
50 51
50 52
51 18
18 19
18 22
19 53
19 22
53 54
53 52
53 55
54 56
56 52
56 10
52 57
52 22
57 49
57 55
57 10
49 58
58 59
58 60
58 22
58 61
59 62
62 60
60 63
60 22
63 5
63 22
5 64
64 65
64 22
65 66
66 67
66 68
67 55
55 69
55 70
55 71
69 72
72 73
72 74
73 74
73 10
74 68
68 29
68 75
29 76
76 77
77 78
77 10
78 79
78 22
79 22
22 80
22 75
22 81
80 82
82 20
82 10
20 75
75 81
81 83
81 70
83 84
83 70
84 70
70 61
61 85
85 37
37 86
86 87
86 10
87 88
87 89
87 90
88 89
89 91
89 92
92 90
90 93
90 94
90 95
90 96
90 10
93 94
93 10
94 95
95 97
97 96
96 10
10 71
71 98
98 99
