0 1
1 2
2 3
3 4
3 5
3 6
4 7
7 5
7 8
5 9
5 10
9 11
9 12
9 13
9 6
11 14
14 15
14 12
15 8
15 6
8 16
8 17
8 18
8 19
8 20
8 21
8 22
8 23
8 24
8 25
16 26
16 17
16 27
16 13
26 28
28 17
17 29
17 18
17 23
17 30
17 31
17 32
17 33
29 34
29 12
34 35
34 36
35 37
35 38
35 12
35 6
37 39
37 40
37 41
37 42
39 40
40 43
40 36
43 44
43 36
43 45
43 42
44 36
36 46
36 45
36 42
45 47
47 48
48 49
49 38
49 50
49 42
38 51
38 52
51 53
51 50
53 50
50 54
54 55
55 56
55 57
56 58
58 10
58 59
10 18
10 6
18 19
18 6
19 20
19 60
19 61
19 32
19 6
20 21
21 62
21 61
62 57
62 13
57 22
57 63
22 64
64 23
31 65
65 66
65 67
65 68
65 69
66 70
66 71
66 72
70 71
71 72
72 67
72 68
67 73
73 68
73 74
68 75
75 76
75 33
76 69
69 77
77 78
78 79
78 80
78 74
78 81
78 82
78 24
78 83
78 6
80 74
74 81
74 12
74 6
81 82
82 24
82 84
82 13
82 6
24 84
24 13
24 6
84 83
83 25
25 12
25 13
12 85
85 60
85 32
60 61
61 32
32 86
32 6
86 87
87 88
88 27
27 89
89 90
90 91
91 92
92 13
92 6
13 93
13 63
13 94
93 6
6 95
95 96
96 97
97 33
33 52
52 63
63 59
59 98
98 99
99 94
94 41
