0 1
1 2
1 3
1 4
1 5
1 6
1 7
1 8
1 9
1 10
1 11
1 12
1 13
1 14
1 15
1 16
1 17
1 18
1 19
1 20
1 21
2 22
2 23
22 3
22 24
22 14
22 25
3 26
3 25
26 27
26 14
27 4
4 28
28 23
28 29
28 21
23 30
23 5
23 31
23 8
23 32
23 33
23 34
23 17
23 35
30 29
29 5
29 15
5 36
5 37
5 15
5 21
36 6
6 38
6 15
6 39
6 21
38 40
38 41
40 41
41 42
41 7
42 43
42 44
42 7
43 45
45 44
44 46
44 7
44 21
46 47
47 7
47 21
7 48
48 31
48 25
31 49
49 50
50 51
50 39
51 52
52 53
52 37
53 8
8 32
32 54
32 25
54 55
55 9
9 37
9 25
9 21
37 24
37 10
37 13
37 56
37 14
37 15
37 17
37 57
37 18
37 19
37 58
37 21
24 10
24 15
24 21
10 11
10 15
10 21
11 33
11 14
33 34
33 59
33 60
33 15
34 61
34 62
34 63
61 59
61 64
61 15
59 65
59 60
65 66
65 64
65 67
66 68
66 64
68 69
68 63
68 70
69 71
69 62
71 64
71 56
64 72
64 63
64 67
72 60
72 73
60 62
62 74
74 75
74 70
75 12
12 76
12 56
12 77
12 21
76 78
78 63
63 70
70 79
79 80
80 13
80 73
13 56
13 14
13 15
13 21
56 81
56 14
56 82
56 58
56 83
56 84
56 85
56 21
81 86
81 73
81 77
86 87
87 88
88 89
88 15
89 14
14 15
14 39
14 73
14 77
14 90
14 21
15 16
15 17
15 91
15 39
15 92
16 17
16 21
17 91
17 39
17 21
91 39
39 93
39 77
93 92
93 21
92 35
35 57
35 21
57 25
57 21
25 18
18 94
94 19
19 67
19 77
19 21
67 82
82 73
82 77
82 21
73 58
73 77
58 77
77 83
77 21
83 90
90 95
90 96
90 84
90 85
95 97
97 96
97 98
97 85
97 21
96 98
98 99
99 84
99 85
99 20
84 85
85 20
20 21
