0 1
0 2
0 3
1 2
1 3
2 3
3 4
4 5
5 6
6 7
6 8
7 8
7 9
7 10
8 9
9 11
9 10
10 12
12 13
13 14
14 15
14 16
15 17
17 18
17 19
18 19
18 20
18 21
19 22
22 23
23 16
16 24
24 25
25 26
25 27
26 28
26 29
26 30
26 31
28 32
28 33
28 29
28 27
32 33
33 34
33 29
33 30
33 35
33 31
33 36
34 37
37 38
37 39
37 36
38 40
38 41
38 29
38 42
40 43
40 41
40 27
40 30
40 44
40 45
40 46
43 41
41 47
41 48
41 44
41 42
41 45
47 49
47 29
49 29
49 42
29 50
29 27
29 30
29 35
29 51
29 52
29 53
29 39
29 42
29 54
29 45
50 27
50 46
27 30
27 55
27 35
27 31
30 55
30 56
30 42
30 45
55 57
57 35
57 45
57 46
35 58
35 42
35 45
58 59
59 51
59 60
51 61
51 42
61 52
61 56
61 45
52 62
62 56
56 63
56 64
56 42
56 65
63 66
63 45
66 64
64 48
64 42
48 53
48 60
48 44
48 42
53 39
53 42
39 67
39 42
67 68
68 69
69 60
60 44
44 42
42 70
42 54
42 65
42 71
42 36
70 54
54 65
65 71
71 45
71 46
71 72
45 73
45 46
73 74
74 46
46 75
75 76
76 77
77 78
78 79
79 80
79 81
79 20
79 72
79 21
80 82
82 83
82 84
82 85
83 86
86 84
86 81
86 20
86 87
86 85
86 88
84 81
81 89
81 85
89 90
90 91
91 92
92 93
93 94
93 20
94 20
20 87
20 21
87 72
72 95
72 21
95 96
95 97
95 98
96 97
97 98
98 21
21 99
99 85
85 88
88 31
