0 1
0 2
1 2
1 3
2 3
2 4
3 5
5 6
5 7
6 8
6 9
6 10
6 11
6 12
8 13
8 14
8 15
8 16
8 4
8 17
8 18
13 14
13 19
13 15
13 16
13 17
13 20
14 9
14 15
14 16
14 21
14 17
14 20
14 22
14 23
9 24
9 16
9 21
9 7
9 17
9 18
24 25
24 26
24 27
24 17
24 28
24 18
25 19
25 18
19 29
19 30
19 31
19 32
19 33
19 26
19 4
19 34
19 35
19 36
19 37
19 18
19 38
29 10
29 21
29 7
30 31
31 39
31 40
31 35
39 32
39 35
39 7
32 41
32 40
32 11
32 42
32 16
32 21
32 35
32 28
32 12
41 43
43 40
43 11
43 17
40 44
44 45
45 46
46 15
46 11
46 21
46 12
15 47
15 48
15 49
15 17
15 20
15 22
15 23
47 48
47 10
47 21
47 7
48 50
50 51
50 17
50 12
51 10
51 16
51 18
10 52
10 53
10 54
10 55
10 56
10 27
10 7
52 7
52 17
53 21
54 49
54 21
54 7
54 57
54 12
54 18
49 58
49 55
49 11
49 42
49 28
49 22
49 12
58 55
58 12
55 56
55 11
55 7
55 12
56 59
59 60
59 28
59 61
60 11
60 7
11 62
11 26
11 27
11 63
11 36
11 64
11 28
62 42
42 33
42 63
42 35
42 36
42 65
42 66
42 28
42 12
33 67
33 35
67 68
67 69
67 70
67 71
67 21
67 72
68 68
68 69
68 28
69 70
69 21
69 64
69 28
69 12
71 16
71 61
71 18
16 26
16 27
16 73
16 74
26 21
26 4
26 35
26 28
26 61
26 12
26 18
21 75
21 76
21 27
21 77
21 78
21 28
21 22
21 12
21 18
21 79
21 23
75 80
80 76
76 27
27 81
27 4
27 28
27 12
27 18
81 4
81 61
4 63
4 35
4 37
4 17
4 82
4 83
4 28
4 18
63 34
63 35
63 28
34 35
35 36
35 37
35 17
35 74
35 12
36 37
36 12
37 84
37 28
84 72
84 28
72 64
72 7
64 7
64 61
64 12
7 77
7 20
7 85
7 86
77 73
77 18
73 78
73 61
73 18
73 79
78 17
78 18
78 23
17 20
17 87
17 83
17 61
17 18
17 86
17 38
20 87
20 57
20 23
87 82
82 83
83 65
65 66
66 28
28 88
28 89
28 90
28 18
89 91
91 85
85 57
57 92
57 61
92 93
92 12
93 74
74 61
74 12
61 22
61 18
22 12
12 90
12 94
12 18
94 95
95 18
18 79
18 23
79 23
23 96
96 97
97 98
98 86
86 99
99 38
