0 1
1 2
1 3
1 4
1 5
2 3
3 6
3 7
3 8
3 9
3 10
3 11
3 12
3 13
3 14
3 15
3 16
3 17
3 18
3 19
3 5
3 20
3 21
6 7
7 22
7 11
7 13
7 17
7 18
7 19
7 23
7 24
7 5
7 20
7 21
7 25
22 26
26 27
27 28
28 29
29 8
8 9
8 10
8 13
9 14
9 30
10 11
10 13
10 4
10 31
10 25
11 12
11 14
11 4
11 15
11 31
11 16
11 32
11 21
12 13
12 4
12 31
12 32
12 21
13 33
13 14
13 30
13 4
13 15
13 31
13 16
13 32
13 21
33 14
33 31
14 30
14 15
14 31
30 4
30 31
4 15
4 16
4 32
4 34
4 35
4 17
4 18
4 19
4 24
4 5
4 20
15 31
15 32
31 16
16 32
16 21
32 34
32 35
32 18
32 20
34 36
36 37
36 35
36 5
17 38
17 39
17 21
38 40
38 18
38 20
40 18
40 39
18 19
18 39
18 21
19 39
19 21
39 23
39 41
39 42
39 24
39 43
39 25
23 44
44 41
44 45
45 46
46 47
47 48
47 49
49 50
50 51
51 52
51 53
52 42
52 53
52 54
42 53
53 55
53 56
53 57
53 58
53 59
55 60
60 24
24 5
5 20
5 21
20 21
21 61
21 62
61 63
63 64
64 65
65 66
66 67
67 43
67 68
43 69
43 68
69 70
70 71
71 62
62 72
72 56
56 57
56 54
57 58
57 54
58 59
58 54
59 73
73 74
73 75
73 54
74 75
75 76
76 54
54 77
77 25
77 68
25 78
25 79
25 68
78 79
79 68
68 80
80 81
81 82
82 83
82 84
82 85
85 86
86 87
87 88
88 89
89 90
90 91
90 92
91 93
91 94
91 92
93 95
93 96
95 94
94 92
94 97
92 97
97 98
98 99
99 96
