0 1
0 2
1 3
1 4
3 4
4 5
5 6
5 7
5 8
5 9
5 10
5 11
6 12
12 7
12 8
12 13
12 10
12 11
12 14
7 15
15 16
16 17
17 8
8 18
8 10
18 13
13 9
13 10
9 10
10 11
10 14
11 19
11 20
11 21
11 22
11 23
19 24
19 25
19 26
19 27
19 28
19 29
19 30
19 31
19 32
24 33
33 34
34 35
35 36
36 37
37 38
38 39
39 40
39 41
39 42
40 43
43 41
43 44
43 45
41 44
44 46
44 47
44 48
44 49
44 50
44 45
44 30
46 47
47 48
48 51
51 52
52 53
52 54
54 55
54 23
55 56
55 28
56 57
57 58
58 42
58 49
42 59
42 60
42 23
59 60
60 49
49 14
49 23
14 25
25 20
25 22
25 23
20 61
20 22
20 31
20 32
61 62
61 22
61 23
62 63
62 2
63 64
64 2
2 65
2 66
2 67
2 68
2 29
2 69
2 70
2 71
2 32
65 21
21 26
21 68
21 72
21 32
26 73
26 22
26 23
73 74
74 75
75 76
76 27
27 77
77 78
78 79
79 66
66 80
66 22
66 81
80 67
67 28
67 81
28 82
28 69
82 68
82 83
68 83
68 29
68 22
83 29
83 84
83 69
83 50
83 23
83 70
29 84
29 23
29 81
84 69
84 50
84 23
69 50
50 45
50 22
45 30
30 22
22 72
22 31
22 32
72 85
85 86
86 31
31 87
31 23
31 81
87 88
87 89
88 23
23 90
23 89
90 91
90 92
92 93
93 94
94 70
70 95
95 96
96 89
89 97
97 71
71 98
98 99
99 32
32 81
