0 1
1 2
1 3
1 4
1 5
1 6
1 7
1 8
1 9
1 10
1 11
1 12
1 13
2 14
2 4
14 15
15 16
16 3
16 17
3 18
18 17
18 4
17 19
19 20
19 21
20 21
20 4
21 22
21 4
21 5
21 23
22 4
22 24
22 23
22 25
4 26
4 27
4 28
4 6
4 29
4 30
4 31
4 32
4 33
4 34
4 35
4 36
4 37
27 5
5 38
5 6
5 39
5 40
5 41
5 11
5 13
5 42
5 43
38 28
28 44
44 45
45 46
45 23
46 47
46 48
46 49
46 50
46 51
46 52
46 41
47 53
47 23
53 54
53 55
53 6
53 56
53 24
53 23
54 55
54 57
54 23
55 6
55 56
6 23
56 24
24 58
24 23
24 59
58 29
29 60
60 30
30 61
30 23
30 25
61 31
61 62
31 62
62 63
63 32
32 64
32 65
32 23
64 65
64 23
65 66
66 67
67 68
68 48
48 49
48 69
48 57
48 7
49 70
49 71
49 69
49 23
70 71
70 69
71 69
69 50
51 39
39 72
39 23
72 73
73 74
74 40
74 7
74 23
40 75
40 57
40 7
40 23
75 57
57 76
57 12
57 13
57 36
57 77
57 78
57 37
76 79
76 7
76 23
7 52
7 23
7 12
7 13
52 80
80 81
81 41
41 23
23 82
23 9
23 11
23 13
23 43
23 78
82 25
25 33
25 13
33 8
8 34
8 83
34 83
83 35
35 9
9 10
10 11
11 12
13 59
59 84
84 85
84 86
84 87
84 88
84 89
84 36
84 90
85 86
86 87
87 91
87 88
87 92
87 90
91 88
88 89
89 42
42 43
42 92
42 36
42 77
42 37
43 93
43 36
93 94
94 95
95 96
95 36
96 92
96 36
92 97
97 98
98 36
98 78
36 77
36 37
90 77
77 78
78 37
37 99
