0 1
1 2
1 3
1 4
1 5
1 6
1 7
1 8
1 9
1 10
1 11
1 12
1 13
1 14
1 15
1 16
1 17
1 18
1 19
15 20
17 21
21 22
21 23
21 24
22 25
22 26
22 27
25 28
25 29
28 26
26 30
30 31
30 32
31 29
29 33
29 34
29 23
33 34
34 35
35 18
18 36
18 37
36 37
37 38
37 39
38 40
40 19
19 41
19 42
41 43
41 44
43 45
45 44
45 46
45 47
44 48
44 49
44 42
44 46
48 50
48 46
50 49
50 42
50 46
49 42
49 46
49 51
42 46
46 52
52 47
47 53
53 54
53 39
53 32
54 39
39 55
39 56
39 32
55 57
57 51
51 58
51 59
51 60
51 61
51 62
51 63
51 64
58 65
65 66
65 67
66 68
68 59
59 69
69 70
69 71
70 71
70 60
71 60
60 61
61 72
72 73
73 74
73 75
74 75
75 76
75 77
75 78
76 77
76 23
76 79
77 80
77 62
77 81
77 82
77 23
77 83
77 79
77 24
77 84
80 62
80 23
80 83
80 79
80 64
80 24
80 85
62 86
62 23
62 83
62 79
62 87
62 64
62 32
62 85
86 81
86 88
86 23
86 67
81 82
81 23
81 79
81 89
82 88
82 23
82 83
82 79
82 64
82 24
82 89
88 90
88 23
88 79
90 23
90 79
90 85
23 56
23 91
23 92
23 93
23 83
23 63
23 79
23 87
23 64
23 24
23 94
23 95
23 32
23 85
23 67
23 96
56 91
91 92
91 97
91 79
91 24
91 85
92 97
92 83
92 79
92 24
92 85
97 93
93 83
93 79
93 85
83 63
83 79
83 87
83 24
83 32
83 96
63 79
63 24
79 87
79 64
79 24
79 89
79 95
79 32
79 85
79 67
79 78
87 64
87 24
87 85
64 24
64 85
24 94
24 32
24 78
24 27
94 84
94 85
94 78
84 98
84 89
98 89
95 32
32 85
32 67
85 67
67 78
78 96
96 99
99 27
