0 1
1 2
1 3
1 4
1 5
1 6
2 7
2 8
2 9
2 5
2 10
7 11
7 4
11 12
11 13
11 14
11 15
11 4
11 16
11 5
11 17
12 18
18 8
18 3
18 15
18 19
18 20
18 21
18 22
18 23
18 24
18 25
18 5
8 13
8 3
8 5
13 26
13 10
26 3
26 22
26 27
26 5
26 28
3 14
3 15
3 4
3 21
3 23
3 29
3 24
3 30
3 31
3 5
3 6
14 15
14 30
14 5
14 32
15 33
15 9
15 5
15 10
33 4
4 34
4 19
4 16
4 35
4 36
4 37
4 23
4 24
4 30
4 31
4 5
4 6
4 28
4 10
4 17
34 38
34 30
34 5
34 28
38 19
38 5
38 28
19 39
19 40
19 22
19 30
19 5
19 28
19 10
39 41
39 42
39 5
39 28
41 40
40 16
40 43
40 22
40 37
40 30
40 5
16 44
16 22
16 27
16 5
16 28
44 45
44 46
44 47
44 48
44 49
44 50
45 43
45 27
45 47
45 50
43 46
43 51
43 21
43 22
43 27
43 52
46 53
46 54
46 28
53 51
53 28
51 55
51 27
55 56
56 57
57 58
57 22
57 6
58 59
59 60
60 61
61 20
61 27
20 42
20 28
42 62
42 27
42 28
62 21
21 63
21 27
21 5
63 22
63 27
63 5
22 64
22 37
22 9
22 29
22 24
22 65
22 27
22 31
22 5
22 6
22 52
22 66
22 28
22 10
22 17
64 35
35 36
35 37
35 27
35 5
35 28
36 37
37 23
37 5
37 67
23 9
23 30
23 10
9 29
9 5
9 6
9 10
29 24
29 5
29 28
24 30
24 5
24 28
30 65
30 31
30 5
30 17
65 27
65 5
65 6
65 28
27 68
27 5
27 6
27 52
27 66
27 47
27 54
27 69
68 70
70 71
70 72
70 73
71 72
72 74
72 75
72 76
74 75
75 73
75 77
75 76
73 77
73 76
73 78
77 76
77 78
76 79
79 78
78 80
78 28
80 81
81 25
81 28
25 31
25 28
31 5
5 82
5 10
5 17
82 6
6 52
6 83
52 84
52 28
84 85
84 86
85 87
87 86
86 88
88 89
89 90
90 91
91 92
91 66
92 67
67 93
93 94
93 28
94 95
95 32
32 66
66 47
66 54
47 48
47 49
47 96
48 49
48 96
49 96
96 50
50 54
54 83
54 28
83 28
28 97
97 98
97 99
99 69
69 10
10 17
