0 1
1 2
1 3
2 3
2 4
3 5
5 6
6 7
7 8
8 9
8 10
8 4
9 11
9 12
9 13
9 14
9 4
11 15
11 16
11 17
11 18
15 19
15 20
15 17
19 16
19 21
16 22
22 23
22 24
22 21
22 20
22 17
22 25
23 12
23 24
23 17
12 26
12 21
12 17
12 4
26 27
26 28
26 29
26 17
27 30
27 31
30 31
31 32
31 28
31 33
32 34
32 35
32 28
34 36
34 35
34 37
34 28
34 38
34 39
34 40
34 41
34 42
34 33
34 43
36 35
35 37
35 28
35 38
35 39
35 40
35 41
35 42
35 33
35 43
37 28
37 39
28 38
28 39
28 42
28 33
28 43
38 39
38 42
38 43
39 40
39 42
39 33
39 10
40 41
40 42
41 44
44 45
44 46
44 47
44 4
45 48
48 49
48 46
48 50
49 46
46 47
46 42
47 42
47 50
47 4
42 33
42 43
33 43
43 50
50 51
51 52
52 53
52 54
53 55
53 56
53 20
53 17
53 4
55 20
56 57
56 4
57 58
57 17
58 59
59 60
59 17
60 13
13 24
13 20
13 17
13 4
24 61
61 62
62 63
62 64
62 65
63 64
64 65
64 66
65 67
65 68
67 68
68 66
66 69
69 70
70 71
71 72
71 4
72 21
72 17
72 25
21 73
21 74
21 75
21 76
73 77
73 54
73 20
73 17
73 4
77 78
77 54
77 20
78 54
78 20
54 29
54 17
54 14
54 75
54 79
54 80
29 20
29 17
29 4
29 81
20 82
20 83
20 84
20 85
20 86
20 4
20 80
82 17
82 4
17 74
17 75
17 87
17 83
17 79
17 76
74 14
14 75
14 88
14 4
75 88
88 87
87 89
87 90
87 4
89 90
90 91
91 18
18 83
18 79
83 79
79 25
25 84
84 92
92 10
10 93
93 85
93 76
93 4
85 94
85 76
85 4
94 76
76 95
95 96
96 86
96 4
86 4
4 97
4 98
97 81
97 99
81 98
81 99
98 99
99 80
