0 1
1 2
1 3
2 4
2 5
4 6
6 7
7 8
7 9
8 10
10 11
11 12
11 13
11 14
12 13
12 15
12 16
12 14
13 15
15 16
16 14
14 17
17 18
18 19
18 20
18 21
18 22
18 23
19 24
19 25
24 26
24 27
24 28
26 27
27 29
29 30
29 31
29 32
30 33
33 34
34 35
35 36
36 37
36 38
37 39
39 40
40 41
41 38
41 42
38 42
42 43
43 44
44 5
5 45
5 46
5 47
5 48
5 49
45 46
45 50
45 51
46 47
46 52
47 53
47 49
47 50
47 54
53 55
53 9
53 50
55 9
9 56
56 3
3 48
3 49
48 57
48 49
57 49
49 58
58 52
58 50
52 59
52 60
59 61
61 50
50 62
50 51
50 63
50 64
62 51
51 63
51 64
51 25
63 65
63 64
65 64
65 20
65 31
65 25
65 66
65 67
64 68
64 20
68 28
68 20
28 20
20 69
20 31
20 70
20 71
69 54
54 72
72 31
72 73
31 74
31 75
31 76
31 73
31 71
31 23
31 77
31 78
31 79
74 80
74 32
80 81
81 25
81 66
81 70
81 76
25 82
25 66
25 75
25 83
25 84
25 70
25 60
25 23
82 66
82 83
82 70
66 75
66 83
66 84
66 70
75 85
75 70
75 32
85 86
86 83
83 84
83 70
83 87
83 60
83 23
84 70
70 87
70 60
76 73
73 71
71 88
88 89
89 90
90 91
90 92
90 93
92 94
94 93
93 95
93 96
95 97
97 96
96 98
98 67
67 21
21 32
32 22
22 99
99 87
87 60
60 23
23 77
78 79
