0 1
0 2
0 3
1 4
1 5
1 6
1 7
1 8
4 9
4 10
4 11
4 12
9 13
9 3
13 14
13 15
13 16
13 10
14 15
14 10
15 16
16 10
10 17
10 18
10 11
10 2
18 19
18 20
19 21
20 22
20 23
22 24
22 2
24 21
24 3
21 25
21 26
21 27
21 28
21 29
21 30
21 31
21 32
21 33
21 34
21 35
21 3
21 36
25 11
11 5
11 37
5 38
5 39
5 2
5 12
38 6
38 40
6 39
39 41
39 31
39 34
39 42
41 43
41 2
43 44
44 37
44 2
44 45
37 46
46 26
46 29
46 36
26 47
26 48
47 49
47 50
49 48
49 50
49 12
49 3
48 50
50 51
50 2
51 52
51 53
52 40
52 53
52 2
52 3
40 54
54 55
55 56
55 3
56 57
56 58
57 59
59 58
58 27
27 60
27 3
60 7
60 61
60 62
60 63
60 64
60 65
60 66
60 67
60 2
60 12
7 68
68 69
68 64
69 61
61 70
61 62
61 63
61 71
61 67
70 72
70 62
70 63
72 73
72 63
72 67
73 62
62 74
62 75
62 76
62 63
62 77
62 65
62 71
62 67
62 8
62 12
74 67
74 3
75 78
78 79
79 76
76 63
76 67
63 64
63 65
63 66
63 67
64 77
64 67
77 65
77 67
65 66
65 67
65 2
65 12
66 71
66 67
71 80
80 67
80 12
80 3
67 8
67 2
8 81
8 2
81 53
81 82
53 83
83 84
84 85
85 2
2 86
2 87
2 88
2 89
2 3
2 90
86 82
86 3
82 91
82 89
91 87
87 88
87 45
87 28
88 45
45 28
28 92
28 3
92 29
29 93
93 94
94 30
94 12
30 31
30 32
30 12
30 33
30 3
31 3
32 95
32 3
95 12
12 89
89 23
23 96
96 33
33 34
34 35
35 3
3 36
36 90
90 97
97 42
97 98
42 98
98 99
