0 1
1 2
2 3
2 4
4 5
5 6
5 7
5 8
5 9
5 10
5 11
5 12
5 13
5 14
5 15
5 16
5 17
5 18
5 19
5 20
5 21
6 22
6 12
6 23
6 20
22 24
24 25
24 7
24 12
25 26
25 27
26 27
27 7
27 28
7 29
7 30
7 12
7 18
29 8
29 15
8 31
8 30
8 32
8 18
8 33
31 34
31 30
31 35
31 36
31 32
31 28
31 37
31 18
31 20
31 38
34 39
34 20
39 40
39 30
39 41
40 42
40 43
40 30
40 44
42 45
45 46
46 47
46 44
46 48
46 18
47 49
47 43
47 18
49 43
43 50
43 51
43 52
43 53
50 30
50 23
30 54
30 44
30 55
30 56
30 57
30 58
30 23
30 52
30 59
30 13
30 36
30 32
30 28
30 14
30 53
30 16
30 37
30 60
30 18
30 20
30 38
54 61
54 48
54 18
54 20
61 9
61 48
61 18
9 51
9 23
9 48
9 41
51 44
51 23
44 55
44 23
44 32
44 28
44 48
44 41
44 53
44 60
44 18
44 62
55 18
56 63
56 64
63 64
64 10
10 57
10 65
10 20
57 58
58 11
11 65
11 23
65 66
65 59
65 13
65 20
65 33
66 67
66 20
66 68
67 69
69 70
70 12
12 71
12 52
12 13
12 41
12 19
71 23
23 52
23 13
23 14
23 60
23 18
23 19
23 20
23 21
23 72
52 73
52 59
73 59
59 74
59 28
59 41
59 18
74 75
75 13
75 38
13 35
35 36
36 32
32 28
32 18
28 76
28 77
28 48
28 18
76 77
76 48
77 48
48 14
14 41
14 18
41 53
53 15
53 18
15 16
16 17
17 37
60 18
18 62
18 20
18 38
62 78
78 19
19 79
19 20
79 80
80 20
20 81
20 82
20 21
81 83
83 84
84 85
84 86
85 86
86 87
87 88
88 89
89 82
82 21
21 68
68 90
68 91
90 92
92 93
92 94
92 91
93 94
94 91
91 95
95 96
96 97
96 98
98 72
72 33
33 99
99 38
