0 1
1 2
2 3
3 4
4 5
4 6
5 7
5 8
5 9
5 10
7 8
7 10
8 11
8 6
11 12
12 13
12 14
12 15
12 16
13 17
13 16
17 18
18 19
18 20
18 16
19 14
19 16
14 21
14 16
21 22
21 20
22 23
22 24
23 24
23 25
23 15
23 26
23 20
24 27
24 20
27 25
25 28
28 15
15 29
15 16
29 30
29 10
29 31
29 32
29 33
29 34
30 35
30 26
30 20
30 10
35 26
35 20
26 36
26 20
26 37
26 38
26 39
26 40
26 34
36 20
20 41
20 42
20 43
20 44
20 45
20 46
20 37
20 38
20 47
20 48
41 49
49 50
50 51
50 6
51 6
51 52
51 10
6 53
6 54
6 52
6 55
6 56
6 10
6 57
6 45
6 46
6 58
6 59
6 60
6 48
6 33
6 61
53 52
54 62
54 10
62 63
63 52
63 9
63 10
63 32
52 42
52 64
52 46
52 31
42 43
43 55
43 10
43 45
55 64
55 10
55 45
55 31
64 44
44 9
9 56
9 10
9 46
56 10
10 57
10 58
10 65
10 60
10 66
10 67
10 48
10 68
10 33
10 40
10 61
45 46
46 31
37 38
38 47
47 69
47 34
69 70
70 31
31 58
58 71
58 72
58 73
58 74
58 65
58 66
58 33
58 34
71 75
75 76
75 77
75 78
75 79
75 80
75 74
76 77
77 78
77 65
78 79
78 74
78 59
78 81
79 80
79 74
80 72
72 73
73 74
74 59
59 65
59 33
65 60
65 33
60 66
60 33
66 67
66 33
66 81
67 48
48 32
48 81
32 82
82 16
16 68
68 33
68 81
33 83
33 84
83 81
81 84
84 85
85 86
86 87
86 88
87 88
88 89
89 90
89 34
90 91
91 92
91 93
91 94
92 93
92 94
93 94
94 95
95 96
96 97
97 98
98 39
39 40
39 34
40 61
40 34
61 34
34 99
