0 1
1 2
2 3
3 4
3 5
3 6
3 7
3 8
3 9
3 10
3 11
3 12
3 13
3 14
3 15
3 16
3 17
3 18
3 19
3 20
3 21
4 22
22 23
23 24
24 5
5 25
25 26
25 27
26 28
26 19
28 6
6 29
6 19
29 30
30 31
30 32
31 33
31 32
33 34
34 35
34 36
34 37
35 36
36 38
36 10
36 39
36 40
36 41
36 14
36 42
36 43
36 21
38 44
38 45
38 37
44 46
46 47
47 48
47 49
47 50
47 10
47 19
48 45
48 49
48 10
45 7
45 51
45 52
45 10
45 11
45 53
45 19
7 51
7 52
7 54
7 50
7 55
51 52
51 10
52 54
52 49
52 55
52 10
54 49
54 10
49 56
49 57
49 50
56 57
56 50
57 50
50 8
8 58
8 9
8 55
8 59
58 9
58 55
58 59
58 19
9 60
9 59
9 19
60 61
60 37
60 32
61 62
62 55
62 59
55 63
55 59
55 64
63 65
63 59
63 66
65 59
59 64
64 67
64 37
67 68
67 69
68 10
68 37
68 19
10 11
10 19
11 12
11 53
11 19
12 70
12 37
12 19
70 71
70 53
70 72
70 73
70 19
71 13
13 53
13 19
53 72
53 74
53 40
53 73
53 19
72 75
72 37
75 39
39 76
76 74
74 77
74 19
74 42
77 66
77 40
77 78
77 15
66 40
66 37
40 41
40 19
40 43
41 79
41 37
41 19
41 80
41 42
79 73
79 81
73 82
73 19
82 83
83 37
37 84
37 78
37 14
84 85
84 32
85 86
85 32
85 69
86 32
32 78
32 87
32 21
78 88
88 87
87 89
89 90
90 14
14 15
15 91
15 19
91 92
91 93
91 80
92 93
93 94
93 95
93 16
94 95
95 16
16 17
17 96
17 97
97 98
98 27
27 18
18 19
19 20
19 99
19 81
20 99
99 80
80 81
81 42
42 43
21 69
