0 1
1 2
2 3
2 4
2 5
2 6
3 7
7 8
8 9
8 10
9 11
9 12
9 13
11 14
11 4
11 12
11 15
14 16
14 15
14 17
14 18
14 6
16 19
16 5
16 20
16 6
19 21
19 22
19 23
21 4
22 4
22 23
4 24
4 25
4 26
4 27
4 23
4 28
4 29
4 30
4 31
4 32
4 33
24 25
24 5
24 15
24 6
25 34
25 35
25 10
25 36
25 37
25 6
34 38
34 35
34 39
38 35
35 26
35 5
35 37
35 6
26 27
26 5
27 40
40 41
40 23
40 17
41 42
41 23
42 43
43 44
44 12
44 15
12 45
45 23
45 46
23 47
23 48
23 49
23 46
47 10
47 5
10 50
10 20
10 13
10 51
10 49
10 52
50 5
50 6
5 53
5 20
5 54
5 55
5 49
5 52
5 56
5 57
5 31
5 33
5 37
53 20
53 15
53 6
20 13
20 49
20 37
20 6
13 58
58 59
59 60
60 28
28 36
36 54
36 61
54 62
54 6
62 63
63 48
48 64
64 65
65 66
66 67
67 51
67 17
51 15
15 68
15 17
15 52
15 57
68 69
69 70
70 71
71 72
72 73
73 74
74 39
39 75
39 55
75 55
55 17
55 37
55 6
17 18
18 76
76 77
77 29
77 78
77 79
29 80
80 78
78 79
79 81
79 82
79 83
81 84
84 85
84 6
85 82
82 83
83 86
86 87
87 49
49 6
52 56
52 6
56 61
61 88
88 89
89 57
89 90
57 91
57 6
91 92
92 30
30 31
30 90
31 6
90 32
90 93
90 6
32 93
93 33
33 37
37 94
37 6
94 95
94 46
95 46
46 96
46 6
96 6
6 97
97 98
98 99
