0 1
1 2
1 3
1 4
1 5
1 6
1 7
1 8
1 9
1 10
1 11
2 12
2 13
2 5
2 14
2 15
2 16
2 17
2 18
2 19
2 20
12 21
12 22
12 5
12 23
12 24
12 19
12 25
12 26
12 27
21 28
28 29
28 30
28 13
29 30
29 3
29 13
29 31
29 16
29 32
30 22
30 33
30 5
22 34
22 13
22 5
33 34
33 3
33 35
34 36
34 3
34 35
34 37
34 38
34 39
36 3
3 40
3 41
3 35
3 38
3 42
3 39
40 43
40 35
43 41
43 31
43 44
43 45
43 8
43 46
43 47
43 42
43 19
41 35
35 4
35 48
35 38
35 25
4 37
37 49
37 50
37 5
37 38
37 47
37 39
37 25
37 51
49 17
50 13
50 16
13 52
13 53
13 54
13 24
13 55
13 31
13 56
13 57
13 17
13 58
13 44
13 59
13 38
13 60
13 61
13 62
13 19
13 63
13 20
13 25
13 64
13 65
13 26
13 27
52 5
5 53
5 14
5 54
5 15
5 57
5 38
5 60
5 47
5 42
5 39
5 63
5 25
5 51
5 64
5 10
5 27
53 14
53 17
53 20
14 54
14 15
14 55
14 66
14 57
14 39
14 63
14 51
14 67
14 64
54 15
54 19
54 20
15 23
15 57
15 17
15 68
15 64
23 19
24 55
24 16
24 19
55 69
55 17
55 20
55 27
69 70
70 48
48 31
31 71
31 47
71 72
72 66
66 56
66 17
56 16
16 57
16 17
16 58
16 44
16 59
16 38
16 60
16 62
16 45
16 47
16 25
16 10
16 26
57 17
57 18
57 60
57 20
17 58
17 44
17 73
17 20
17 25
17 67
17 64
17 65
17 26
58 6
58 44
6 44
44 74
44 75
44 76
44 59
74 77
77 78
78 75
75 76
75 79
75 59
75 18
76 80
76 81
76 82
76 83
76 59
80 81
81 84
81 85
81 82
81 79
85 82
82 86
82 79
86 87
87 79
79 83
79 59
83 59
59 18
18 38
18 60
18 20
38 88
38 89
38 20
88 60
88 65
60 61
60 39
60 20
61 62
62 90
90 91
91 92
92 93
93 94
94 45
45 7
7 8
7 47
8 95
95 46
46 47
47 32
32 96
96 97
97 98
98 42
42 9
9 39
39 89
89 73
89 20
89 25
73 19
19 63
19 10
19 11
63 20
20 25
20 51
20 64
20 10
20 27
25 51
51 67
67 68
68 64
64 10
10 65
65 26
26 27
27 11
11 99
