0 1
1 2
2 3
2 4
2 5
2 6
3 7
3 8
8 4
8 9
8 10
8 5
8 6
4 11
4 9
4 12
4 13
4 14
4 15
4 16
4 17
4 5
4 6
4 18
11 19
11 9
19 9
9 20
9 21
9 22
9 12
9 13
9 14
9 15
9 16
9 23
9 5
9 24
9 25
9 26
9 18
20 27
27 28
27 29
27 30
28 31
28 32
28 33
28 34
28 21
31 35
31 36
35 37
37 38
38 39
38 40
39 41
41 32
32 33
33 34
33 21
34 36
36 42
42 21
21 43
21 29
21 44
21 5
21 6
43 45
45 46
45 29
29 30
30 22
30 5
30 6
22 44
22 6
44 47
47 48
47 49
47 24
47 26
47 50
47 51
47 52
47 18
48 53
48 54
48 55
48 56
48 57
53 54
54 58
58 59
58 56
59 60
59 10
60 61
61 62
62 63
62 24
63 64
63 65
63 66
63 10
63 67
64 65
64 68
65 69
69 70
69 6
70 71
71 66
66 12
66 72
66 73
66 68
12 55
12 6
55 74
55 13
55 14
55 15
55 16
55 75
55 24
55 25
55 26
55 18
74 76
74 5
74 6
76 77
77 49
49 78
49 10
78 79
79 80
79 72
80 80
80 81
81 13
81 18
13 82
13 10
13 5
13 6
82 14
82 83
82 84
82 6
82 85
14 15
14 5
14 6
15 83
15 16
15 75
15 86
15 5
15 6
15 26
15 18
83 56
83 5
83 6
56 87
87 16
16 17
16 5
16 6
17 75
17 10
17 5
17 88
75 89
75 10
75 5
75 6
75 26
89 23
89 90
23 72
23 5
23 6
72 90
72 91
72 5
72 6
90 91
90 10
91 92
92 73
73 10
73 6
10 84
10 93
10 86
10 24
10 26
10 94
10 18
84 93
93 86
86 5
5 95
5 6
5 25
5 26
5 18
5 96
95 88
88 24
24 6
24 40
6 25
6 26
6 18
25 26
26 94
94 50
50 51
51 52
52 57
57 18
18 40
40 67
67 68
68 85
85 97
85 98
97 96
97 98
96 98
98 99
