0 1
0 2
1 3
1 4
3 5
5 6
6 2
2 7
7 4
4 8
8 9
8 10
8 11
9 12
9 13
12 14
12 15
12 16
14 17
17 18
17 19
17 20
18 21
21 22
21 23
21 10
22 23
23 24
23 25
24 26
26 27
26 28
26 29
26 30
26 31
27 32
27 29
27 19
27 33
32 28
32 29
28 29
29 25
29 20
29 33
25 34
25 35
34 36
34 37
36 37
36 20
37 38
38 39
39 35
39 40
35 40
40 13
40 19
13 41
41 30
30 42
42 19
42 20
19 43
19 44
19 45
19 46
19 47
43 44
44 48
44 20
48 49
49 50
50 51
51 52
51 33
52 53
52 54
52 55
52 56
52 11
52 57
53 54
54 58
54 59
58 59
59 60
60 55
55 61
55 20
61 62
62 20
20 45
20 56
20 63
20 64
20 65
20 46
20 11
20 66
20 67
20 57
45 56
56 63
63 68
63 69
63 57
68 70
68 71
68 69
71 69
69 72
72 73
73 74
74 75
75 64
64 76
64 33
76 77
77 78
77 79
77 80
78 79
80 81
81 82
82 83
83 33
33 15
15 84
84 85
85 86
85 87
85 65
86 87
87 88
88 10
88 65
10 65
10 16
10 11
65 46
65 16
65 11
46 16
16 89
89 11
11 66
11 67
66 67
67 90
67 91
67 47
90 91
90 47
91 47
47 92
92 57
57 93
93 31
93 94
93 95
93 96
31 94
31 97
31 96
94 95
94 96
95 97
97 96
96 98
98 99
