0 1
1 2
2 3
2 4
2 5
3 6
3 4
6 7
6 4
6 8
6 9
7 10
7 4
10 4
4 11
4 8
11 8
8 12
8 5
12 13
13 5
5 14
14 15
14 16
15 17
15 18
15 19
15 20
15 21
15 22
15 23
15 9
15 24
15 25
15 26
15 16
15 27
17 28
17 29
17 30
17 31
17 32
17 33
17 16
28 34
34 18
18 35
18 36
18 21
18 37
18 33
18 16
35 38
35 39
35 40
35 21
35 22
35 33
35 41
35 42
38 39
38 43
38 29
38 44
38 21
39 43
39 29
39 21
39 45
39 46
39 37
39 47
39 33
43 48
43 22
43 33
48 36
48 44
48 21
36 40
36 49
36 50
36 24
36 51
36 41
36 42
40 29
29 52
29 53
29 22
29 54
29 55
29 56
29 57
29 58
29 59
29 23
29 47
29 60
29 25
29 61
29 62
29 16
52 44
44 63
44 19
44 53
44 20
44 22
44 54
44 64
44 65
44 56
44 51
63 30
63 26
30 19
30 60
30 25
19 53
19 31
19 33
19 16
19 66
53 20
53 16
20 21
21 22
21 55
21 49
21 67
21 65
21 24
21 41
21 68
21 62
21 69
22 45
22 46
22 33
45 46
45 70
45 67
45 33
46 54
46 55
46 37
46 23
46 24
46 31
46 32
46 33
46 42
46 61
46 16
46 71
54 55
55 72
72 70
72 62
70 49
70 73
49 37
37 67
67 74
67 75
67 42
74 64
74 76
74 77
64 65
64 76
64 77
76 77
77 56
56 75
75 57
57 58
58 78
58 79
58 31
58 32
58 16
78 59
78 25
78 66
59 80
59 23
80 23
23 79
23 47
23 33
23 26
23 16
79 9
79 31
79 32
79 33
9 73
9 31
9 32
73 50
50 47
47 24
47 81
47 33
47 61
24 82
82 60
82 31
82 16
60 81
60 31
81 83
83 25
83 31
25 84
25 85
25 31
25 32
25 26
25 16
85 86
86 87
87 31
87 33
31 88
31 32
31 51
31 61
31 89
31 90
88 32
32 51
32 61
51 33
33 91
33 41
33 42
33 61
33 71
91 41
41 42
42 68
68 92
92 61
61 16
62 93
93 94
94 69
69 26
26 95
26 16
26 89
95 16
16 71
16 89
71 96
96 66
66 27
27 97
97 98
98 99
99 89
89 90
