0 1
1 2
2 3
3 4
3 5
4 6
6 7
7 8
8 9
9 10
9 5
9 11
10 12
12 13
12 14
12 15
12 16
12 17
12 18
12 19
12 20
12 21
12 22
12 23
12 24
12 25
13 26
13 14
26 27
26 28
27 14
14 29
14 30
14 31
14 32
14 18
14 33
14 19
14 34
14 35
14 36
14 23
14 37
14 28
14 38
14 39
14 40
29 5
5 41
5 15
5 42
5 43
5 44
5 45
5 46
5 34
5 20
5 47
5 48
41 15
15 42
15 49
43 30
30 50
50 51
50 28
51 52
51 53
52 54
54 55
55 56
56 57
57 58
58 59
59 60
60 61
61 16
16 11
16 62
11 63
63 62
62 31
62 64
31 64
31 65
31 28
64 49
65 32
32 53
53 66
66 17
66 28
17 49
17 28
49 18
49 47
49 67
18 33
33 19
33 20
19 44
44 45
44 46
44 20
45 46
45 20
46 34
34 20
34 37
20 68
20 69
20 70
20 28
20 40
68 21
68 70
68 37
68 28
21 22
21 37
21 28
22 69
69 71
69 28
69 40
69 72
71 73
71 40
73 74
74 75
75 35
35 70
35 28
70 36
70 76
70 40
70 77
36 23
36 28
23 24
24 37
37 78
37 47
37 48
47 48
48 79
79 25
25 28
28 80
28 40
28 67
28 81
80 82
82 38
38 76
76 83
76 84
83 85
83 84
85 86
86 84
84 39
84 87
39 87
87 40
40 72
72 67
67 81
81 88
81 89
88 90
88 89
90 89
89 91
89 77
89 92
77 93
77 94
77 95
93 92
92 94
94 96
94 95
94 97
96 95
95 98
95 97
98 97
97 99
