0 1
0 2
1 3
1 4
1 5
1 6
1 7
1 8
1 9
1 2
3 4
4 10
4 11
4 7
4 8
4 9
4 12
4 2
10 11
10 13
10 14
11 15
11 16
11 17
11 6
11 18
11 13
11 14
11 19
11 20
11 21
11 22
11 23
11 24
11 2
11 25
15 26
15 27
15 28
15 29
15 30
15 31
15 21
15 22
26 16
26 31
16 27
16 13
16 20
16 22
27 32
27 28
27 13
27 33
27 29
27 20
27 34
27 22
27 23
32 35
32 33
32 23
35 28
35 33
35 29
35 20
35 21
35 22
28 36
28 37
28 29
28 38
36 39
39 40
40 17
40 14
17 41
17 42
17 29
17 31
17 23
41 43
41 44
43 5
5 6
5 9
5 2
5 45
5 46
6 47
6 8
6 9
6 48
6 22
6 46
6 49
47 50
47 2
50 51
51 52
51 53
52 7
52 18
7 8
7 9
7 18
7 54
7 31
7 2
8 9
8 24
9 55
9 54
9 30
9 56
55 57
55 58
55 59
57 60
57 2
60 48
60 58
48 2
58 61
58 2
61 62
62 63
63 64
64 18
64 24
64 45
18 65
18 54
18 34
18 66
65 67
67 37
37 12
37 14
37 19
37 21
37 22
12 54
12 14
54 13
54 14
54 20
54 2
54 46
13 68
13 30
13 38
13 31
13 69
13 34
13 22
68 14
68 25
14 33
14 30
14 31
14 44
14 22
14 2
14 46
33 19
33 29
33 38
33 20
19 42
19 21
19 22
42 70
42 25
70 29
29 30
30 38
30 20
30 2
38 31
31 71
31 20
31 22
31 2
31 46
71 69
69 20
20 44
20 34
20 22
34 21
34 2
21 22
21 23
22 72
22 23
22 2
72 23
23 73
73 59
59 74
59 2
59 46
74 24
24 75
75 56
75 25
56 76
56 2
56 45
76 2
2 77
2 78
2 46
2 49
77 79
79 80
79 81
79 82
79 83
80 84
84 81
84 85
84 86
84 87
81 88
81 89
88 90
88 89
90 91
90 92
91 93
93 94
93 86
94 53
94 85
53 92
53 85
92 85
92 89
92 86
85 89
89 86
86 82
82 87
87 95
95 83
83 25
25 78
78 45
45 96
96 46
46 66
46 49
66 49
49 97
97 98
98 99
