0 1
1 2
2 3
2 4
2 5
3 4
4 6
4 7
4 8
6 9
6 10
9 11
11 12
11 13
11 14
11 15
11 16
11 17
11 18
11 19
11 20
11 21
11 22
11 23
12 24
24 25
24 10
25 26
25 27
25 28
25 29
25 10
25 30
26 13
26 31
26 32
26 33
26 34
26 35
26 36
26 37
26 38
26 39
13 14
13 5
13 16
14 40
14 22
40 41
41 15
41 10
15 42
15 16
15 30
42 43
42 5
42 28
42 29
42 33
42 44
42 22
42 10
42 30
43 45
43 5
43 7
43 46
43 36
43 44
43 22
45 47
45 5
45 7
45 33
45 44
45 10
47 48
47 16
47 19
48 5
48 7
5 49
5 50
5 51
5 52
5 53
5 33
5 34
5 54
5 55
5 56
5 57
5 44
5 38
5 58
5 21
5 22
5 59
5 60
5 39
5 61
5 62
5 63
5 64
5 65
5 8
49 66
49 7
49 44
66 67
67 68
67 33
67 44
68 31
31 50
50 69
50 33
50 44
50 10
50 30
69 27
69 70
69 28
69 71
69 30
27 32
27 28
27 71
27 29
27 10
27 30
32 70
32 10
70 28
28 71
28 29
28 72
28 10
28 73
28 30
71 29
71 10
71 30
29 51
29 74
29 46
51 52
51 10
51 30
52 7
7 75
7 33
7 34
7 74
7 55
7 18
7 76
7 36
7 56
7 77
7 21
7 22
7 60
7 10
7 39
7 62
7 64
7 65
75 78
78 79
78 53
79 53
53 33
53 44
33 80
33 34
33 17
33 56
33 57
33 44
33 22
33 60
33 39
33 61
33 63
33 64
33 65
80 81
81 82
82 83
83 34
34 84
34 85
34 74
34 46
34 44
84 85
85 74
74 46
74 16
46 16
16 54
16 18
16 57
16 86
16 19
16 20
16 21
16 22
16 60
16 30
16 64
54 55
54 17
54 44
55 17
55 44
17 18
17 87
17 44
18 19
87 72
72 76
72 10
76 35
35 88
88 36
88 89
36 89
36 37
89 90
90 91
90 92
90 56
56 37
56 58
37 57
57 44
44 38
44 20
44 21
44 22
44 60
44 39
44 62
44 64
44 65
44 93
44 8
38 58
38 10
58 77
58 60
58 94
77 86
86 19
19 20
19 21
19 22
20 21
21 22
22 23
23 59
59 60
60 10
10 95
10 73
10 39
10 61
10 30
95 73
95 30
73 39
73 30
39 61
39 30
61 62
61 8
62 30
30 63
63 64
63 65
64 65
64 93
64 96
64 97
64 8
65 93
65 98
65 97
93 96
96 94
94 98
97 8
8 99
