0 1
0 2
0 3
1 4
1 5
1 2
1 3
4 5
4 6
4 3
4 7
5 8
5 3
8 9
8 10
8 11
9 10
9 6
9 11
9 12
10 13
10 11
10 3
10 14
13 15
13 6
15 6
6 16
6 17
6 18
6 19
6 20
6 11
6 21
6 22
6 23
6 24
6 2
6 3
6 25
6 26
6 27
6 28
6 29
16 30
30 17
30 31
30 32
30 28
17 31
17 33
31 32
31 33
31 28
32 33
33 34
34 18
34 35
18 36
36 37
37 38
38 39
39 40
39 11
39 12
40 41
41 35
35 42
42 19
19 43
43 20
20 11
20 12
11 44
11 12
11 45
11 46
11 14
44 21
21 47
47 12
12 48
12 46
12 49
48 50
48 3
50 51
50 2
50 3
50 52
51 53
51 54
53 54
54 55
54 56
55 57
55 45
57 58
58 45
58 59
45 22
45 60
45 59
45 46
45 49
22 61
61 60
60 62
60 59
60 46
62 59
59 46
46 63
63 64
63 65
64 66
64 65
66 67
66 65
66 24
67 65
65 23
65 24
23 24
24 68
68 2
2 69
2 3
2 52
69 70
69 3
70 71
71 72
72 73
72 25
73 74
74 75
75 76
76 77
77 78
78 79
79 80
80 3
3 14
3 81
3 82
3 27
3 29
3 83
3 52
14 84
14 85
84 85
84 86
85 87
87 86
86 88
86 89
89 90
90 91
91 92
92 93
93 25
25 81
25 29
82 94
94 95
95 96
96 26
26 27
26 28
27 28
27 29
27 52
28 97
28 29
28 52
28 98
97 29
29 83
29 52
83 52
52 98
98 99
99 7
7 49
49 56
