0 1
1 2
1 3
2 4
2 3
2 5
4 3
4 6
4 7
4 8
4 9
3 10
3 11
3 12
3 13
3 14
3 15
3 7
3 16
3 17
3 18
3 19
3 8
3 20
3 21
3 22
10 6
6 11
6 23
6 24
6 25
6 26
6 27
6 7
6 20
6 28
6 22
11 29
11 25
11 30
11 7
11 8
11 9
29 12
29 7
29 9
12 23
12 25
12 7
12 9
23 24
23 25
23 13
23 27
23 31
23 14
23 32
23 7
23 8
23 33
23 20
23 28
23 34
24 25
25 26
25 27
25 14
25 7
25 16
25 35
25 20
25 34
25 36
26 13
13 37
13 7
37 38
38 27
38 31
27 31
31 39
31 40
31 41
31 42
39 43
43 14
14 44
14 7
14 8
44 45
44 7
44 9
45 46
46 30
30 47
30 48
47 32
32 49
49 50
50 51
50 7
51 52
52 53
53 15
53 7
15 54
15 55
15 8
54 8
55 56
55 7
55 20
56 5
56 7
56 9
56 20
5 40
5 7
40 7
40 9
7 57
7 18
7 58
7 19
7 8
7 9
7 59
7 60
7 20
7 28
7 22
57 16
57 61
16 61
16 17
16 8
61 17
17 48
17 19
48 62
62 63
63 64
64 65
64 66
64 67
64 68
64 69
64 70
64 71
64 72
64 73
64 74
65 75
75 66
75 70
75 72
75 74
66 76
66 67
66 77
66 78
66 68
66 69
66 79
66 80
66 72
66 81
66 74
76 67
67 77
67 78
67 68
67 79
67 80
67 81
67 74
77 78
77 72
78 68
78 71
78 81
78 74
68 69
68 79
68 70
68 72
68 81
68 74
69 79
69 80
69 81
69 74
79 70
79 72
79 74
70 80
70 81
70 74
70 82
80 72
80 74
80 83
71 72
72 81
72 74
81 73
81 74
73 74
74 18
18 84
18 9
84 85
85 86
86 87
87 58
58 19
19 8
19 9
8 88
8 9
8 59
8 42
8 33
8 60
8 20
8 89
8 22
8 36
88 9
9 59
9 20
9 89
9 22
59 35
35 90
90 91
91 41
41 42
42 33
60 20
20 28
20 34
28 34
34 92
92 89
92 93
89 94
89 95
89 93
89 96
89 97
94 95
95 93
93 96
96 97
97 98
98 99
99 83
83 82
82 21
22 36
