0 1
1 2
2 3
3 4
3 5
3 6
3 7
3 8
3 9
3 10
3 11
3 12
3 13
3 14
3 15
3 16
3 17
3 18
3 19
3 20
3 21
4 5
5 6
5 22
5 7
5 9
5 23
5 24
5 25
5 10
5 26
5 11
5 27
6 22
6 26
22 7
22 9
22 23
22 10
7 28
7 23
7 26
28 8
8 9
8 23
8 24
8 11
8 27
9 23
23 29
23 10
23 26
29 24
24 25
24 10
24 26
25 10
25 26
25 27
10 26
10 11
10 27
10 30
26 31
26 11
31 11
11 32
11 17
32 33
32 27
33 12
12 34
34 35
34 36
34 37
35 38
38 36
38 27
36 13
13 14
14 39
14 27
39 15
39 27
15 40
40 41
41 42
42 43
43 44
44 45
44 27
45 16
16 46
16 47
16 48
16 49
46 50
46 51
50 17
17 47
17 18
47 48
47 51
48 49
49 27
27 52
27 53
27 54
27 19
52 55
55 56
56 53
53 57
57 58
58 54
54 59
59 60
60 61
61 18
61 62
18 63
63 62
63 64
63 65
63 66
63 67
63 37
63 21
62 68
68 64
64 69
69 70
69 37
70 71
70 72
70 73
70 74
70 19
70 75
70 76
70 67
70 77
70 78
70 79
70 80
71 72
71 66
71 67
71 81
71 37
72 73
72 74
72 19
72 75
72 67
72 77
72 79
73 82
73 74
82 74
74 83
74 19
74 79
74 84
74 51
83 65
65 85
65 66
65 81
65 86
65 87
85 66
66 88
66 89
66 76
66 90
66 91
66 92
66 78
66 93
66 80
66 86
66 37
66 20
66 21
66 87
88 19
88 76
88 67
19 75
19 94
19 81
75 94
75 67
94 89
94 67
94 77
89 76
89 67
76 90
76 67
76 92
76 78
76 80
90 67
67 77
67 92
67 78
67 93
67 81
67 79
67 84
77 91
77 80
91 92
93 81
81 79
84 80
80 95
80 87
95 96
96 97
97 98
98 86
86 37
37 20
37 21
20 21
21 87
87 51
51 99
99 30
