0 1
1 2
1 3
1 4
2 5
2 6
2 7
5 8
5 9
5 6
5 7
8 10
8 4
10 11
10 9
10 12
11 13
11 9
11 14
11 12
11 7
13 15
13 16
13 9
15 16
15 9
15 12
15 7
16 17
17 18
18 19
18 9
19 3
19 12
19 7
3 9
3 12
3 7
9 20
9 21
9 22
9 23
9 24
9 25
9 26
9 27
9 6
9 28
9 12
9 29
9 30
9 31
9 32
20 33
20 14
33 34
33 7
34 35
34 7
35 21
35 22
21 36
21 7
36 37
36 26
36 27
37 38
38 39
39 40
39 41
39 14
40 42
40 43
40 44
42 45
42 12
45 43
43 22
22 46
22 47
22 14
22 12
22 7
46 44
44 23
44 48
44 7
23 47
23 12
23 7
47 48
48 49
48 50
48 51
49 24
24 52
52 53
52 54
53 55
55 56
56 57
56 54
57 54
54 58
58 59
59 60
60 61
61 62
61 12
62 50
50 63
50 25
50 64
50 4
63 25
63 12
25 64
25 12
64 26
26 65
26 12
65 66
66 41
66 51
41 4
41 51
4 51
4 12
51 67
67 68
68 69
69 27
27 70
27 12
70 71
71 72
72 73
72 14
73 6
6 28
28 14
14 74
14 75
14 31
74 76
76 77
77 78
78 12
12 79
12 80
12 29
12 30
12 81
12 82
80 29
29 75
29 7
75 30
30 31
30 32
30 7
31 7
32 7
7 83
7 81
7 84
83 81
83 85
81 84
81 86
81 82
84 87
84 82
87 88
88 89
88 82
89 90
89 91
89 92
89 93
90 94
90 91
90 92
90 93
90 95
94 91
94 85
94 93
94 82
91 86
91 93
86 85
85 92
85 95
92 93
93 95
95 96
95 97
96 97
97 98
98 99
99 82
