0 1
0 2
0 3
1 2
2 4
2 3
4 5
5 6
6 7
6 8
7 9
7 10
7 11
7 12
7 13
7 14
7 15
7 16
7 17
7 3
7 18
7 19
7 20
7 21
7 22
9 23
9 3
23 24
24 25
24 3
25 26
25 27
26 28
26 8
26 29
28 10
10 30
10 31
10 3
30 27
30 29
27 32
27 29
27 33
32 34
34 8
34 35
8 36
8 35
36 35
35 37
35 38
35 39
35 40
35 21
35 22
37 29
29 41
29 42
29 38
29 43
29 44
29 45
29 21
29 22
41 46
46 47
47 48
47 49
47 50
47 51
47 52
47 53
47 38
48 54
48 55
48 53
54 56
54 53
56 55
55 57
55 49
57 49
57 51
49 58
49 50
49 59
49 51
49 15
49 38
49 60
49 43
58 50
50 59
50 38
59 51
51 11
51 38
51 60
11 31
11 53
11 3
31 61
31 12
31 13
31 17
31 62
31 63
31 39
61 64
61 65
61 33
64 65
64 3
65 66
65 67
65 12
66 68
66 3
68 67
68 12
67 69
67 33
67 3
69 12
12 33
33 13
13 42
13 3
42 70
70 71
71 72
72 52
52 14
52 38
14 53
14 43
14 3
53 15
53 38
15 38
38 60
60 43
43 44
43 3
44 73
73 74
74 75
75 76
76 77
77 16
16 17
16 3
17 3
3 78
3 62
3 45
3 22
78 62
62 79
79 80
80 18
18 81
18 82
81 83
83 82
82 63
63 45
63 84
63 85
63 86
45 87
45 88
45 20
87 89
87 84
84 88
85 88
88 86
88 90
88 91
86 92
92 19
19 93
93 90
93 94
90 94
94 91
91 20
20 95
95 39
39 40
40 21
21 22
22 96
96 97
97 98
98 99
