0 1
1 2
2 3
3 4
4 5
4 6
5 7
5 8
5 9
5 10
5 11
5 12
7 13
13 14
13 8
13 15
13 6
14 16
14 17
14 18
16 8
16 17
16 15
16 6
16 19
8 17
8 18
8 6
17 15
15 18
18 20
20 21
21 22
21 23
21 24
22 25
22 24
25 26
25 27
25 24
26 28
28 29
29 30
30 31
31 32
32 33
33 34
34 35
35 36
36 37
36 24
37 38
37 39
37 40
37 41
37 42
37 11
37 12
37 43
38 23
38 24
23 39
23 24
39 40
39 27
39 42
40 27
40 42
40 12
27 44
27 41
27 11
27 45
27 12
44 46
44 24
46 47
46 48
47 9
47 49
9 50
9 51
9 52
9 53
9 54
50 49
49 55
49 51
55 56
56 51
52 57
57 53
53 58
58 54
54 59
59 60
60 61
61 62
61 6
62 63
63 6
6 48
6 10
6 64
6 65
6 12
6 19
48 10
48 66
48 67
48 68
10 69
10 70
10 66
69 71
69 72
69 73
69 64
69 65
71 70
71 74
71 68
70 75
70 76
75 66
75 74
75 68
66 77
66 76
77 78
77 76
77 74
78 72
78 79
72 80
72 81
72 82
72 79
72 74
72 68
80 81
80 83
81 82
82 84
82 83
84 83
83 73
73 79
73 68
79 85
85 86
85 68
86 87
87 88
87 89
87 90
88 89
89 90
90 67
67 91
91 64
64 76
64 68
76 74
76 68
74 92
74 68
92 68
68 65
65 93
93 94
94 24
24 41
24 12
24 95
41 42
41 96
42 11
11 45
45 12
12 43
43 97
97 98
98 96
96 95
95 99
99 19
