0 1
0 2
1 3
3 2
3 4
3 5
3 6
2 7
2 8
2 9
7 10
7 11
10 12
10 13
12 14
12 15
12 6
12 16
14 17
14 18
14 19
14 20
14 21
14 22
14 15
14 6
14 23
14 16
14 24
17 4
17 25
4 8
4 26
4 18
4 27
4 28
4 29
4 30
4 31
4 32
4 33
4 6
4 34
4 35
4 25
4 36
4 37
4 38
8 26
8 25
8 39
26 18
18 40
18 27
18 19
18 25
18 41
18 39
18 42
18 43
18 44
40 27
40 6
40 43
40 44
40 24
40 37
27 45
27 19
27 46
27 41
27 42
27 47
27 44
27 24
27 37
45 48
45 49
45 43
45 44
48 19
48 15
48 25
48 41
48 39
48 42
48 44
19 50
19 16
19 39
19 43
19 47
50 11
50 15
50 6
50 42
50 44
11 20
11 46
11 15
11 51
11 39
11 37
11 52
11 38
11 53
20 54
20 6
20 42
54 55
54 56
54 57
54 58
55 56
56 59
56 60
56 57
56 58
56 61
59 60
59 58
60 57
60 58
60 61
60 22
57 62
57 58
57 63
57 25
62 58
58 61
58 22
61 63
63 21
63 6
21 46
21 15
21 6
46 9
46 15
46 64
46 65
46 39
46 66
9 67
67 28
67 65
28 22
28 5
28 13
22 68
22 6
22 25
22 69
68 15
68 25
68 41
68 39
68 42
15 29
15 6
15 70
15 34
15 16
15 71
15 66
15 72
15 73
15 69
15 53
29 30
29 6
30 31
30 5
30 74
30 25
31 5
5 32
5 35
32 74
32 25
32 42
32 13
74 33
74 70
74 35
74 38
33 6
33 13
6 75
6 65
6 49
6 16
6 76
6 71
6 77
6 72
6 73
6 38
6 69
75 78
75 44
78 79
78 70
78 34
78 73
79 51
79 49
51 80
51 81
51 37
51 52
80 64
80 16
80 25
64 65
64 70
64 25
64 53
65 70
65 34
65 49
65 16
65 82
65 25
65 41
65 39
65 42
65 44
65 13
65 53
70 83
70 34
70 49
70 16
70 81
70 52
70 72
70 53
83 34
34 23
34 84
34 49
34 85
34 81
34 86
34 52
34 72
23 84
23 49
23 16
23 73
84 49
84 73
49 85
49 16
49 81
49 72
85 16
16 81
16 82
16 25
16 44
16 37
16 72
16 73
16 53
81 76
76 82
76 25
76 39
76 44
82 35
82 72
35 25
35 39
35 42
35 44
35 53
25 87
25 41
25 88
25 42
25 71
25 66
25 89
25 86
25 52
25 72
25 13
25 69
25 53
25 90
87 41
87 39
87 44
87 53
41 91
41 77
41 86
41 37
41 72
91 39
39 88
39 71
39 77
39 66
39 72
39 73
39 69
88 42
88 44
88 53
42 92
42 43
42 47
42 71
42 77
42 36
42 72
42 90
92 43
92 53
43 47
43 71
43 36
47 71
47 77
71 77
71 44
71 53
77 66
77 44
66 89
66 44
89 44
44 86
44 72
44 73
86 93
93 94
94 36
36 24
36 37
36 53
24 37
37 52
52 72
72 73
72 53
73 95
95 13
13 38
38 96
96 97
97 69
69 53
53 90
90 98
98 99
