0 1
1 2
1 3
1 4
1 5
1 6
1 7
1 8
2 3
2 4
3 4
3 9
3 10
4 11
4 7
5 11
11 12
12 13
13 14
13 15
13 16
13 7
13 10
13 8
14 17
17 15
17 10
15 18
15 9
15 7
15 19
15 20
18 21
18 10
21 22
21 7
21 8
22 16
22 23
16 24
16 23
16 7
16 25
16 26
24 23
24 27
23 9
23 28
23 7
23 29
23 20
23 10
23 25
23 26
23 30
9 28
28 6
28 10
6 31
6 19
6 10
6 32
31 7
31 10
7 29
7 19
7 10
7 8
29 19
20 10
10 25
10 30
26 30
26 33
33 34
34 35
34 8
35 36
35 37
35 38
36 37
36 39
37 40
40 38
38 41
38 39
38 8
41 42
42 43
42 44
42 45
42 46
42 47
42 39
43 48
43 44
43 45
43 47
48 49
49 44
49 45
49 50
49 47
44 51
44 50
44 46
51 45
51 50
45 52
45 53
45 46
45 54
45 47
45 55
52 50
50 53
53 46
46 54
54 47
47 56
47 39
47 55
56 57
56 32
57 58
58 59
59 60
60 39
60 27
39 61
39 62
39 8
39 27
39 63
39 64
39 65
39 66
39 67
61 68
61 8
61 27
68 69
68 62
68 8
68 63
68 70
68 71
69 72
72 32
32 73
32 74
32 55
32 75
32 76
32 63
32 77
73 78
78 62
62 8
62 27
8 79
8 80
8 81
8 74
8 55
8 76
8 63
8 77
8 64
8 65
8 66
8 67
8 70
79 80
80 82
82 83
83 84
84 81
81 27
27 74
27 55
27 76
27 65
27 66
27 67
55 85
85 86
86 87
87 75
75 76
76 88
76 63
88 63
63 77
77 64
64 65
65 89
89 90
90 91
91 66
66 67
67 92
92 93
93 94
93 95
94 96
94 97
94 71
96 98
96 97
98 95
98 97
95 97
95 71
97 99
99 70
70 71
