0 1
1 2
2 3
3 4
4 5
5 6
6 7
7 8
7 9
8 10
8 11
10 12
12 13
12 14
12 11
12 15
12 16
12 17
12 18
12 19
12 20
12 21
12 22
12 23
12 24
12 25
13 26
26 27
26 28
26 29
26 30
26 31
26 17
26 18
26 32
26 33
26 34
26 25
26 9
26 35
26 36
26 37
27 28
28 14
28 29
28 30
28 38
28 39
28 19
28 33
28 25
28 40
28 37
28 41
28 42
14 43
14 44
43 11
11 29
11 9
29 30
29 9
30 38
38 45
38 9
45 46
45 47
45 48
45 49
45 9
47 50
47 9
50 51
50 52
51 15
51 52
51 53
51 54
15 31
15 17
15 33
31 55
31 17
31 21
55 39
55 17
55 48
39 16
16 56
56 17
17 48
17 49
48 57
57 49
49 18
49 33
18 19
18 32
18 33
19 32
19 58
19 33
32 58
32 33
58 33
33 34
34 59
59 60
60 61
60 44
61 52
61 53
61 44
52 62
52 63
52 64
52 53
52 20
52 65
62 66
66 63
66 53
63 64
63 53
63 67
63 65
64 53
64 68
53 69
53 65
53 70
69 71
71 72
71 54
72 54
54 68
68 73
68 20
68 65
73 44
44 20
44 65
20 67
67 74
74 65
65 70
70 75
75 21
21 76
21 22
76 22
22 23
25 9
9 77
9 78
9 79
77 80
80 40
40 81
40 82
40 35
40 83
81 82
81 84
82 35
35 85
35 84
85 78
85 84
78 84
84 86
84 87
84 88
84 36
86 36
88 89
88 90
90 91
91 92
92 83
83 93
83 94
93 95
93 94
95 94
94 96
94 97
96 36
36 97
97 37
37 98
98 41
41 42
42 99
99 79
