0 1
1 2
1 3
1 4
1 5
1 6
4 7
7 8
8 9
9 10
10 11
10 12
10 13
11 14
11 15
11 13
11 16
14 17
14 12
14 18
14 15
14 19
14 20
14 21
14 13
14 22
14 23
14 24
14 25
14 16
14 26
14 27
14 6
14 28
14 29
14 30
14 31
14 32
17 12
12 33
12 34
12 35
12 36
12 18
12 37
12 38
12 15
12 19
12 21
12 22
12 39
12 40
12 23
12 25
12 6
12 29
12 30
33 41
33 42
33 43
33 15
41 44
41 35
41 36
41 43
41 18
41 37
41 45
44 46
44 47
44 35
44 48
44 42
44 43
44 45
46 49
49 50
49 47
49 51
49 48
50 52
50 51
50 48
50 53
52 54
52 47
52 51
54 47
54 43
47 55
47 51
47 35
55 5
55 56
56 57
56 35
56 45
57 58
57 43
58 51
58 35
58 45
51 59
59 60
59 35
59 48
60 61
60 34
34 35
34 42
34 43
34 45
35 62
35 48
35 63
35 36
35 64
35 65
35 66
35 67
35 18
35 37
35 45
35 68
35 69
35 13
62 48
62 63
62 42
62 43
62 45
62 13
48 63
48 36
48 53
48 70
48 71
48 72
48 66
48 38
63 36
63 66
63 18
63 45
63 69
36 64
36 45
36 15
36 13
64 73
64 42
64 45
73 65
73 42
65 42
65 18
42 74
42 66
42 67
42 45
74 75
74 76
74 43
74 45
74 6
75 76
76 53
53 77
77 70
70 71
70 43
71 72
72 66
66 43
43 67
43 37
43 45
67 18
67 45
18 37
18 45
18 13
37 45
37 15
37 13
45 68
45 15
68 69
69 38
38 15
15 19
15 21
15 13
15 22
15 40
15 25
15 78
15 6
15 29
15 30
19 79
79 80
79 6
80 81
81 82
81 83
81 78
82 20
20 21
20 16
20 30
20 84
21 13
21 16
13 85
13 40
13 26
13 27
13 78
13 30
85 83
83 86
86 87
87 22
22 39
22 40
22 16
39 40
40 23
40 16
23 24
24 88
88 25
25 16
25 29
16 89
16 26
16 78
16 30
16 32
89 26
26 90
26 91
90 27
27 78
78 6
6 92
6 93
92 93
93 94
93 95
94 95
95 91
91 96
96 28
28 29
29 30
30 84
84 97
97 31
97 98
31 98
98 99
99 32
