0 1
1 2
2 3
3 4
3 5
4 6
6 7
7 8
7 9
7 10
8 9
8 5
9 11
11 12
12 10
12 5
10 13
10 14
10 15
10 16
10 17
10 18
10 19
13 20
13 14
13 21
13 22
13 18
20 23
23 14
23 24
23 25
23 5
14 15
14 26
14 22
14 18
14 27
15 21
15 28
15 18
21 26
26 22
26 29
26 30
26 27
22 16
22 29
22 31
22 18
16 29
16 31
16 32
16 24
16 18
16 27
16 5
29 33
33 34
33 31
33 35
34 31
34 25
31 36
31 37
31 38
31 39
31 18
31 40
31 41
31 42
31 43
31 44
31 35
36 30
30 45
30 43
45 28
28 46
28 47
46 48
48 49
48 50
48 51
49 25
50 32
50 27
32 52
32 53
32 54
32 18
32 41
32 55
52 56
52 57
52 58
52 59
52 18
56 57
57 58
57 59
58 59
59 37
59 18
59 43
37 53
37 54
37 24
37 18
37 44
53 54
54 38
54 17
38 60
60 17
60 18
17 24
17 18
24 39
24 18
24 25
24 27
39 18
18 40
18 61
18 62
18 63
18 27
18 64
18 35
40 25
40 27
25 41
25 63
25 27
25 65
25 66
25 67
25 68
25 69
25 70
25 71
25 72
41 73
41 27
41 43
73 61
61 19
61 62
19 43
62 63
63 27
27 42
42 51
42 74
42 47
42 43
74 75
74 47
75 47
47 64
64 43
43 55
55 5
5 76
76 77
77 44
44 35
35 78
78 79
79 80
80 65
65 66
65 81
66 82
66 83
82 83
83 84
83 81
84 85
84 81
85 86
86 87
86 88
86 68
86 89
87 67
87 68
67 90
90 91
90 92
90 93
90 94
90 95
91 88
91 93
88 68
68 96
68 89
96 89
89 81
81 97
97 98
98 92
92 93
93 94
94 95
95 99
99 69
69 70
70 71
71 72
