0 1
0 2
0 3
1 4
1 5
1 6
1 7
1 8
1 9
1 10
1 11
1 12
1 13
1 14
1 15
1 16
1 17
1 18
1 19
1 20
1 21
1 22
4 23
4 24
23 25
23 26
23 27
25 28
28 29
28 30
29 26
26 27
27 5
27 31
5 32
5 2
5 11
5 21
5 33
32 31
31 30
30 34
34 35
35 36
36 37
36 38
37 6
37 9
37 39
6 40
6 24
6 41
6 13
6 42
40 7
7 43
7 24
7 41
43 24
24 8
24 9
24 44
24 22
24 33
8 41
8 21
41 9
41 44
41 45
41 22
9 46
9 21
9 33
46 47
46 22
47 48
47 49
48 50
50 39
39 51
39 2
51 52
51 53
52 54
54 55
54 56
54 57
54 10
55 56
56 58
56 57
58 59
58 57
59 57
59 60
57 10
10 2
2 61
2 62
2 63
2 12
2 64
2 18
61 65
65 66
66 67
67 68
67 38
67 69
38 62
38 3
38 64
38 17
38 19
38 60
38 70
38 20
63 3
3 71
3 72
3 16
3 73
3 64
3 17
3 18
3 19
3 74
3 70
71 72
72 75
75 76
76 77
77 44
77 78
44 79
44 11
44 21
79 11
11 80
11 21
80 12
12 81
12 13
81 13
13 45
13 78
45 14
14 49
49 82
82 83
83 84
84 85
85 15
15 86
15 73
15 18
15 60
86 16
86 74
16 73
16 60
73 64
73 74
64 17
17 18
17 60
18 19
18 60
19 87
19 60
87 60
60 74
60 70
74 69
69 70
20 21
21 22
22 33
33 78
78 88
88 89
89 90
89 91
89 42
90 91
90 42
91 92
92 93
93 94
94 95
95 96
96 97
97 53
53 98
53 42
98 99
99 42
