0 1
0 2
0 3
1 4
1 2
1 5
1 3
1 6
1 7
1 8
1 9
1 10
4 2
4 3
2 5
2 3
2 6
2 11
2 7
2 8
5 3
3 6
3 11
3 7
3 8
3 12
6 11
11 13
13 7
13 10
7 8
8 9
8 10
10 14
14 15
15 16
15 17
15 18
16 19
16 17
16 20
16 21
16 12
16 22
19 23
19 24
19 18
23 25
23 21
23 26
25 17
25 12
25 24
17 27
17 28
17 21
17 29
17 12
17 30
17 31
17 32
17 26
17 33
17 34
27 28
27 12
28 35
28 12
28 24
35 36
36 37
37 38
38 39
39 40
39 12
39 41
39 42
39 43
39 44
39 26
39 24
40 45
45 46
45 47
46 20
46 12
46 48
20 47
20 49
47 50
47 33
50 21
50 33
21 51
21 12
21 48
51 29
29 52
29 41
29 53
52 12
12 54
12 30
12 55
12 56
12 57
12 58
12 31
12 59
12 60
12 32
12 26
12 61
12 48
12 33
12 62
12 63
54 64
64 65
65 66
65 24
66 41
66 67
66 24
66 68
66 63
41 69
41 24
41 18
69 70
69 71
70 71
70 72
70 73
71 72
72 74
72 73
72 55
72 43
72 75
72 76
72 18
74 30
74 59
74 33
30 42
30 48
42 73
42 56
42 76
73 77
73 55
73 43
73 44
73 75
73 58
73 76
73 59
73 78
73 79
73 80
77 55
77 76
77 24
55 43
55 56
55 75
55 58
55 31
43 56
43 44
43 75
43 76
43 49
56 57
56 44
56 75
56 31
56 76
56 18
57 44
57 58
57 18
44 75
44 76
44 24
44 18
75 58
75 76
58 31
58 76
58 18
31 76
76 59
59 78
78 60
60 49
60 48
49 32
49 81
32 26
32 24
26 61
26 24
26 18
61 82
61 48
61 67
61 24
61 18
82 81
82 67
82 83
81 84
84 85
85 86
86 87
87 88
88 89
89 48
48 22
48 90
48 91
48 80
48 63
22 67
67 83
67 33
67 24
67 62
67 92
67 63
83 33
33 34
34 93
93 53
53 94
94 90
90 95
90 91
90 80
95 24
24 96
24 62
24 91
24 97
24 79
24 80
24 92
24 68
24 63
96 18
18 98
98 99
99 62
62 91
91 97
91 80
97 79
79 80
80 92
92 68
68 63
