0 1
0 2
1 3
1 4
1 5
1 2
1 6
1 7
1 8
1 9
1 10
1 11
3 4
3 8
4 12
4 8
4 13
12 14
12 15
12 9
12 16
12 17
12 18
12 19
12 20
12 21
12 13
14 22
14 23
22 24
24 25
25 26
26 5
26 8
5 27
5 15
5 8
5 21
5 28
5 13
27 15
15 2
2 29
2 6
2 7
2 9
6 30
6 8
30 7
30 8
7 8
7 23
8 9
8 31
9 23
23 32
23 33
23 34
32 35
35 36
35 37
36 38
36 39
37 40
37 17
37 41
37 42
37 43
37 44
40 45
40 38
40 46
40 47
40 48
45 49
45 50
45 39
45 17
45 51
45 52
45 41
45 18
45 53
45 43
45 54
49 55
55 38
38 56
38 46
38 17
38 57
38 41
56 16
56 46
56 50
56 17
56 52
56 43
16 46
16 47
16 17
16 42
16 43
46 47
46 50
46 17
46 43
47 58
58 50
58 43
50 39
50 17
50 52
50 48
50 43
39 17
39 42
39 18
39 13
17 51
17 57
17 41
17 53
17 59
17 54
51 52
51 41
52 57
52 60
57 41
57 53
57 43
41 42
41 48
42 61
61 48
48 62
48 18
48 59
48 44
62 63
62 43
63 18
63 60
18 53
18 13
53 60
53 43
60 64
64 43
43 59
59 44
44 54
54 65
54 13
65 66
66 19
19 67
67 68
67 20
68 20
20 10
20 21
10 69
10 13
69 21
69 70
21 70
21 13
70 31
70 71
70 28
70 13
31 71
71 28
28 72
72 73
72 13
73 74
73 13
74 75
75 11
11 76
76 13
13 77
77 78
78 79
78 80
79 81
79 82
81 83
81 80
81 84
83 85
83 80
83 86
83 84
83 87
83 88
85 89
85 80
89 80
80 86
80 84
80 88
86 84
86 90
84 91
91 82
82 87
87 92
92 93
92 88
92 94
92 95
92 90
92 96
93 88
93 90
88 97
88 90
97 94
94 95
95 98
98 90
90 96
96 99
99 33
