0 1
0 2
1 2
2 3
3 4
4 5
5 6
5 7
5 8
5 9
5 10
5 11
6 12
12 7
12 8
12 13
12 9
12 11
7 14
7 8
7 15
7 16
7 9
7 17
14 8
14 9
8 18
8 16
8 19
18 20
18 15
18 9
20 15
15 21
21 22
22 23
23 24
23 25
23 26
24 27
24 13
27 28
27 13
27 11
28 29
28 13
29 30
29 13
30 13
13 31
13 11
31 32
32 33
33 34
34 35
34 11
35 36
36 37
36 38
36 39
36 40
36 9
37 38
37 41
37 39
37 40
37 42
37 9
37 11
38 43
38 41
38 40
38 42
38 44
38 45
38 11
43 41
43 40
43 42
41 46
41 42
41 10
41 17
41 47
41 48
41 11
46 49
46 17
49 50
49 51
49 17
49 47
49 52
50 53
50 10
50 17
50 47
53 54
54 39
54 42
54 9
54 10
54 17
54 47
39 55
39 42
55 56
55 40
55 9
56 16
56 51
56 11
16 40
16 9
16 11
40 57
40 58
40 42
40 44
40 9
40 51
40 10
40 47
40 48
57 59
57 9
57 11
59 60
59 58
59 61
59 62
59 42
60 58
58 61
58 9
58 11
61 62
61 42
61 9
62 63
63 42
63 10
63 17
42 44
42 9
42 64
42 17
42 65
42 48
42 66
44 9
44 10
9 51
9 64
9 10
9 17
9 19
9 67
9 65
9 68
9 45
9 48
9 69
51 70
51 11
70 64
70 71
70 11
64 10
64 17
64 47
64 11
10 72
10 17
10 47
72 17
17 73
17 47
17 52
17 74
73 47
47 52
47 74
47 75
74 75
75 19
19 76
19 77
19 11
76 78
76 79
78 80
80 81
80 82
81 82
82 79
79 83
83 84
84 67
67 65
65 85
85 68
68 45
68 11
45 77
45 48
45 11
77 86
77 48
77 87
77 11
86 88
86 89
88 90
88 91
90 92
92 91
92 89
91 89
89 93
93 48
93 11
48 66
48 94
66 25
66 95
66 11
26 96
96 97
97 98
97 99
98 95
95 71
95 11
95 99
71 69
71 87
71 11
69 87
87 11
11 94
94 99
