0 1
1 2
2 3
3 4
4 5
5 6
6 7
6 8
6 9
6 10
6 11
6 12
6 13
6 14
8 15
15 16
15 17
15 18
15 10
15 19
15 20
15 21
15 22
15 23
15 24
15 14
15 25
15 26
15 27
16 28
16 29
28 17
28 30
17 31
17 29
31 32
32 33
33 34
34 35
34 36
35 37
37 38
38 39
38 40
39 41
41 29
41 40
41 42
41 43
29 44
29 45
29 9
29 46
29 10
29 21
29 22
29 23
29 12
29 47
29 14
29 25
29 48
29 26
29 42
29 49
44 36
44 30
44 50
36 51
36 30
51 52
51 53
51 54
51 55
51 56
51 57
51 58
51 59
51 60
52 61
61 53
61 56
61 59
53 62
53 55
53 56
53 58
53 59
62 63
62 55
63 64
64 18
64 40
64 30
18 45
18 27
18 65
18 49
45 66
66 9
9 40
40 46
40 13
40 47
40 25
40 67
40 68
40 26
40 43
40 49
46 69
46 70
46 42
69 71
69 72
71 73
71 74
71 10
71 75
71 12
71 26
73 74
73 10
74 10
10 75
10 76
10 77
75 19
19 20
19 21
21 72
72 22
72 76
22 76
76 11
11 23
23 78
78 12
12 77
77 13
13 79
13 80
80 81
81 47
47 70
47 43
70 82
82 24
82 14
24 14
14 25
25 67
67 48
48 68
68 26
26 42
42 83
42 43
83 43
43 27
27 84
27 50
84 54
54 55
54 56
54 59
55 85
55 86
55 56
55 57
55 58
55 59
85 87
85 56
87 88
88 65
65 89
65 50
65 90
89 91
91 92
92 49
49 30
49 50
30 93
93 94
94 95
95 96
96 97
96 86
97 86
86 56
86 58
86 50
56 57
56 58
56 59
56 60
57 58
57 59
58 98
58 60
98 59
59 60
60 50
50 99
99 90
