0 1
0 2
1 3
1 4
1 5
1 6
3 7
7 4
4 8
4 9
4 6
8 9
9 10
10 5
10 11
10 12
5 6
5 13
5 2
6 13
6 2
6 14
6 15
13 16
13 17
13 18
13 19
13 20
13 21
13 22
13 23
13 24
13 25
13 26
13 27
13 28
13 29
13 30
13 31
13 32
13 33
16 34
16 2
16 35
16 36
16 12
34 37
34 38
37 39
39 11
11 40
40 17
40 14
40 35
17 2
2 41
2 18
2 42
2 19
2 20
2 21
2 22
2 23
2 24
2 43
2 26
2 44
2 45
2 27
2 28
2 46
2 29
2 31
2 47
2 38
2 48
2 33
41 18
18 49
18 42
18 14
18 21
18 22
18 50
18 15
18 43
18 51
18 35
18 36
18 52
49 42
49 50
42 19
42 14
19 14
19 15
14 20
14 53
14 50
14 51
14 35
14 26
14 54
14 52
14 31
14 55
20 21
20 15
20 35
21 22
21 15
21 31
22 53
22 15
22 35
53 50
50 23
23 56
23 15
23 57
23 28
56 58
56 24
56 57
56 28
24 15
15 25
15 43
15 57
15 27
15 31
15 33
25 43
43 59
59 51
51 35
35 26
35 27
35 55
26 36
36 60
60 61
61 62
61 63
61 64
61 44
62 63
62 65
62 28
63 64
64 66
64 67
44 45
45 54
45 68
45 69
45 65
45 70
54 71
54 72
71 72
71 73
71 74
72 68
72 75
72 76
72 77
72 78
68 79
79 80
80 81
80 82
80 83
81 84
81 82
81 83
84 82
84 83
82 75
82 83
75 83
83 85
85 86
86 76
86 77
76 77
76 73
77 78
78 73
74 69
69 65
65 70
70 57
57 27
57 28
57 46
57 55
27 28
27 12
28 46
28 33
29 87
87 52
52 30
30 31
31 88
31 89
88 90
90 91
91 47
91 92
47 38
38 93
93 94
94 48
48 95
95 32
95 12
32 12
12 96
12 97
12 98
96 89
89 97
89 98
97 98
98 92
92 99
99 33
33 55
