0 1
1 2
2 3
3 4
4 5
5 6
5 7
5 8
5 9
5 10
5 11
5 12
6 13
13 7
13 14
13 15
7 16
7 17
7 18
7 19
7 20
7 21
7 22
7 23
7 24
7 25
7 26
7 15
7 27
7 28
16 14
14 29
14 17
14 30
14 31
14 18
14 25
14 15
14 32
14 33
14 34
14 11
14 35
29 8
8 36
8 17
8 37
8 38
8 39
8 18
8 25
8 40
8 26
8 27
8 41
8 9
8 42
8 43
8 44
8 32
8 28
8 45
8 46
8 47
8 33
8 48
8 49
8 50
36 51
36 52
36 9
36 33
51 17
51 18
51 45
17 30
17 9
17 33
30 53
30 54
30 19
30 15
53 37
53 9
53 33
37 55
37 31
37 56
37 38
37 57
55 58
58 59
58 38
58 57
59 60
60 61
61 31
31 54
31 56
31 15
54 56
56 38
38 62
38 9
38 33
62 63
62 57
57 39
39 18
39 33
18 64
18 65
18 40
18 15
18 9
18 46
18 33
64 66
64 65
64 67
64 68
64 33
66 69
66 68
69 65
69 68
69 9
65 67
65 68
67 68
67 52
67 33
68 19
68 52
19 20
19 21
19 22
19 24
19 70
19 26
19 71
19 72
19 15
20 21
20 32
21 22
21 15
22 73
22 74
22 52
22 32
73 23
73 24
73 74
73 27
73 52
73 28
23 52
24 52
70 75
70 48
75 25
25 40
25 15
25 52
25 9
25 28
25 46
25 33
40 26
40 48
26 9
26 32
26 28
26 33
71 74
71 52
74 72
74 52
74 28
72 15
72 52
15 76
15 32
15 33
15 11
76 77
77 78
77 27
27 52
27 46
52 41
41 79
41 9
41 46
41 33
79 9
9 42
9 32
9 45
9 80
9 33
9 49
42 43
42 33
42 49
43 44
44 32
32 81
32 82
32 28
32 33
81 83
83 84
84 85
84 46
85 86
86 82
86 48
82 87
82 28
87 28
28 88
88 89
88 90
89 48
90 45
45 46
45 47
45 33
46 91
46 33
91 47
47 80
80 33
33 34
33 49
33 92
33 50
34 48
48 49
49 92
92 93
93 94
94 95
94 11
95 96
96 10
96 50
10 97
10 12
97 11
11 98
98 35
35 12
12 50
50 99
