0 1
1 2
1 3
2 4
2 5
4 6
6 7
7 8
7 9
7 10
8 11
11 12
11 13
11 14
12 13
13 15
13 16
13 17
13 18
13 19
13 20
13 21
15 22
15 23
15 24
15 25
15 26
15 27
22 23
22 24
22 25
23 24
23 25
24 28
24 25
24 26
28 25
25 29
29 30
29 31
30 32
30 33
30 26
30 31
32 33
32 31
32 27
32 5
33 34
33 26
33 31
34 26
34 31
34 27
26 35
26 31
26 27
35 31
31 27
27 36
36 37
36 38
37 9
9 16
9 39
9 40
9 41
9 42
9 43
16 39
39 17
39 44
39 40
39 45
17 46
17 14
17 47
46 48
46 47
48 49
49 50
49 51
49 20
49 21
49 52
49 53
49 3
50 54
50 55
54 56
54 57
56 58
58 10
10 14
14 59
14 51
14 52
14 53
14 60
59 51
59 38
59 47
59 61
59 5
59 43
59 62
51 63
51 47
51 61
51 60
51 3
51 64
51 62
63 18
63 47
63 55
18 19
18 38
19 65
65 38
38 20
38 66
38 57
38 44
38 21
38 67
38 52
38 53
20 47
47 68
47 69
47 66
47 44
47 70
47 71
47 61
47 45
47 52
47 3
47 72
47 64
68 73
73 69
69 74
69 5
69 62
74 66
66 57
66 5
66 75
66 62
57 44
57 21
57 62
44 21
44 61
21 67
67 76
76 77
76 70
77 70
77 78
77 79
77 80
77 81
70 78
70 82
70 79
70 83
70 71
70 84
70 43
70 55
78 82
78 79
78 81
78 43
82 79
82 85
82 86
82 84
82 81
82 43
82 62
79 87
79 83
79 84
79 88
79 81
79 43
79 62
87 80
87 85
87 86
87 89
87 84
87 81
80 85
80 86
80 84
85 83
85 86
85 84
85 81
85 62
83 71
71 90
71 86
71 84
71 88
71 43
71 62
90 86
86 89
86 84
86 81
89 84
89 62
84 88
84 81
84 62
88 81
81 91
81 62
91 61
91 62
61 40
61 92
61 93
61 53
61 60
61 62
40 92
40 41
40 45
92 93
92 41
93 94
93 62
94 41
41 42
42 45
45 95
45 43
45 62
95 5
5 96
5 43
5 53
96 43
43 52
43 64
52 55
55 97
55 72
55 64
97 53
53 60
53 62
60 75
60 62
75 3
3 72
3 62
72 64
64 98
98 62
62 99
