0 1
0 2
0 3
1 2
1 4
1 5
2 6
2 7
2 8
2 9
2 10
2 11
2 12
2 13
2 14
2 15
2 16
2 17
2 18
2 19
2 20
2 21
2 5
6 7
7 8
8 9
8 22
8 23
8 21
9 24
9 25
9 26
9 22
9 23
24 27
27 28
28 29
29 25
29 21
25 30
25 31
25 4
25 32
25 21
25 5
30 33
33 34
33 17
33 5
34 35
35 36
35 37
36 38
36 39
38 39
38 37
39 40
39 37
39 41
40 37
37 41
41 42
42 43
43 10
10 11
10 26
10 21
11 26
26 44
26 12
26 45
26 14
26 46
26 47
26 48
26 49
26 50
26 17
26 19
26 51
26 20
26 5
44 52
44 21
52 53
52 54
53 55
53 3
53 21
55 56
55 57
55 58
56 57
57 12
12 59
12 21
12 5
59 22
22 31
31 60
31 3
31 23
31 21
60 61
61 62
61 21
62 4
4 63
63 64
64 65
65 66
66 58
66 3
58 67
67 68
67 13
68 69
69 13
13 70
13 23
70 45
45 3
45 19
3 71
3 47
3 72
3 48
3 49
3 19
3 73
3 54
71 23
23 74
23 21
23 5
74 75
75 32
32 14
14 15
14 76
14 21
15 76
15 21
76 77
77 46
46 78
46 19
46 21
78 47
78 54
47 72
47 19
47 21
72 48
72 73
48 49
49 79
49 50
49 16
50 16
16 17
16 21
17 18
17 21
18 19
19 73
19 54
73 54
54 80
54 81
80 82
80 81
82 81
81 83
83 84
83 85
84 86
86 51
51 87
51 85
87 85
85 20
20 88
88 89
89 90
90 91
91 92
92 93
92 94
93 94
94 95
95 96
96 97
97 98
98 99
99 21
21 5
