0 1
1 2
2 3
3 4
4 5
4 6
4 7
4 8
4 9
4 10
4 11
4 12
4 13
4 14
5 6
6 15
15 16
16 17
16 7
17 7
7 8
7 10
7 18
7 13
8 9
9 10
10 19
10 12
19 20
19 21
19 14
20 22
22 23
23 18
23 24
18 25
25 26
26 27
26 28
26 13
27 28
28 29
28 30
28 31
28 32
28 33
28 34
29 35
29 31
29 36
35 37
35 38
35 39
35 40
37 38
37 31
37 36
37 40
38 41
38 30
38 42
41 30
30 43
30 42
30 36
43 44
44 45
44 46
45 46
45 42
46 47
46 42
47 42
42 21
21 48
21 36
48 49
49 24
49 31
24 11
11 12
12 13
13 50
50 51
51 52
51 31
52 53
53 54
53 39
54 39
54 31
39 55
39 56
39 57
39 58
39 59
39 60
39 36
39 61
55 62
55 40
62 63
62 64
63 65
63 31
63 36
65 56
65 57
65 60
65 64
65 36
65 66
65 61
56 67
56 36
67 57
57 58
57 31
57 36
58 68
58 59
58 31
58 36
58 34
68 31
68 69
59 31
59 70
59 36
31 71
31 72
31 64
71 70
71 73
71 74
71 33
71 75
71 34
70 76
76 69
69 72
69 36
72 60
72 64
60 77
60 36
77 78
77 64
78 79
79 64
64 36
64 66
64 73
36 66
36 33
36 80
66 32
66 73
66 34
73 74
74 33
33 75
33 34
75 61
75 34
61 34
61 80
34 80
80 40
40 81
81 14
81 82
81 83
81 84
14 85
14 86
14 82
14 87
14 88
85 86
86 82
82 87
82 89
82 90
82 91
82 92
87 89
89 90
90 83
83 93
83 94
83 95
83 96
83 84
83 97
83 92
93 94
93 97
93 92
93 98
93 99
94 95
95 96
95 84
95 97
95 92
96 84
84 91
84 92
91 88
91 92
88 97
88 92
97 92
97 99
92 98
98 99
