0 1
1 2
1 3
1 4
1 5
1 6
1 7
1 8
2 9
2 3
9 10
9 3
9 11
9 12
9 13
10 3
3 14
3 8
14 4
4 15
15 11
15 16
11 16
16 17
16 18
16 19
17 20
20 21
21 22
22 23
23 24
24 5
5 18
18 25
25 6
6 26
26 27
27 28
28 29
28 30
28 31
29 7
7 30
30 31
31 19
19 8
19 32
8 33
33 34
34 35
35 36
36 37
36 38
37 39
37 40
39 41
39 38
41 42
42 43
42 44
43 45
43 44
45 46
45 47
46 47
46 48
46 49
47 48
47 38
47 44
48 32
32 40
32 38
32 44
40 38
40 44
38 50
50 44
44 51
51 52
52 53
53 54
54 55
54 56
55 56
56 49
49 57
57 58
58 59
59 12
12 60
13 61
61 62
62 63
62 64
63 65
63 66
63 67
63 68
63 69
63 70
65 71
65 69
71 72
71 64
71 73
71 60
71 69
71 74
71 75
71 76
71 77
72 64
72 77
64 78
64 67
64 73
64 69
64 75
64 76
78 66
78 69
78 75
66 67
66 79
67 73
67 69
67 70
67 74
67 75
67 76
67 77
73 80
73 60
73 77
80 81
80 82
80 68
80 83
80 84
80 85
80 86
80 60
80 87
80 88
80 79
81 82
81 86
81 60
82 68
82 60
68 89
68 86
68 60
68 88
89 90
89 83
83 84
83 86
84 85
84 86
84 60
84 91
84 92
85 86
85 60
86 93
86 87
93 60
60 91
60 88
60 92
60 79
91 94
94 95
95 87
87 96
96 88
88 92
92 79
79 97
79 75
97 98
97 69
98 99
99 69
69 70
69 75
70 74
74 75
75 76
76 77
