0 1
0 2
0 3
0 4
1 2
1 5
1 6
1 3
1 7
1 8
1 9
2 5
5 6
6 10
6 3
10 11
10 3
11 3
3 12
3 13
3 14
3 15
3 9
3 16
3 17
3 18
3 19
12 20
12 21
20 22
22 23
23 24
23 8
23 9
24 25
25 26
26 7
26 9
26 27
7 13
7 28
7 29
7 30
7 31
13 21
13 32
13 8
21 33
21 14
21 34
21 35
21 30
33 14
14 32
14 30
32 36
32 34
32 27
32 37
36 34
34 38
34 30
38 39
39 40
40 41
40 42
40 43
41 44
41 27
44 45
44 16
44 46
44 31
45 47
47 15
47 48
15 4
4 49
4 48
49 50
50 8
8 51
8 52
8 53
8 54
8 55
8 56
8 17
8 57
51 58
58 52
52 59
52 54
52 9
52 57
59 60
59 9
59 61
60 53
53 54
53 61
54 62
54 9
54 35
54 61
54 57
62 55
55 56
55 42
56 63
56 64
63 65
63 35
65 64
64 66
66 67
66 9
67 9
67 35
9 68
9 69
9 17
9 70
9 46
9 71
68 72
72 69
69 28
28 29
28 73
29 74
74 75
75 16
16 27
27 17
17 35
35 76
35 71
76 18
18 30
30 70
30 77
70 78
70 79
78 80
78 79
78 81
80 79
80 81
80 82
79 82
79 57
81 82
82 48
48 19
19 46
46 83
83 84
84 85
85 86
86 77
77 87
77 57
87 88
88 89
89 90
90 91
91 61
61 92
92 73
73 31
31 93
93 42
42 94
42 95
94 95
95 96
95 37
96 37
37 43
43 97
97 71
71 98
98 57
57 99
