0 1
1 2
1 3
1 4
1 5
1 6
1 7
2 3
2 8
3 4
3 5
3 6
4 5
5 9
5 6
9 10
10 11
11 12
12 13
13 14
13 8
14 15
15 6
6 7
7 8
8 16
8 17
8 18
18 19
19 20
19 21
19 22
19 23
19 24
19 25
19 26
19 27
20 28
21 29
29 30
30 31
31 32
31 33
32 34
32 35
32 36
32 37
32 38
32 39
32 22
32 40
32 25
32 41
32 26
32 42
32 43
32 44
34 45
34 46
45 47
47 48
47 28
47 49
47 50
47 46
48 51
48 52
48 49
48 53
48 26
48 54
51 55
55 35
55 22
55 25
55 26
55 54
35 36
35 56
35 25
35 46
36 37
37 57
57 38
57 56
57 25
38 58
38 56
58 56
56 39
56 59
39 59
59 22
22 60
22 25
22 28
22 46
60 61
61 62
62 23
62 26
23 63
23 28
23 46
23 64
63 65
63 28
65 66
66 67
67 40
40 68
68 24
24 25
24 69
25 70
25 46
70 28
70 33
28 71
28 52
28 41
28 49
28 72
28 73
28 53
28 26
28 74
28 27
28 75
28 76
28 54
28 43
71 52
71 46
52 77
52 41
52 78
52 49
52 53
52 26
52 27
52 64
52 54
52 43
52 79
52 80
52 81
52 82
77 49
77 50
77 80
41 78
41 50
41 69
41 80
78 49
78 64
78 54
78 69
78 80
78 81
49 83
49 72
49 50
49 53
49 26
49 46
49 76
49 54
49 43
49 69
83 84
83 50
83 54
83 81
84 72
84 50
84 81
84 33
72 50
72 46
72 54
72 81
50 73
50 46
50 85
50 43
50 80
50 81
73 53
73 64
53 86
53 26
53 75
53 64
53 54
86 26
86 46
86 54
86 33
26 74
26 27
26 85
26 54
26 43
26 80
74 46
46 42
46 27
46 75
46 76
46 85
46 43
46 82
42 27
42 87
42 54
42 33
27 88
27 87
88 87
87 75
87 85
87 43
87 82
87 33
75 64
75 54
75 33
64 89
64 81
64 33
89 76
76 90
90 85
85 54
54 43
43 69
43 81
43 33
69 91
91 92
92 44
92 93
44 94
44 33
94 93
93 95
95 96
95 97
96 97
97 79
79 80
79 33
80 98
80 81
98 81
81 82
82 33
33 99
