0 1
0 2
0 3
1 4
1 5
4 6
4 2
4 3
6 5
5 7
5 2
5 8
7 9
7 2
9 10
10 2
2 11
11 12
12 13
13 14
13 3
14 15
14 3
15 16
16 17
17 18
18 19
19 20
19 3
20 21
20 22
20 8
21 23
23 22
22 8
22 24
22 25
22 26
8 27
8 28
8 29
8 30
8 31
8 32
27 33
27 34
27 35
27 36
27 37
33 38
33 39
33 40
38 41
41 39
41 40
39 42
42 34
42 36
42 43
34 44
34 45
34 46
34 47
34 36
34 40
34 43
44 48
44 36
48 45
48 47
48 40
48 49
45 50
50 51
50 24
50 25
51 24
24 46
24 37
24 52
46 35
46 28
46 36
35 47
35 40
47 53
53 54
54 55
54 56
54 31
55 57
57 28
28 58
28 37
58 36
36 59
36 40
36 43
36 60
36 31
59 61
61 40
40 49
49 43
43 62
62 63
63 64
63 65
64 60
60 65
65 66
65 67
66 68
66 67
66 3
68 67
67 69
69 37
37 70
70 71
70 31
71 72
71 52
71 29
71 32
72 56
72 31
56 52
56 73
56 32
52 29
52 25
52 31
52 3
29 25
29 31
29 74
29 3
25 75
25 31
25 76
75 77
75 74
77 78
78 79
79 30
30 26
30 3
26 73
73 31
31 32
31 76
31 3
32 80
80 76
76 81
81 82
81 83
81 84
81 3
81 85
81 86
81 87
82 83
83 88
88 89
88 90
89 90
90 91
91 92
92 93
93 94
94 95
94 86
95 74
74 84
74 96
84 96
96 3
3 85
85 97
85 86
85 98
97 86
97 99
86 87
87 98
98 99
