0 1
1 2
1 3
1 4
1 5
2 6
6 7
6 8
6 9
6 10
6 11
7 8
7 9
8 12
8 9
8 13
12 14
14 15
14 16
15 17
15 9
17 18
18 9
9 3
9 19
9 11
9 20
3 21
21 10
10 22
22 19
19 23
23 24
23 11
24 25
24 4
25 26
26 27
26 28
27 29
29 28
28 30
30 31
31 32
32 33
32 34
33 16
16 4
16 35
16 36
16 37
16 38
16 39
16 40
16 41
16 42
16 43
16 34
16 44
4 45
45 46
46 47
46 35
47 35
35 13
35 5
35 48
13 49
49 50
49 51
50 51
51 52
52 5
52 53
52 42
5 54
54 48
48 36
36 37
36 53
36 42
37 38
38 55
38 56
55 57
55 11
55 58
57 59
57 60
57 61
57 62
57 63
57 64
57 65
57 58
57 66
57 67
59 68
68 60
68 69
68 11
68 70
68 64
68 71
68 66
68 72
68 67
68 73
68 20
60 74
60 61
60 56
60 11
74 75
74 61
75 76
75 11
76 61
61 62
61 64
61 58
61 77
61 78
62 79
62 64
79 63
79 80
63 81
63 11
63 82
63 65
63 58
81 56
56 83
56 11
56 64
56 67
83 69
69 11
11 82
11 70
11 65
11 84
11 58
11 66
11 85
11 86
11 67
11 20
82 70
82 64
82 87
82 84
82 77
82 78
70 64
70 88
70 89
70 71
70 84
70 78
64 88
64 89
64 71
64 84
64 90
64 91
64 78
88 89
88 78
89 87
89 71
89 91
87 71
87 90
87 78
71 65
71 84
71 91
71 78
71 67
65 84
65 78
84 58
84 66
58 77
77 66
77 78
66 90
66 91
90 91
91 85
91 78
85 86
86 72
72 78
78 67
67 73
73 20
20 92
20 93
92 94
92 34
94 39
39 95
39 53
95 80
80 40
40 93
93 41
93 96
41 53
41 42
53 97
53 42
53 98
53 44
97 42
42 98
42 96
42 44
42 99
98 96
96 43
43 34
34 44
44 99
