0 1
1 2
1 3
2 3
2 4
3 5
5 6
6 7
7 8
7 9
7 10
7 11
7 12
7 13
7 14
7 15
7 16
7 17
8 18
8 10
18 19
18 20
18 16
19 21
19 22
19 23
21 24
21 25
21 16
24 26
26 27
26 22
26 23
27 28
27 25
28 29
28 16
29 30
29 31
30 20
30 16
20 32
20 25
20 23
32 25
32 23
25 22
25 33
22 23
23 31
23 33
23 34
23 4
23 35
23 16
23 36
31 37
31 34
31 35
31 38
31 16
37 33
37 4
37 16
33 39
33 4
33 16
39 9
39 12
39 13
39 16
39 17
9 10
9 12
9 40
9 13
10 11
10 12
10 41
10 13
10 16
11 42
11 12
11 34
11 13
11 16
42 12
42 16
42 43
42 44
12 45
12 46
12 13
12 16
45 34
45 16
34 47
34 41
34 46
47 48
47 16
48 41
41 46
41 13
41 16
46 40
46 13
46 15
46 16
46 17
40 4
13 14
13 15
13 4
13 16
13 49
13 17
14 50
14 16
14 17
50 51
50 16
50 49
50 52
51 53
51 4
51 54
51 55
51 56
53 57
53 4
53 17
57 58
58 15
58 4
58 17
15 59
15 16
15 36
15 60
59 61
59 38
59 16
61 62
61 63
61 64
61 65
62 4
62 16
62 66
4 54
4 49
4 67
4 56
4 60
55 68
68 69
69 70
70 71
71 72
72 73
73 74
74 75
74 76
75 77
75 49
75 17
77 78
78 79
78 17
79 80
80 63
63 35
35 81
35 82
35 38
35 76
81 82
82 83
83 38
83 16
83 66
38 84
38 85
38 66
84 85
85 16
16 86
16 87
16 76
16 49
16 67
16 88
16 56
16 52
16 60
16 17
16 43
16 89
16 90
86 91
91 92
91 93
91 76
91 94
91 90
93 87
93 94
87 76
87 94
76 94
94 49
49 67
49 36
49 52
67 88
88 36
36 56
36 52
56 52
56 95
52 64
64 65
65 66
66 60
66 43
60 17
60 96
17 43
43 44
44 89
89 95
95 90
90 96
96 97
96 98
96 99
