0 1
1 2
1 3
1 4
1 5
1 6
1 7
1 8
1 9
1 10
1 11
1 12
1 13
1 14
12 15
15 16
15 17
15 18
15 19
15 20
15 21
15 22
16 23
16 24
16 19
16 25
16 26
16 27
16 28
16 22
23 29
23 30
23 31
23 32
23 24
23 19
23 25
23 26
23 33
23 34
23 35
23 36
23 37
23 27
23 38
23 39
23 28
23 22
23 40
23 41
23 42
29 17
17 43
17 44
17 45
17 31
17 37
43 44
43 46
44 18
18 45
18 47
18 48
18 49
18 34
45 50
45 35
50 51
50 21
50 27
51 52
52 53
53 54
54 55
54 47
54 46
54 56
55 47
55 46
55 56
47 30
47 20
47 46
30 31
30 24
30 19
30 25
30 26
30 20
30 49
30 34
30 35
30 36
30 28
30 41
30 42
31 32
31 24
31 26
31 35
31 27
31 38
31 41
32 24
32 19
32 26
32 21
32 35
32 36
32 27
32 28
32 22
32 42
24 33
24 36
24 38
24 39
19 25
19 49
19 35
19 27
19 28
19 22
19 42
25 26
25 33
25 34
25 35
25 27
25 39
25 22
25 41
26 33
26 20
26 36
26 39
26 22
26 41
26 42
33 57
33 49
33 34
33 35
33 42
57 20
57 49
57 21
57 46
20 48
20 49
20 28
20 46
48 49
48 34
49 21
49 34
49 28
49 41
49 46
21 34
21 35
21 28
21 46
21 56
21 14
34 35
34 39
34 46
35 36
35 39
35 58
35 28
35 22
35 41
35 42
36 37
36 39
36 28
36 41
36 42
37 27
37 56
27 38
27 39
27 58
27 28
27 41
38 39
38 58
38 41
39 58
39 28
39 22
39 42
58 28
58 46
28 22
28 41
22 40
22 42
40 41
41 42
41 46
42 59
59 60
60 13
60 46
13 61
61 62
62 63
62 56
63 64
64 46
46 65
46 66
65 67
67 68
67 69
67 70
68 71
71 69
71 70
71 72
71 73
71 74
69 70
70 72
70 73
70 75
72 73
73 74
74 75
75 76
76 77
77 78
77 79
78 56
56 66
56 80
56 81
66 82
82 14
14 79
79 83
79 84
79 85
83 86
86 84
86 85
84 87
84 88
84 89
84 90
84 91
87 92
92 88
88 89
89 90
89 85
90 93
90 85
93 94
94 95
95 96
96 97
97 85
85 98
98 99
99 80
99 91
80 81
81 91
