0 1
1 2
1 3
1 4
1 5
1 6
1 7
2 8
2 9
2 7
8 10
8 11
8 12
8 13
10 14
10 11
10 15
10 16
10 17
10 18
10 19
14 11
11 20
11 21
11 22
20 23
23 15
15 24
15 25
15 26
15 27
15 28
15 29
15 21
15 30
24 25
25 26
25 29
26 12
27 28
27 21
28 29
29 21
21 30
21 31
31 9
9 32
9 33
9 3
9 4
9 34
9 35
9 36
9 37
9 38
9 39
9 19
9 40
32 41
41 42
41 43
41 44
41 45
41 34
41 35
42 46
42 43
42 47
42 44
42 45
42 48
42 49
42 35
46 50
46 51
46 52
50 53
50 54
50 52
53 55
53 56
53 43
53 33
53 57
53 47
53 58
53 59
53 49
53 52
53 60
53 34
53 61
53 35
53 62
55 56
55 44
55 52
56 43
56 44
43 33
43 47
43 44
43 58
43 45
43 48
43 49
43 4
43 60
43 61
43 35
33 57
33 59
33 52
57 47
57 45
57 35
47 63
47 44
47 60
47 61
47 35
63 44
63 52
44 3
44 45
44 48
44 59
44 49
44 64
44 4
44 60
44 34
44 61
44 35
44 62
3 51
3 7
51 58
45 48
45 49
45 52
45 60
48 59
48 60
48 35
59 49
59 60
59 35
49 64
49 52
49 60
49 35
64 54
64 52
54 65
65 52
52 4
52 60
52 35
4 60
4 7
60 34
60 61
60 35
60 66
34 61
34 35
34 7
61 35
35 62
62 66
62 16
16 67
16 17
16 68
16 39
16 69
16 70
16 12
16 7
67 17
17 71
17 39
71 72
72 73
72 74
72 75
72 76
72 77
72 18
73 74
73 77
73 13
74 75
74 77
74 12
74 13
75 76
75 77
75 18
75 12
76 77
76 12
76 13
77 18
77 12
18 78
18 12
18 7
78 79
78 80
78 81
78 82
78 83
78 68
78 38
79 80
79 68
80 81
80 68
81 36
36 37
36 82
36 7
37 5
37 82
5 82
82 83
82 68
83 68
68 38
68 7
38 39
38 84
39 69
39 85
69 86
69 84
86 85
85 22
85 12
22 87
87 88
88 70
70 89
70 12
89 90
89 12
89 13
89 7
90 12
12 91
91 92
92 93
93 6
6 94
6 84
94 95
95 96
95 84
96 97
97 84
84 98
84 19
19 13
19 7
13 99
13 40
40 7
