0 1
1 2
2 3
3 4
4 5
5 6
5 7
5 8
6 9
6 10
6 11
6 8
6 12
9 10
10 13
10 8
13 11
13 7
11 7
11 14
11 8
11 15
7 16
7 14
7 17
7 18
7 19
7 20
7 21
7 22
7 23
7 24
16 14
16 8
14 25
14 26
14 20
14 27
14 21
14 22
14 15
14 28
25 29
25 30
25 31
29 32
29 33
29 17
32 8
32 34
8 35
8 26
8 19
8 36
8 20
8 31
8 15
8 37
35 38
35 31
38 39
39 33
33 40
33 41
33 30
33 31
40 42
40 43
42 41
42 30
41 30
30 17
30 12
30 31
17 26
17 12
17 31
26 44
26 45
26 46
26 31
44 47
44 31
47 48
47 49
47 50
47 51
47 52
48 53
48 54
48 55
48 56
48 18
48 57
48 58
48 59
53 60
53 54
53 49
53 56
53 18
53 52
53 57
53 12
60 61
60 54
60 55
60 49
60 56
60 52
60 19
60 62
60 45
60 12
61 54
61 55
61 18
61 52
61 58
61 62
54 55
54 63
54 56
54 52
55 49
55 50
49 63
49 56
49 18
49 58
49 62
49 12
49 31
63 50
50 64
50 56
50 52
50 62
50 12
64 56
56 65
56 18
56 52
56 57
56 58
56 19
56 59
56 66
56 45
56 12
65 18
65 58
65 12
65 31
18 67
18 57
18 58
18 19
18 66
18 45
18 12
67 68
67 52
67 58
67 12
68 69
68 58
69 70
69 52
69 58
69 12
70 43
70 52
70 58
43 51
43 71
51 71
51 52
51 62
71 52
71 57
71 58
71 12
52 72
52 66
52 62
72 57
57 73
57 58
57 19
57 66
73 58
73 59
73 31
58 19
58 66
19 59
19 62
19 12
59 66
66 62
66 12
62 45
45 36
45 12
45 31
36 20
36 31
20 34
20 12
20 31
34 74
34 75
74 76
76 46
76 31
46 77
46 12
77 27
77 12
27 78
27 12
78 79
78 12
79 80
80 81
81 82
82 21
21 22
22 83
83 84
84 85
85 23
23 86
23 12
86 24
86 12
24 87
24 12
24 31
87 12
12 88
12 75
88 31
31 89
89 90
90 91
91 15
15 37
37 92
92 93
93 94
94 95
94 96
95 96
96 97
97 98
98 99
99 75
75 28
