0 1
0 2
0 3
0 4
1 5
1 6
1 7
1 8
1 9
1 10
1 3
1 11
1 12
1 13
1 4
5 6
5 14
5 15
5 13
5 16
5 4
6 17
6 18
6 19
6 20
6 14
6 21
6 22
6 16
18 2
2 7
2 19
2 23
2 3
2 11
7 24
7 25
24 8
24 26
24 27
24 4
8 28
26 28
28 19
28 10
28 3
19 23
19 14
23 9
23 10
23 21
23 3
23 4
9 29
9 4
29 20
20 30
20 14
30 31
30 32
31 33
33 32
33 34
33 25
32 34
34 25
25 35
35 10
10 14
10 3
10 4
14 21
21 3
3 11
3 13
3 16
11 36
36 37
37 15
37 13
37 16
15 38
15 39
15 40
15 41
15 4
38 42
38 16
38 4
42 43
42 39
42 4
43 27
27 44
27 39
27 45
27 46
27 47
44 48
44 49
48 50
48 49
50 49
49 51
49 39
49 22
49 52
49 53
51 4
39 54
39 16
39 4
54 40
54 55
40 56
56 57
57 58
57 59
58 59
58 60
58 4
59 61
59 62
59 63
59 64
61 62
61 64
62 60
62 64
60 63
60 65
60 66
60 64
63 65
63 55
63 64
65 66
66 67
67 68
68 69
69 70
70 55
70 4
55 71
71 12
71 13
12 72
12 41
72 73
72 41
73 64
64 41
41 22
22 74
22 16
22 75
74 13
74 76
74 4
13 77
13 76
13 4
77 16
16 78
16 75
16 79
16 53
16 80
16 46
16 81
16 4
78 45
45 75
75 82
75 83
75 84
75 4
82 83
82 79
83 79
79 52
52 85
85 53
53 86
86 80
86 4
80 84
80 4
84 46
46 87
87 81
81 88
88 76
76 4
4 89
89 47
47 90
90 91
91 92
92 93
93 94
94 95
95 96
96 97
96 98
97 98
98 99
