0 1
0 2
0 3
0 4
0 5
0 6
1 7
1 3
7 8
7 4
7 9
8 2
8 10
8 11
8 12
2 13
2 14
2 15
2 4
2 10
2 16
2 6
2 17
2 9
13 14
13 4
13 16
13 17
13 18
13 19
14 20
20 21
20 9
21 15
21 3
21 4
21 6
21 9
15 22
15 4
15 23
15 10
15 16
15 6
22 3
22 4
22 6
22 9
3 24
3 4
3 23
3 10
3 16
3 25
3 26
3 27
3 28
3 11
3 29
3 30
3 31
3 17
3 32
3 33
3 34
3 35
3 9
3 12
3 36
3 37
24 4
24 38
4 23
4 39
4 10
4 16
4 25
4 40
4 41
4 6
4 31
4 17
4 32
4 37
4 42
23 43
23 6
23 17
23 9
43 39
43 9
43 44
39 10
39 16
39 9
39 44
10 16
10 6
10 17
16 45
16 9
16 38
16 44
45 25
25 5
25 40
25 41
25 6
25 9
5 26
5 9
5 44
26 46
26 47
46 40
46 41
46 19
40 48
40 28
40 49
40 31
40 18
40 50
48 27
48 51
48 12
27 52
27 51
27 53
27 54
52 41
41 55
41 56
41 49
41 30
41 33
41 34
41 57
41 18
41 50
41 58
41 19
41 59
41 38
41 60
55 61
55 28
55 6
55 62
55 12
61 28
61 62
28 63
28 12
63 56
56 11
11 49
49 64
49 6
64 29
29 6
30 6
30 9
30 19
6 65
6 31
6 66
6 35
6 67
6 19
6 68
6 36
31 17
31 19
17 69
17 57
17 12
69 70
69 9
70 32
70 12
32 71
71 72
72 66
66 33
66 9
33 34
34 73
34 62
73 62
62 74
62 75
74 51
74 54
51 76
51 54
76 53
53 54
54 77
77 35
35 78
78 79
79 80
80 75
75 81
75 67
81 67
67 82
82 9
9 57
9 12
9 83
9 84
9 68
9 85
9 37
9 44
57 86
57 12
86 87
86 12
86 88
87 12
12 89
89 18
18 50
50 90
50 19
90 58
58 19
19 47
19 91
19 83
19 59
47 92
47 38
92 91
91 83
83 93
93 59
59 88
88 94
94 95
95 84
84 38
38 96
38 68
38 60
38 85
96 68
68 60
68 44
60 97
60 44
97 98
98 36
36 85
85 37
37 44
44 42
42 99
