0 1
0 2
1 3
3 4
3 5
3 6
3 7
3 8
3 9
3 2
3 10
4 11
4 2
11 12
11 13
11 14
12 13
12 15
12 14
12 8
12 9
13 15
15 14
14 16
14 8
14 9
16 17
16 18
16 9
17 19
19 18
18 20
18 21
18 22
18 23
18 10
21 24
24 25
24 26
25 26
26 27
27 28
28 29
29 30
30 22
22 31
22 32
22 7
22 9
31 32
32 23
32 9
32 33
32 10
23 34
23 35
34 35
35 36
36 37
36 38
37 39
39 40
40 41
40 42
41 42
42 38
38 43
43 44
44 45
45 46
46 47
46 48
47 48
47 49
48 50
48 51
48 8
50 52
50 51
50 8
52 51
51 53
53 5
5 54
54 55
55 56
55 49
56 6
6 7
7 57
7 8
7 33
7 58
7 2
7 10
57 8
8 9
8 59
8 60
9 61
61 62
62 63
63 64
64 33
33 65
65 49
49 66
66 67
67 68
67 69
67 70
67 58
68 71
71 69
71 72
69 72
72 73
73 70
73 58
70 58
58 2
2 74
2 75
74 76
76 77
76 59
60 10
10 78
78 79
79 80
79 81
79 82
82 83
83 84
84 85
85 86
86 87
87 88
88 89
89 90
90 91
91 92
92 93
92 94
93 95
95 94
94 96
96 75
75 97
75 98
97 99
97 98
99 98
