0 1
1 2
1 3
2 4
4 5
4 6
4 7
4 3
4 8
5 9
5 6
9 10
9 11
10 6
6 12
6 3
12 11
12 13
12 14
11 15
15 13
13 7
13 3
7 16
7 8
16 17
17 18
18 3
3 8
8 19
8 20
19 21
21 22
21 23
22 23
23 24
23 25
24 25
25 26
26 27
27 28
27 29
28 30
30 31
31 32
32 33
33 34
34 35
35 36
35 37
35 38
35 20
36 39
36 20
39 40
39 41
39 42
39 43
40 44
44 45
45 46
46 47
47 48
48 49
49 50
49 51
50 52
50 51
50 53
50 54
50 14
50 55
52 51
51 53
53 56
56 54
54 57
54 58
54 20
57 59
59 58
59 60
58 61
58 62
58 63
58 60
61 29
61 64
29 65
29 41
29 66
29 64
29 55
65 37
37 67
37 38
37 68
67 69
67 70
67 20
69 71
69 41
69 42
69 20
71 70
71 72
70 41
41 42
41 38
41 20
41 68
42 38
38 73
38 20
38 74
73 75
75 76
76 72
72 66
66 64
64 77
64 78
77 79
79 80
80 78
78 81
81 82
82 14
14 20
20 74
20 68
20 83
20 84
74 85
74 43
85 43
43 86
86 87
87 55
55 88
55 89
88 90
90 91
90 92
91 89
91 92
89 93
93 92
92 68
68 83
83 94
83 60
94 95
95 62
62 96
96 63
96 84
63 84
84 60
60 97
97 98
98 99
