0 1
1 2
1 3
3 4
3 5
3 6
3 7
3 8
3 9
4 10
4 11
10 12
10 13
10 14
10 15
10 16
12 17
12 18
17 19
17 20
19 21
19 22
21 23
21 24
23 25
25 26
26 27
26 28
27 29
27 30
27 31
29 32
32 33
33 34
34 13
34 31
13 35
35 36
36 30
30 31
31 37
37 38
37 39
38 40
38 41
40 42
42 43
43 44
44 45
44 22
45 46
45 47
47 48
48 49
48 15
48 22
48 20
48 50
49 14
49 51
14 52
52 53
53 51
51 5
51 54
51 55
51 15
51 56
51 57
51 58
51 59
51 9
51 11
5 60
5 54
5 15
5 57
5 61
5 11
60 54
60 57
54 55
54 15
54 57
54 61
54 59
54 9
55 15
55 57
15 62
15 22
15 63
15 57
15 58
15 64
15 65
15 61
15 11
62 22
62 20
62 57
22 66
22 20
22 67
22 57
22 68
22 24
66 20
20 67
67 39
39 16
39 69
16 70
16 71
16 56
70 6
70 56
70 57
70 11
6 71
6 56
6 41
71 72
72 56
56 63
56 57
63 57
57 58
57 73
57 61
57 59
58 74
74 69
69 75
69 9
75 7
7 76
76 8
8 64
64 77
64 73
64 78
77 50
50 79
79 80
80 81
81 18
18 73
73 82
82 83
83 84
83 78
84 78
78 28
28 85
85 41
41 86
41 9
41 87
86 88
86 24
88 89
88 90
88 91
88 24
89 92
89 24
92 92
92 90
90 93
93 68
68 94
68 24
94 65
65 91
91 24
24 95
95 96
96 61
61 59
59 97
97 98
97 9
9 99
9 11
99 87
99 11
