0 1
0 2
1 3
1 4
1 5
1 6
1 7
1 8
1 9
1 10
1 11
1 12
1 13
1 14
1 15
1 16
1 17
1 18
3 19
3 4
3 20
3 21
3 22
3 23
19 24
19 25
19 26
19 27
19 28
19 5
19 29
19 30
19 10
19 31
19 32
19 14
24 4
24 14
4 33
4 34
4 26
4 27
4 5
4 11
4 12
4 13
4 14
4 17
33 35
33 36
33 22
35 37
35 38
35 9
35 10
37 20
37 21
37 22
20 38
20 21
20 39
20 32
20 13
20 40
20 2
20 41
20 42
20 43
20 44
20 23
38 36
38 21
38 2
38 42
38 22
36 45
36 21
36 46
36 8
36 47
36 48
36 32
36 13
36 14
36 49
36 40
36 50
36 51
36 15
36 41
36 43
36 23
36 52
36 53
36 54
36 55
45 21
21 46
21 56
21 34
21 7
21 8
21 57
21 47
21 48
21 13
21 58
21 59
21 49
21 40
21 50
21 15
21 60
21 42
21 43
21 17
21 23
21 52
21 53
21 61
21 54
21 55
46 25
46 22
25 62
25 63
25 27
25 28
25 5
25 30
25 10
25 64
25 65
25 11
25 66
25 67
25 68
25 31
25 57
25 12
25 69
25 59
25 15
25 16
25 70
25 71
25 22
25 55
62 72
62 22
72 63
63 56
56 34
56 26
56 28
56 14
56 51
34 26
26 27
27 28
27 5
27 29
27 30
28 5
28 73
5 29
5 74
29 6
29 14
6 75
75 76
76 77
77 7
7 8
7 22
8 78
8 79
8 48
8 22
78 79
78 23
79 30
30 9
30 14
30 58
9 10
10 73
10 65
73 64
73 65
64 80
64 65
80 65
80 81
65 81
65 22
81 74
74 11
74 12
74 16
74 82
11 83
11 16
11 22
83 84
83 66
83 67
83 31
83 12
83 69
84 66
84 12
84 69
84 85
66 67
66 12
66 69
66 22
67 68
67 57
67 12
67 69
67 22
67 86
68 31
68 57
68 12
68 69
68 14
68 58
68 22
68 86
31 57
31 12
31 14
31 22
31 86
57 12
57 69
57 86
12 47
12 69
12 85
12 16
12 22
47 69
47 48
47 87
47 23
69 85
69 22
85 48
48 39
48 32
48 14
48 49
48 40
48 2
48 88
48 44
48 23
48 52
48 53
48 54
48 55
39 89
39 90
39 2
39 42
89 32
89 91
89 88
89 23
32 51
32 90
32 22
13 14
13 22
13 23
13 54
14 58
14 40
14 90
14 15
14 22
14 82
14 87
14 53
14 61
14 55
58 92
58 50
92 59
59 49
49 40
40 50
40 90
40 2
40 87
40 23
50 51
50 90
51 93
51 90
51 23
93 90
93 87
90 15
15 2
15 22
2 60
2 22
2 23
2 61
2 54
60 94
60 22
94 95
94 42
94 22
95 16
16 70
70 96
70 22
96 71
71 97
97 98
97 41
41 42
42 43
42 22
43 22
43 23
22 17
22 82
22 23
17 91
91 82
91 18
82 86
18 87
87 88
87 44
87 55
88 86
86 44
44 99
99 23
23 52
53 61
53 54
61 54
54 55
