0 1
0 2
1 3
1 4
3 5
3 6
3 4
5 7
5 4
5 8
5 2
7 9
9 10
9 11
10 11
11 12
11 6
12 13
13 14
14 15
15 6
6 16
6 17
6 18
6 19
6 20
6 21
6 8
6 22
6 2
6 23
6 24
6 25
6 26
6 27
16 28
16 17
28 29
28 19
29 17
17 30
17 18
17 19
30 31
30 19
31 18
18 32
18 19
18 33
18 21
18 4
18 2
18 34
18 24
32 35
35 36
35 19
35 37
35 38
36 19
19 37
19 38
19 2
19 39
19 40
37 38
37 2
38 41
38 20
38 34
41 33
33 20
33 4
33 24
20 21
20 24
20 42
21 4
21 24
4 8
4 2
4 26
4 43
4 44
8 45
45 46
46 47
47 48
48 49
48 24
49 22
49 50
22 2
2 39
2 24
40 51
51 23
23 52
52 53
53 54
54 34
34 55
55 24
24 25
24 56
24 57
24 58
24 26
24 59
24 60
25 56
25 57
25 61
56 57
56 61
57 58
57 62
57 61
58 61
62 63
62 42
63 64
63 42
63 61
64 65
64 66
64 26
64 67
65 66
66 68
66 42
66 69
68 26
68 70
26 67
26 42
26 71
26 61
67 42
67 61
42 72
42 61
72 73
73 74
74 43
43 75
43 50
75 59
75 61
59 76
59 70
59 77
59 50
59 78
59 61
59 60
59 79
59 80
59 27
59 81
59 82
59 83
59 84
76 85
76 71
76 61
76 69
85 70
70 77
77 86
77 61
86 71
71 87
71 88
71 89
71 90
71 91
71 92
71 93
87 88
88 89
88 91
88 61
89 90
90 91
90 92
91 94
91 80
91 84
94 44
94 50
44 50
44 61
50 78
50 61
78 61
61 95
61 96
61 60
61 79
61 80
61 27
61 81
61 84
61 97
95 96
96 69
69 92
69 79
69 80
92 60
60 79
60 27
60 81
79 80
80 27
27 98
98 81
81 82
82 83
83 99
99 93
93 84
84 97
