0 1
1 2
2 3
3 4
3 5
4 5
5 6
6 7
6 8
7 9
7 8
9 10
9 11
9 8
10 12
10 13
10 14
10 8
12 15
12 16
12 8
15 17
15 16
15 18
15 19
15 20
17 21
17 22
17 23
17 24
17 25
17 26
17 27
17 28
17 29
17 30
17 31
17 19
17 32
21 22
21 23
21 25
21 33
21 32
22 34
22 23
22 35
22 25
22 36
22 37
22 19
22 32
34 23
34 14
34 32
23 38
23 39
23 40
23 41
23 25
23 42
23 43
23 27
23 28
23 44
23 45
23 37
23 14
23 46
23 20
23 47
23 8
23 48
23 32
38 39
38 25
38 8
38 32
39 40
39 13
39 16
39 32
40 49
40 13
40 37
40 16
40 19
40 20
40 8
40 32
49 13
13 24
13 50
13 27
13 51
13 20
13 47
13 52
13 8
24 53
53 54
53 8
54 35
54 16
35 55
35 56
35 16
35 8
55 57
55 26
55 16
55 18
57 58
58 59
59 60
59 16
60 61
60 25
60 29
60 14
60 19
61 62
61 25
61 63
61 18
62 64
62 65
64 65
65 66
66 67
67 68
68 41
41 25
25 42
25 26
25 27
25 36
25 30
25 69
25 31
42 70
42 29
42 37
42 14
42 19
42 32
70 71
71 72
72 63
72 73
72 14
72 16
72 18
72 19
72 8
63 43
63 30
63 14
63 19
43 73
43 14
43 16
43 18
43 19
43 32
73 74
73 56
73 26
73 75
73 14
73 16
73 18
73 19
73 47
73 32
74 56
74 26
74 37
74 14
74 16
74 18
74 19
74 8
74 32
56 26
56 16
56 18
26 75
26 11
26 29
26 16
26 18
26 19
75 50
75 14
75 16
75 18
75 19
50 27
50 8
27 51
27 29
27 76
27 37
27 16
27 18
27 19
27 20
27 8
51 77
77 78
77 79
77 16
77 18
79 80
79 81
80 82
82 83
82 84
83 84
84 85
84 8
85 86
85 37
86 87
87 88
88 89
89 90
90 28
90 16
28 11
28 29
28 14
28 16
28 18
11 91
11 44
11 16
91 29
91 16
91 18
29 44
29 76
29 36
29 18
29 92
44 76
76 36
36 45
36 18
36 8
45 37
45 14
37 81
81 30
30 69
30 14
30 19
69 31
69 14
31 14
14 93
14 94
14 16
14 46
14 18
14 92
14 19
14 47
14 32
94 16
16 95
16 46
16 18
16 92
16 20
16 47
16 48
95 96
96 97
97 46
97 8
46 18
46 8
18 92
18 19
18 8
92 19
19 98
98 20
98 8
20 47
20 8
20 99
47 8
52 8
8 99
8 48
8 32
99 33
33 48
48 32
