0 1
1 2
1 3
2 4
2 5
2 6
2 7
2 8
4 9
9 10
9 6
10 11
10 12
10 5
10 13
11 12
11 14
12 15
12 16
15 17
15 16
15 18
15 19
15 20
15 21
15 22
15 23
15 13
17 16
17 14
17 18
17 24
17 5
16 25
16 26
16 27
16 28
16 6
16 29
16 30
16 31
16 32
25 14
25 5
25 20
25 33
25 34
25 6
25 7
14 35
14 36
14 37
14 18
14 38
14 24
14 39
14 5
14 19
14 40
14 20
14 41
14 21
14 34
14 42
14 22
14 6
14 29
35 36
35 13
36 37
36 24
36 40
37 18
37 20
37 6
18 38
18 5
18 40
18 6
38 24
38 5
38 34
38 7
24 39
24 19
24 20
24 21
24 22
24 6
24 23
24 29
39 26
26 43
26 19
26 34
26 44
43 5
43 20
5 45
5 46
5 19
5 27
5 47
5 21
5 22
5 6
5 29
5 7
5 48
5 44
5 8
5 49
5 31
45 50
45 7
45 8
45 51
50 52
50 53
50 22
50 30
52 53
52 34
52 51
52 13
53 46
46 54
46 28
46 34
46 51
54 55
55 19
55 8
19 40
19 21
19 34
40 56
40 20
40 6
40 7
56 20
20 21
20 57
20 6
20 23
33 27
27 58
27 59
27 44
58 60
58 44
60 61
61 62
61 63
61 8
61 13
62 64
64 65
64 7
64 8
65 66
66 28
66 7
66 8
66 67
66 13
66 68
28 69
28 34
28 51
69 70
70 71
71 72
72 73
73 63
63 47
63 57
63 34
63 30
47 74
47 8
47 13
74 75
75 76
76 77
76 7
76 8
76 13
77 41
41 21
41 6
21 57
57 59
57 78
57 13
59 79
79 80
79 7
79 8
80 81
80 82
80 68
81 83
81 34
81 7
81 8
81 51
81 13
83 84
83 34
83 7
83 8
83 51
83 67
83 13
84 34
34 42
34 6
34 7
34 30
34 8
34 85
34 86
34 51
34 87
34 13
34 68
22 6
22 8
6 23
29 7
7 88
7 48
7 44
7 89
7 90
7 49
7 31
7 91
7 67
7 92
7 93
7 68
88 94
94 48
48 44
48 8
48 67
48 13
44 30
44 8
30 89
30 68
89 95
95 90
90 8
90 96
8 49
8 31
8 32
8 85
8 86
8 51
8 67
8 92
8 96
49 31
49 78
49 97
31 78
31 97
78 91
78 97
78 13
91 32
91 13
32 97
97 85
85 82
85 51
82 86
86 51
86 68
51 87
87 67
67 92
67 13
92 13
13 93
93 96
96 98
98 68
68 99
99 3
