0 1
1 2
1 3
2 4
4 5
4 6
5 7
7 8
7 9
7 6
8 10
10 11
10 12
11 13
11 14
11 15
11 16
11 12
11 17
11 18
11 19
13 20
13 21
20 22
20 23
20 24
20 25
20 26
20 27
23 28
28 29
29 30
29 6
30 31
30 32
30 33
31 32
32 9
9 34
9 14
9 35
9 16
9 26
9 36
9 18
9 37
9 38
34 39
39 40
40 41
41 42
42 43
43 44
44 45
44 46
45 47
45 48
47 48
47 6
47 19
48 49
49 14
14 24
24 46
24 19
24 50
46 15
46 12
15 51
15 6
15 21
15 19
15 50
51 52
51 6
51 21
52 53
52 21
53 3
53 54
53 55
3 33
33 54
54 35
35 56
35 57
56 16
56 58
16 59
16 6
59 25
25 60
25 12
60 26
26 12
12 36
36 6
6 55
55 61
55 21
61 62
62 63
63 64
64 17
17 65
17 50
65 58
58 18
58 19
18 21
18 19
21 66
21 19
21 67
21 68
21 38
21 50
66 19
19 67
19 69
19 70
19 71
19 72
19 38
19 73
19 74
19 75
19 50
67 57
57 76
57 77
57 78
57 68
57 71
57 79
57 72
57 37
57 38
57 73
57 80
76 81
81 77
77 82
82 69
69 83
83 84
84 85
85 86
85 87
86 88
88 89
88 78
88 90
88 91
89 78
78 90
90 92
92 87
87 91
91 93
91 71
93 70
70 94
70 79
94 68
68 71
68 79
71 95
95 79
79 72
38 96
38 97
97 98
98 73
73 27
27 74
74 80
80 99
99 75
75 50
