0 1
1 2
1 3
1 4
1 5
1 6
1 7
1 8
2 9
9 10
9 3
9 11
10 12
10 7
10 13
12 14
12 15
14 16
14 3
14 11
14 5
14 17
16 18
16 19
16 3
16 5
16 20
16 21
16 7
16 8
18 22
22 19
22 23
22 5
22 24
22 21
22 6
22 8
19 3
19 11
19 5
19 25
3 26
3 27
3 15
3 4
3 28
3 25
3 7
3 8
26 11
26 15
26 29
11 27
11 7
11 8
27 15
27 30
27 25
15 4
15 31
15 7
4 32
4 25
32 23
32 31
23 31
31 28
28 33
28 7
33 5
5 24
5 20
5 34
5 21
5 25
5 8
24 29
29 20
29 25
20 34
34 30
30 35
35 21
21 25
25 36
36 37
37 6
6 7
7 8
8 38
38 39
38 40
38 41
39 42
39 43
42 44
42 43
44 45
44 46
44 47
45 46
45 40
46 48
48 49
48 47
49 40
40 50
40 51
40 52
40 53
40 54
40 55
40 56
40 57
50 51
51 58
51 13
51 59
51 41
58 60
60 61
61 62
61 13
62 63
63 64
63 13
64 65
65 13
65 43
13 66
13 67
13 52
13 68
13 56
13 69
66 43
43 70
43 71
43 72
43 55
43 73
70 71
72 74
72 17
74 67
74 75
74 76
67 77
67 78
77 75
75 79
75 78
79 78
78 76
76 17
17 80
17 81
80 82
82 81
82 83
82 84
84 85
85 86
86 87
87 88
88 89
89 90
90 52
52 91
52 53
52 59
91 53
53 59
59 68
59 92
59 41
59 54
59 55
59 93
59 94
68 92
68 41
92 95
92 41
95 41
41 54
41 69
54 96
54 97
96 98
96 55
98 55
55 97
97 99
99 56
56 93
93 94
94 69
69 47
47 57
57 73
