0 1
0 2
0 3
1 4
1 5
1 6
1 7
1 8
1 9
1 10
1 11
1 3
1 12
1 13
1 14
1 15
1 16
1 17
1 18
1 19
4 20
4 3
4 13
20 21
20 22
20 5
20 23
20 6
20 7
20 24
20 25
20 26
20 15
21 22
21 13
22 5
22 6
22 27
5 23
5 26
23 6
23 28
23 7
6 29
6 24
6 30
6 3
6 13
6 26
6 31
29 32
29 2
29 7
29 24
29 30
29 33
29 26
32 34
32 24
32 26
32 35
34 36
36 2
2 28
2 24
2 33
28 37
28 24
28 26
37 38
37 8
37 13
38 7
7 8
7 13
7 39
8 24
8 40
8 13
24 9
24 30
24 41
24 33
24 42
24 43
24 15
24 44
24 45
24 46
24 39
24 27
24 47
9 30
9 13
30 48
30 40
30 13
30 49
30 33
30 26
30 15
30 39
30 27
48 40
40 50
40 43
40 19
50 51
50 13
51 52
51 41
52 41
41 10
10 11
10 53
10 54
10 13
10 15
10 17
11 53
11 3
53 54
54 3
54 13
3 12
3 13
3 25
3 15
3 16
3 55
3 27
3 56
3 57
3 19
12 13
13 14
13 58
13 49
13 15
13 17
13 35
13 55
13 46
13 27
13 59
13 19
14 60
60 61
61 58
61 62
61 63
58 62
58 63
58 64
62 63
62 64
63 65
65 66
66 67
66 17
66 35
66 68
67 69
69 70
70 71
71 49
49 33
49 26
33 72
33 26
33 35
72 25
25 26
26 42
26 64
26 39
26 27
42 43
42 64
43 73
43 64
43 35
73 15
73 74
73 75
15 16
16 31
31 17
31 19
17 18
18 74
74 75
75 64
64 44
64 76
64 35
64 55
64 46
64 77
44 35
76 35
35 55
35 27
35 47
35 78
35 79
35 56
55 45
55 78
45 68
68 46
68 79
46 39
39 27
39 47
27 47
47 78
78 59
59 79
79 77
77 56
56 80
80 81
81 82
82 83
83 84
84 85
84 86
84 57
85 86
85 57
85 87
86 57
57 19
57 88
19 87
19 89
87 88
88 89
89 90
90 91
90 92
90 93
90 94
91 95
91 92
91 96
91 97
91 98
95 92
95 98
92 96
92 93
92 99
92 94
92 98
96 93
93 97
97 99
99 94
94 98
