0 1
0 2
2 3
3 4
3 5
4 6
4 7
4 8
4 9
4 10
4 11
6 12
6 8
6 10
6 13
12 14
14 15
15 16
15 10
15 17
16 18
18 19
18 13
19 20
19 21
20 21
20 5
20 8
20 22
21 7
21 13
7 23
7 24
7 25
7 10
7 13
7 26
23 27
23 28
23 29
23 22
23 11
23 13
23 30
27 31
27 22
27 13
27 30
27 32
27 33
31 5
5 34
5 35
5 36
5 24
5 37
5 38
5 9
5 33
5 39
5 40
5 41
5 26
5 42
34 43
34 44
34 28
34 45
43 35
43 46
43 26
43 42
35 8
35 22
35 17
8 47
8 48
8 49
8 9
8 50
8 10
8 17
8 11
8 51
8 52
8 53
8 54
8 13
8 55
8 40
8 46
8 56
8 26
8 42
47 44
44 57
44 37
44 28
44 10
57 58
58 36
36 24
36 22
24 37
24 48
24 22
37 28
37 13
37 45
28 25
28 38
28 22
28 46
28 26
25 29
25 22
25 13
29 48
29 52
29 30
29 59
29 40
29 46
29 60
29 42
48 61
61 38
61 22
38 22
22 49
22 46
22 62
22 26
49 9
9 63
9 10
9 17
9 53
9 13
63 64
63 17
63 65
64 50
64 11
50 66
50 10
50 11
50 52
66 67
66 68
66 17
66 52
68 69
68 10
69 10
69 13
10 70
10 71
10 11
10 54
10 13
10 55
10 59
70 17
70 11
17 71
17 11
17 72
17 54
71 11
11 51
11 72
11 52
11 13
51 72
72 52
52 53
53 54
54 13
13 73
13 30
13 32
13 74
13 39
13 59
13 75
13 76
13 60
13 77
13 78
73 30
30 79
30 32
79 32
32 33
32 74
32 75
33 74
74 80
80 81
80 82
80 45
81 83
83 84
84 85
85 86
86 87
87 55
55 88
88 89
89 82
82 39
82 45
39 90
39 45
90 59
90 45
59 45
75 91
91 40
40 92
92 46
92 41
92 42
46 41
41 93
93 94
94 95
95 96
96 97
96 76
97 76
76 98
98 56
56 60
60 65
60 45
65 62
65 42
62 26
26 99
99 42
42 45
45 77
77 78
