0 1
1 2
2 3
2 4
3 5
5 6
6 4
4 7
7 8
7 9
8 9
8 10
8 11
9 10
10 12
12 13
12 14
12 15
12 16
13 17
17 18
18 19
18 20
18 21
19 20
20 22
22 23
23 24
24 25
25 21
21 26
21 27
21 28
26 29
26 30
26 11
26 31
26 32
26 33
29 34
34 30
30 35
30 32
35 36
35 37
36 38
38 39
39 40
39 11
39 41
39 42
39 32
40 11
11 14
11 43
11 44
14 41
14 37
41 45
41 27
41 46
41 47
41 48
41 49
41 50
41 51
41 52
41 53
41 54
45 55
45 56
45 57
55 58
55 59
55 60
55 57
55 61
58 59
58 60
59 62
59 60
59 63
59 52
62 64
62 57
64 65
64 52
65 66
65 56
66 15
15 67
15 68
15 69
67 68
67 69
68 70
68 56
68 69
68 54
70 71
71 27
71 56
27 72
27 28
27 73
72 74
74 75
74 76
74 77
75 78
75 77
78 60
78 56
78 57
60 79
79 80
80 63
63 76
76 77
76 48
76 81
77 56
56 46
56 82
56 54
56 83
46 47
46 57
47 57
57 48
48 28
48 84
48 51
48 61
28 84
28 51
28 61
84 73
73 49
73 51
49 50
50 85
85 51
51 86
51 81
86 69
69 82
69 53
82 52
52 53
53 87
87 54
54 81
81 88
88 42
42 89
89 90
90 91
90 92
90 43
91 92
91 43
92 93
92 43
93 43
43 94
94 31
31 32
32 95
95 37
37 16
37 96
96 33
33 44
44 97
44 61
97 98
98 83
83 61
61 99
