0 1
1 2
1 3
3 4
4 5
4 6
4 7
4 8
4 9
5 10
5 7
5 11
5 12
5 9
10 13
10 7
13 14
13 7
14 6
6 15
6 7
15 7
7 11
7 16
7 12
7 9
7 17
7 18
11 8
8 16
8 12
12 9
12 18
9 17
17 18
18 19
19 20
20 21
20 22
21 23
23 24
23 25
24 26
26 27
27 28
28 29
29 30
29 31
30 32
32 33
32 34
33 35
35 36
36 37
36 22
37 38
37 31
37 25
37 39
38 40
40 41
41 42
41 43
42 43
43 44
44 31
31 45
31 25
31 46
31 47
31 34
31 48
31 49
31 50
45 25
25 46
46 51
51 52
52 53
52 54
53 54
54 55
55 56
55 57
56 57
57 58
58 59
58 22
59 47
47 34
34 60
60 61
61 62
62 48
48 63
48 39
63 49
49 50
50 64
50 65
50 66
50 67
64 65
65 68
68 69
69 70
69 39
70 66
66 71
71 72
72 73
73 74
73 39
74 67
74 39
67 75
67 39
75 76
76 77
77 78
78 79
79 39
39 80
80 22
22 81
81 82
81 83
82 84
82 85
82 86
82 87
84 88
84 89
84 90
84 83
88 91
91 92
91 83
92 93
93 89
89 85
85 90
85 83
90 86
90 94
90 95
90 87
86 83
83 96
83 87
96 97
96 98
97 98
98 94
98 99
94 99
99 95
95 87
