0 1
0 2
1 3
1 4
1 5
1 6
1 7
3 8
8 9
8 10
8 11
9 12
9 2
12 4
4 5
4 13
4 14
4 10
5 13
5 2
13 15
15 14
15 16
14 17
14 2
17 10
10 2
10 11
2 18
18 19
19 6
6 20
6 21
20 21
21 16
16 7
7 22
7 11
7 23
22 24
22 25
22 11
22 23
24 25
24 26
25 27
25 28
25 26
25 23
27 29
27 30
27 31
27 32
27 33
27 34
27 35
27 36
27 23
29 37
29 30
29 38
29 34
37 30
37 33
30 39
30 38
30 32
30 40
39 38
38 31
38 33
38 34
38 41
31 42
31 32
31 36
42 32
32 33
32 36
32 11
40 33
33 34
33 43
33 41
33 35
33 36
33 44
33 11
34 45
34 43
34 41
34 36
34 46
45 43
43 41
43 35
43 11
41 35
41 47
41 36
41 11
41 26
35 48
35 47
35 36
35 44
48 47
48 36
48 44
48 46
48 49
47 36
36 44
44 46
44 49
46 49
46 11
46 50
49 51
51 52
52 53
52 11
52 26
52 23
53 54
53 11
54 55
55 11
55 26
11 56
11 57
11 58
57 59
57 58
59 60
60 58
58 61
58 62
58 28
61 62
62 63
62 64
62 65
62 66
62 26
63 64
64 67
67 68
68 69
69 70
70 65
70 71
65 71
65 72
71 72
72 66
66 28
28 73
73 74
73 75
73 76
74 75
75 76
76 77
77 78
78 79
79 80
80 81
80 82
81 83
81 82
82 84
84 85
85 86
86 50
50 87
50 88
50 89
87 26
26 90
90 88
90 91
88 89
88 91
88 23
89 91
91 92
91 23
92 93
93 94
93 95
94 95
95 96
96 23
23 97
23 98
97 99
99 98
