0 1
0 2
1 3
1 4
3 5
5 6
5 7
6 8
8 9
9 4
9 10
9 11
9 7
4 12
4 13
4 7
4 14
12 15
12 11
15 16
15 7
16 17
16 18
16 19
16 20
16 21
17 22
17 7
22 18
22 23
22 24
18 23
23 25
23 19
23 7
25 24
25 19
25 26
24 19
19 10
10 27
10 7
27 28
28 20
28 2
20 2
2 21
21 29
29 30
29 7
30 31
31 11
11 32
11 33
32 34
34 35
35 36
36 37
36 38
36 26
37 39
37 26
39 40
40 41
41 42
42 43
43 38
43 26
38 44
38 13
38 45
44 46
44 47
44 48
46 49
49 47
47 50
47 13
50 51
50 13
51 52
51 53
52 54
52 13
52 7
54 55
54 26
54 56
55 57
55 26
57 58
57 26
58 26
58 45
26 59
26 60
26 61
26 62
26 63
26 56
26 45
59 60
60 64
64 13
13 65
13 66
13 67
13 56
13 53
13 68
13 14
65 69
65 70
69 71
69 66
69 61
69 70
69 62
71 66
66 61
61 72
61 70
72 73
73 74
74 70
70 62
62 75
75 76
76 67
67 77
77 63
63 78
63 45
78 79
79 80
79 56
56 81
56 82
81 83
81 82
83 84
83 82
84 85
85 82
82 86
82 87
86 87
87 88
88 89
89 90
90 45
45 48
45 53
45 68
45 14
48 53
53 91
91 92
92 93
93 94
94 68
94 95
68 95
68 7
95 96
96 7
7 97
7 33
97 33
33 98
98 99
99 14
