0 1
0 2
1 3
1 4
1 5
3 6
6 7
6 8
7 9
9 10
9 4
10 11
11 12
11 13
11 14
12 15
15 16
16 17
17 18
17 2
17 4
18 2
2 19
2 20
2 4
2 21
2 5
20 8
20 22
8 4
4 23
4 22
23 24
23 14
23 22
24 25
25 21
21 26
21 27
26 27
26 14
26 28
27 29
27 13
27 28
29 13
29 30
13 31
13 14
13 30
13 32
13 33
13 34
13 35
13 36
31 14
14 37
14 30
14 38
14 34
14 35
14 22
37 30
30 32
30 39
30 34
30 40
32 33
32 41
33 28
28 42
42 38
42 39
42 43
43 41
41 34
41 40
41 44
34 40
34 22
40 35
35 36
36 44
44 45
45 46
46 47
47 48
47 49
47 50
47 51
48 52
52 53
52 54
52 55
52 56
52 22
53 57
57 58
58 59
59 54
54 55
55 60
60 49
49 50
50 61
50 62
50 22
61 62
62 51
51 63
63 64
64 65
65 66
66 67
67 68
68 69
69 70
69 71
69 72
70 71
70 73
70 74
70 75
70 72
70 76
71 73
71 72
73 77
73 78
73 79
73 72
77 80
80 81
81 82
81 78
81 83
81 84
81 85
82 78
78 74
78 75
78 79
74 83
74 75
74 76
74 86
74 84
74 87
74 88
74 85
83 75
75 79
75 76
75 89
75 85
72 90
72 76
72 86
90 76
76 86
76 84
76 88
76 91
86 84
84 87
84 22
87 92
92 88
88 93
93 91
91 94
94 89
89 95
89 22
95 85
95 22
85 96
85 22
96 97
96 22
97 56
56 22
22 98
22 99
99 5
