0 1
1 2
1 3
1 4
1 5
1 6
1 7
1 8
2 9
2 10
2 11
2 12
2 13
2 14
2 15
2 16
2 17
2 18
2 19
2 20
2 21
2 22
2 23
2 8
9 3
9 4
9 5
9 24
3 10
3 8
10 25
10 5
10 8
25 4
25 5
25 7
4 26
4 5
4 27
4 28
4 29
4 30
26 5
5 27
5 28
5 31
5 7
27 7
28 31
31 32
31 7
31 12
31 21
31 33
31 34
31 35
32 36
32 6
36 37
37 6
6 38
6 20
6 39
6 29
38 7
7 40
7 41
7 14
7 42
7 22
7 43
7 44
7 45
7 35
7 46
7 47
7 48
7 49
40 50
50 51
51 41
41 52
52 53
53 11
11 54
11 16
11 17
11 18
11 55
54 12
12 13
12 15
12 42
12 34
12 8
13 14
13 15
13 42
13 56
13 8
14 15
14 42
14 8
15 16
15 17
15 22
15 55
15 8
16 17
16 8
17 18
17 8
18 19
18 8
19 20
19 34
19 8
21 57
21 8
57 58
58 42
42 22
42 44
42 59
42 39
22 43
22 8
43 60
43 61
60 62
60 63
62 64
64 65
64 66
65 66
66 55
55 33
33 44
44 67
67 68
67 34
68 69
69 34
34 23
34 56
34 8
23 45
23 8
45 56
56 59
59 35
35 61
35 24
61 70
70 8
8 71
8 46
8 47
8 72
8 49
71 46
46 47
47 73
73 39
39 74
74 75
75 76
76 63
76 29
76 24
63 77
63 78
77 48
48 29
29 79
29 72
29 80
29 78
79 72
72 80
80 78
78 81
81 82
82 83
83 84
84 85
85 86
86 87
86 88
87 89
89 90
89 91
91 88
91 92
88 92
88 93
92 94
92 95
92 96
92 93
94 95
94 93
95 96
95 93
96 93
93 97
97 98
97 49
49 30
30 24
24 99
