0 1
1 2
1 3
1 4
1 5
1 6
1 7
1 8
1 9
1 10
1 11
1 12
1 13
1 14
1 15
1 16
1 17
1 18
2 3
2 4
2 7
2 10
2 12
3 19
3 4
3 20
3 7
3 8
3 21
3 11
3 12
3 22
3 23
3 24
3 16
3 25
19 4
19 8
19 10
19 26
19 12
4 27
4 28
4 6
4 7
4 8
4 21
4 10
4 11
4 26
4 29
4 12
4 22
4 13
4 30
4 31
4 32
4 23
4 24
4 16
4 33
4 34
4 35
4 36
27 5
27 12
27 25
5 37
5 8
5 14
5 18
37 38
38 39
38 11
38 40
38 25
39 41
41 42
42 43
43 44
44 45
45 20
45 25
45 46
20 28
20 13
20 25
28 6
28 8
28 12
28 25
6 7
6 8
6 12
7 8
7 10
7 12
8 47
8 21
8 48
8 49
8 9
8 10
8 12
8 32
8 24
8 14
8 16
47 50
47 51
47 10
47 12
50 52
50 51
52 21
52 53
21 53
21 54
21 51
21 10
21 12
53 55
55 56
56 48
56 51
48 54
48 51
54 57
54 51
57 51
57 12
51 49
51 11
51 12
49 58
58 9
58 59
58 60
58 61
58 35
9 10
9 12
10 11
10 29
10 12
10 13
10 62
10 16
11 40
11 12
40 63
40 12
63 26
26 29
26 25
29 12
29 15
12 22
12 13
12 30
12 31
12 32
12 23
12 15
12 16
12 64
12 35
22 13
22 25
13 65
13 62
13 14
13 25
13 66
65 62
62 67
62 68
67 30
30 69
30 70
69 71
71 72
72 73
73 31
31 74
74 75
74 76
75 77
77 76
76 78
78 32
32 68
68 23
23 79
23 24
79 80
79 81
79 82
79 24
80 81
81 82
82 83
82 84
83 85
85 86
86 24
24 87
87 88
87 89
88 89
89 84
84 90
90 91
91 14
91 25
14 59
14 15
14 16
14 60
14 35
14 18
14 66
59 15
15 92
15 16
15 33
15 34
15 64
15 93
15 35
92 94
94 16
16 33
33 95
33 96
95 96
95 25
96 60
60 61
60 25
61 25
25 17
25 34
25 35
25 97
17 34
34 64
64 93
93 98
98 35
98 46
35 18
18 66
66 46
46 97
97 70
70 99
99 36
