0 1
0 2
1 3
1 4
1 5
1 6
1 7
3 4
4 5
4 6
4 8
4 9
4 7
5 2
2 10
2 11
2 6
2 12
2 13
2 14
2 15
2 16
2 17
2 18
2 19
10 20
10 21
10 22
10 23
10 24
10 25
20 26
20 27
20 28
20 29
20 30
20 31
20 18
26 32
32 27
32 33
32 34
32 35
27 33
27 36
33 37
37 38
37 39
38 39
39 40
39 41
40 42
42 43
43 11
11 6
6 8
8 9
8 44
9 45
9 46
9 47
45 46
46 12
12 48
12 44
48 7
48 44
7 49
7 44
7 50
49 51
49 52
49 50
52 53
53 54
53 55
53 14
54 55
54 15
55 13
55 56
56 14
14 15
15 57
15 58
15 16
57 58
58 16
58 17
16 17
16 59
17 60
17 59
60 61
60 59
61 62
62 59
59 63
59 64
63 44
64 44
44 65
44 18
44 66
44 67
44 68
65 21
21 69
21 70
21 71
69 72
72 73
72 74
72 75
72 76
72 77
72 78
72 79
72 34
72 80
72 81
72 30
72 31
73 74
73 28
73 22
73 23
74 75
74 28
74 76
74 82
74 22
74 83
74 80
74 81
74 30
75 84
75 28
75 22
28 76
28 82
28 77
28 79
28 80
28 85
28 70
28 81
28 86
28 30
28 31
76 82
76 22
76 80
76 25
82 77
82 79
82 34
82 80
82 81
82 31
77 22
77 79
77 80
22 78
22 79
22 34
22 85
22 25
22 29
22 70
22 81
22 87
22 88
22 30
78 79
78 50
79 34
79 83
79 80
79 81
79 89
34 23
34 25
23 83
23 25
23 71
23 88
83 24
83 80
24 90
90 80
80 85
80 81
80 89
80 30
85 25
25 29
25 70
25 81
25 88
25 30
29 70
29 91
70 81
70 71
81 89
81 92
89 86
89 31
86 35
35 36
35 31
36 71
71 93
71 88
71 18
93 92
92 94
92 30
94 87
94 95
94 91
87 95
87 91
95 88
88 91
91 30
30 31
18 50
50 96
50 66
66 41
41 67
41 97
41 68
67 97
97 19
19 98
98 47
47 99
99 68
