0 1
0 2
0 3
0 4
1 5
5 6
5 2
6 7
6 8
6 9
6 10
6 11
7 12
7 3
12 13
12 8
13 8
13 14
8 9
8 14
8 15
8 16
9 10
9 2
9 4
10 2
2 17
2 18
17 3
3 18
3 19
18 20
20 21
21 22
21 16
22 23
22 11
22 14
22 24
22 25
22 26
22 27
22 28
22 29
22 30
22 31
22 32
22 33
22 34
23 4
23 11
23 14
23 16
4 35
4 11
4 14
4 24
4 25
4 27
4 36
4 19
4 37
4 38
4 39
4 33
35 11
35 16
11 40
11 14
11 24
11 41
11 25
11 42
11 43
11 26
11 27
11 37
11 44
11 15
11 28
11 29
11 31
11 32
11 33
11 45
11 34
40 14
14 24
14 25
14 43
14 46
14 29
14 47
14 31
14 33
14 34
24 48
24 49
24 50
24 15
24 29
48 51
51 49
51 50
49 52
49 29
52 50
50 53
50 41
50 25
50 42
50 54
50 55
50 56
50 29
50 57
53 41
53 25
41 25
25 58
25 59
25 29
25 33
58 42
58 16
58 60
42 54
42 15
54 61
54 60
61 43
61 62
43 63
63 62
62 26
62 15
26 64
26 33
64 27
64 36
64 65
64 19
64 28
27 36
27 37
27 15
27 16
27 66
36 65
36 19
36 37
36 66
65 19
65 37
65 67
65 44
65 68
65 66
19 37
19 67
19 66
37 67
37 44
37 15
37 66
67 44
67 16
67 66
44 68
44 66
68 69
69 70
69 15
70 71
71 72
72 73
73 73
73 74
74 75
75 76
76 77
76 78
77 78
78 15
15 79
15 16
15 80
15 29
15 81
15 31
15 32
15 34
79 16
16 80
16 29
16 81
16 30
16 31
16 32
80 46
46 28
46 33
46 34
28 59
28 29
59 82
82 55
55 83
83 84
83 85
83 86
83 57
84 87
87 88
87 89
87 86
87 90
89 91
91 56
56 85
85 86
85 92
86 93
93 92
92 90
90 29
29 57
57 94
94 60
60 81
81 95
95 30
30 96
96 38
38 47
47 97
97 31
97 98
31 98
98 32
32 66
66 39
39 33
33 45
45 99
99 34
