0 1
0 2
1 3
1 4
1 5
1 6
1 7
1 8
1 9
1 10
1 11
1 12
1 13
1 14
1 15
1 16
1 17
1 18
1 19
1 20
1 2
1 21
1 22
3 23
23 24
24 25
25 26
26 27
27 28
28 29
29 30
29 31
30 32
30 33
32 34
34 35
34 4
34 36
35 37
35 38
35 4
35 36
37 39
37 38
39 38
39 36
39 20
39 2
38 4
4 5
5 40
5 6
5 41
5 7
5 42
5 8
5 43
5 9
5 44
5 45
5 11
5 12
5 13
5 46
5 14
5 16
5 47
5 48
5 49
5 18
5 50
5 51
5 19
5 52
5 21
5 22
40 53
40 54
40 55
40 56
40 57
40 58
40 59
40 8
40 60
40 47
53 61
53 54
53 62
53 63
53 64
53 55
53 6
53 65
53 56
53 66
53 58
53 42
61 54
61 67
61 55
61 68
61 6
61 56
61 2
54 62
54 55
54 6
54 41
54 65
54 69
54 7
54 56
54 66
54 58
54 42
62 63
62 70
62 6
62 58
62 42
63 70
63 64
63 55
63 6
63 56
70 64
70 67
70 55
70 56
64 67
64 55
64 56
67 55
55 71
55 68
55 6
55 7
55 56
55 57
55 58
55 42
55 72
71 68
68 6
68 65
68 56
68 57
6 41
6 56
6 66
6 8
6 2
41 65
41 7
41 8
41 60
65 69
65 59
65 8
69 7
7 56
7 59
7 8
7 2
56 66
56 57
56 58
56 8
66 57
57 58
58 42
42 59
42 36
42 8
59 72
72 73
73 74
74 36
36 75
75 8
8 43
8 11
8 12
8 13
8 46
8 14
8 16
8 49
8 18
8 51
8 76
43 9
43 2
9 10
10 44
10 77
44 60
77 78
78 45
45 79
79 80
80 81
80 12
81 11
81 12
81 13
11 12
11 33
11 2
12 13
12 60
12 2
13 82
13 83
82 83
83 84
84 33
33 46
46 14
46 2
14 15
14 60
14 2
15 60
60 16
60 18
16 47
16 17
16 20
47 85
47 17
47 48
47 86
47 87
47 88
85 17
17 48
17 87
17 89
48 86
48 20
48 2
86 87
87 31
87 2
31 90
31 91
90 92
90 20
92 93
93 49
49 18
49 2
18 50
18 88
18 2
50 88
50 2
88 51
88 89
51 19
19 94
19 2
94 76
76 95
76 2
95 91
91 20
20 96
96 89
96 2
89 97
97 98
98 99
99 52
52 2
2 21
2 22
