0 1
0 2
1 3
3 4
3 5
3 6
3 7
4 8
8 9
8 10
8 2
9 11
11 12
11 13
12 14
12 15
12 16
14 17
14 18
17 19
19 20
19 21
19 22
20 23
20 24
20 25
23 26
26 10
10 27
10 28
10 2
10 29
10 30
10 31
10 25
27 32
32 33
32 34
32 18
33 13
33 35
33 34
33 18
13 36
13 16
36 15
36 34
15 37
37 38
38 39
39 40
40 41
40 42
41 42
41 34
42 43
43 44
44 45
45 46
45 21
46 21
21 47
21 48
21 49
21 16
21 50
47 51
51 52
51 53
52 54
52 55
52 53
54 56
56 57
57 58
58 5
5 59
5 2
59 60
59 61
59 62
59 63
59 30
59 25
60 61
60 2
61 64
61 2
61 29
64 65
65 62
62 66
66 28
66 2
28 2
2 63
2 29
2 30
2 67
2 31
2 25
63 68
63 29
68 69
68 6
68 70
69 6
6 70
70 71
70 34
71 29
29 72
29 30
29 31
72 73
73 30
30 7
7 67
67 74
74 75
75 76
76 31
31 24
31 25
24 25
25 77
77 55
55 78
55 48
55 16
48 53
48 18
53 79
79 80
79 81
80 81
80 82
81 83
83 84
84 82
82 85
85 86
86 87
86 34
87 88
87 89
89 90
90 91
90 92
90 34
91 35
35 92
35 18
92 34
34 49
34 93
49 18
49 16
18 94
94 95
94 96
96 97
97 93
97 16
93 16
16 50
50 22
22 98
98 99
