0 1
0 2
1 3
1 4
3 5
5 4
4 6
6 7
6 8
7 9
9 10
10 11
10 12
11 13
11 14
13 15
13 16
15 16
15 14
15 17
16 18
18 19
19 20
20 14
14 21
21 22
21 23
22 24
24 23
23 25
25 17
25 2
17 26
17 27
17 28
17 29
17 30
17 12
26 27
27 28
27 31
27 32
27 33
27 12
27 34
27 8
27 35
28 12
30 36
36 31
36 12
36 37
31 38
38 39
38 33
39 40
39 41
40 42
42 43
43 44
44 32
32 45
32 41
32 46
32 12
32 35
45 41
41 47
41 46
47 46
46 33
46 12
33 12
12 48
12 35
48 49
49 50
49 51
49 52
49 53
50 54
50 55
54 56
54 55
56 57
57 58
57 59
58 60
58 55
60 51
60 55
60 61
51 52
51 62
51 61
52 59
52 55
59 63
63 64
64 65
64 34
64 53
65 66
65 34
66 67
66 34
67 34
67 62
34 62
62 53
53 55
55 61
55 68
61 68
61 69
68 70
70 69
69 37
37 8
37 71
8 72
8 73
8 2
8 74
8 75
72 73
73 35
35 2
2 76
76 77
77 78
77 79
77 80
77 81
77 82
77 83
77 84
77 85
77 86
77 87
78 79
79 80
79 81
79 86
80 81
80 83
81 82
81 84
81 86
82 83
83 84
84 85
85 88
88 89
89 86
89 90
86 87
87 90
90 71
71 74
74 91
91 75
75 92
92 93
93 94
94 95
95 96
96 97
97 98
98 99
