0 1
1 2
1 3
1 4
1 5
1 6
2 3
3 7
3 4
3 8
3 9
7 10
10 11
11 12
11 13
12 14
14 15
15 4
15 16
15 17
15 18
4 8
4 19
4 6
8 9
9 20
9 21
9 22
9 23
9 24
9 6
20 25
20 26
20 23
20 27
25 21
25 22
25 23
25 24
25 27
25 28
21 29
21 22
21 23
21 27
29 22
29 23
29 30
29 13
29 6
22 26
22 23
22 24
22 27
26 23
23 31
23 27
31 24
31 32
24 27
27 30
30 16
30 13
16 33
16 6
33 17
17 34
17 5
17 6
34 18
34 35
34 36
18 37
37 38
38 39
39 40
39 5
39 36
40 41
41 42
41 43
41 44
41 5
41 45
42 32
42 19
42 5
32 43
32 5
32 35
32 46
32 45
43 13
43 44
43 6
13 47
47 28
47 19
28 48
28 36
28 6
48 49
49 50
50 51
51 52
52 53
52 19
53 54
54 19
19 55
19 56
19 57
19 5
19 58
19 35
19 59
19 60
19 61
19 62
19 45
55 63
63 64
63 56
63 5
64 65
65 66
66 56
66 67
56 68
56 5
68 44
44 57
44 69
57 5
57 36
5 70
5 35
5 71
5 36
5 72
5 73
5 74
5 67
5 75
5 45
70 76
76 77
76 36
77 58
58 35
35 71
35 6
71 36
36 59
59 46
46 78
78 79
78 60
79 80
79 60
80 81
81 82
81 60
81 73
81 83
81 74
82 84
82 60
84 72
84 60
84 61
84 83
84 85
84 86
84 74
72 60
72 85
60 61
60 73
60 83
60 74
61 73
83 85
85 86
85 74
86 87
86 74
87 74
74 67
67 88
88 62
88 89
62 90
62 89
90 89
89 91
91 6
6 92
6 93
6 45
92 93
93 94
94 75
75 95
95 96
95 97
96 97
97 98
98 69
69 99
99 45
