0 1
1 2
1 3
2 4
2 5
2 6
4 7
7 8
7 9
7 10
7 11
7 12
7 13
7 14
7 15
8 16
16 9
16 17
9 10
9 12
10 11
10 18
11 12
12 19
12 6
19 20
20 13
20 18
13 5
13 6
14 21
14 17
14 6
14 18
21 22
21 23
21 15
22 24
24 25
24 17
25 26
25 18
25 3
26 27
26 28
26 18
27 29
27 30
27 31
27 32
27 28
27 23
27 33
27 18
27 34
29 30
29 32
29 28
29 35
29 36
29 33
29 18
29 3
30 31
30 32
30 3
31 32
31 28
31 33
31 17
32 37
32 28
32 38
32 18
32 3
37 28
37 33
37 18
28 39
28 35
28 36
28 34
28 40
39 35
39 18
35 41
41 42
41 17
41 3
42 43
43 44
44 45
45 46
45 47
46 47
46 36
36 48
36 17
36 18
48 49
49 50
49 17
50 23
50 17
50 51
23 15
15 52
15 17
15 5
15 6
15 18
52 33
52 18
52 3
33 53
33 54
33 55
33 3
33 56
53 54
53 18
53 3
54 38
54 55
54 3
38 55
38 3
55 57
57 58
58 59
59 60
59 61
60 62
60 61
62 61
62 3
61 63
63 64
64 65
65 17
65 18
17 66
17 67
17 68
17 69
17 56
17 70
66 71
71 72
71 73
71 74
71 75
73 51
51 74
74 76
76 77
77 5
77 6
5 78
5 79
5 6
78 79
79 67
79 6
67 80
80 68
80 6
80 18
80 34
68 6
68 81
6 82
82 83
83 75
75 81
81 84
84 85
85 18
18 86
18 70
18 34
18 40
86 87
87 88
88 89
89 90
90 91
90 92
91 92
91 69
92 93
93 69
69 94
94 3
3 56
3 70
3 40
56 95
95 96
96 97
96 98
97 98
98 99
99 70
70 34
34 40
