0 1
1 2
2 3
3 4
3 5
4 6
4 7
4 8
4 9
6 10
10 11
11 5
5 12
12 13
13 14
13 15
13 16
13 17
13 18
13 19
13 20
13 21
13 22
13 23
13 24
13 7
13 25
13 26
13 27
13 9
14 15
14 28
15 16
15 29
16 17
17 18
18 30
30 31
30 24
31 32
32 33
33 34
33 35
34 19
19 20
19 24
19 9
20 21
21 22
21 24
22 23
22 36
22 8
23 37
37 38
37 24
38 24
24 39
24 7
24 35
24 26
24 9
24 40
24 41
24 42
24 43
24 44
24 45
39 7
39 8
7 46
7 8
46 47
47 48
48 25
48 29
48 49
25 29
29 49
49 50
50 35
50 51
50 52
35 53
53 51
51 52
52 26
26 36
26 8
26 9
36 27
36 9
27 8
8 54
54 9
9 55
55 40
55 41
55 56
40 41
40 56
41 42
41 56
41 43
42 56
56 43
43 57
57 58
58 59
59 60
60 61
61 44
44 62
62 63
63 64
63 65
63 66
63 67
63 68
63 69
63 70
63 71
65 72
65 67
65 68
65 73
65 69
72 66
72 69
72 70
72 74
66 67
66 73
66 69
66 70
67 68
67 73
67 69
68 73
68 69
73 69
69 70
69 74
69 71
70 74
70 71
74 75
74 71
74 76
74 77
75 71
71 76
76 45
45 78
78 79
79 28
28 80
80 81
81 82
81 83
81 84
82 83
82 84
82 77
83 85
83 84
83 77
85 84
84 86
84 87
84 88
84 89
84 77
84 90
86 87
87 88
87 89
88 89
89 91
89 90
91 77
77 92
77 93
92 94
94 90
90 95
95 96
96 97
97 98
97 93
97 99
98 93
93 99
