0 1
1 2
1 3
1 4
2 3
3 5
3 6
3 7
3 8
3 9
3 10
3 11
3 12
3 13
3 14
3 15
3 16
3 17
3 18
3 19
3 20
3 21
3 22
5 23
5 24
23 25
25 26
26 27
27 28
27 29
28 30
28 29
30 31
30 29
31 6
31 17
6 32
6 33
32 34
32 33
32 35
34 36
34 37
34 35
36 7
7 38
7 39
38 8
38 9
38 40
38 41
38 21
8 9
8 42
8 43
8 41
8 44
8 45
9 42
42 46
46 43
43 47
43 10
43 48
43 49
47 50
50 51
51 52
52 53
52 10
53 10
10 54
54 55
55 56
56 57
57 58
58 59
59 60
59 61
60 61
60 62
61 11
11 63
63 64
63 65
63 48
64 65
64 48
65 66
65 48
66 48
66 39
48 67
67 24
24 68
24 40
24 69
24 29
24 21
68 40
40 70
40 71
40 29
70 71
71 33
33 12
33 17
33 72
33 73
33 74
33 22
12 41
12 39
41 75
41 76
41 77
41 78
41 79
41 21
75 76
75 44
76 44
76 80
44 13
44 80
44 21
13 14
13 22
14 4
4 81
81 15
81 16
15 39
16 17
16 39
17 72
17 39
72 82
82 49
82 77
82 73
82 37
82 83
82 84
82 85
82 35
82 69
82 45
49 86
86 87
87 77
77 88
77 35
77 39
88 18
18 19
18 39
19 80
80 20
80 78
80 89
20 90
90 78
78 62
62 73
73 37
73 79
37 79
37 35
37 39
79 91
79 45
79 39
91 74
91 35
91 69
74 83
74 35
83 84
83 35
83 69
84 85
85 92
85 35
85 39
92 93
93 35
35 69
35 39
69 94
94 95
95 29
29 96
29 39
96 45
45 97
45 39
97 39
39 21
39 98
39 22
21 98
98 99
99 89
89 22
