0 1
0 2
0 3
0 4
0 5
1 6
1 4
1 7
1 5
1 8
6 9
9 2
9 10
9 11
2 12
2 13
2 14
2 15
2 16
2 17
2 18
2 19
2 20
2 21
2 22
2 23
2 24
2 25
2 26
2 27
2 28
2 29
2 8
2 30
2 31
12 32
12 33
12 22
12 24
12 34
32 35
32 10
35 36
35 5
36 37
36 10
36 11
36 7
36 38
36 39
36 40
37 10
37 4
10 41
10 11
10 3
10 13
10 42
10 15
10 4
10 43
10 44
10 7
10 5
10 45
10 46
10 47
10 48
10 24
10 38
10 25
10 39
10 27
10 28
10 49
10 50
10 40
41 51
41 4
51 33
51 4
51 52
51 53
51 54
33 11
33 3
33 4
33 52
33 5
33 50
11 55
11 56
11 13
11 4
11 48
11 38
11 39
11 50
11 40
56 3
3 57
3 47
3 24
57 58
58 59
58 5
58 39
59 13
59 45
59 46
59 22
59 25
13 60
13 14
13 61
13 39
60 62
62 63
62 14
62 61
63 42
63 64
63 65
63 66
63 67
42 14
42 68
42 5
42 39
42 27
14 69
14 64
14 66
14 70
14 71
14 61
14 67
14 5
14 39
14 27
69 72
72 64
64 65
64 71
64 68
64 39
65 66
65 70
65 39
66 70
66 61
66 68
70 71
71 73
73 61
61 67
67 68
68 74
74 75
74 5
74 39
74 27
75 15
75 76
15 5
15 39
15 27
76 16
16 77
16 39
77 78
77 4
78 79
78 4
78 52
79 4
4 80
4 52
4 53
4 17
4 18
4 54
4 43
4 19
4 44
4 7
4 22
4 48
4 81
4 50
4 40
80 82
80 52
82 52
52 53
52 54
52 44
52 7
53 17
53 44
53 39
17 18
17 20
17 39
18 83
18 23
18 39
83 54
54 43
54 44
43 84
84 85
85 86
85 19
19 44
44 7
7 87
7 5
87 88
88 5
5 20
5 23
5 48
5 24
5 25
5 89
5 27
5 40
5 30
5 90
20 21
20 27
21 45
21 46
21 22
21 39
45 46
45 23
45 39
46 91
46 22
91 22
22 23
22 39
23 47
23 39
23 27
23 49
23 30
47 48
48 24
48 38
48 92
48 50
24 38
24 39
24 50
38 93
93 94
94 92
92 25
92 39
25 39
39 26
39 89
39 95
39 27
39 28
39 30
26 89
26 27
89 95
95 27
27 28
28 29
29 96
96 97
97 98
98 81
81 49
49 50
49 40
50 40
40 34
34 8
34 30
34 31
34 99
8 30
30 90
90 31
31 99
