179841 88
88 206840
88 189747
88 122923
88 26674
88 192030
88 190129
88 308
88 169377
88 354007
88 51832
88 51826
88 156153
88 8753
88 8758
88 61335
88 363976
88 7592
88 256594
88 132208
189747 330
189747 220
330 176572
330 3205
330 223
330 62541
330 26674
330 1941
330 503
330 167398
330 308
330 169377
330 220
330 19068
176572 3205
3205 24266
3205 223
3205 503
3205 308
24266 25666
24266 223
25666 223
25666 308
25666 220
223 313136
223 1941
223 308
313136 62541
313136 220
62541 64959
62541 220
64959 52631
52631 122923
122923 42300
42300 26514
26514 178109
178109 7228
7228 177339
177339 194065
194065 2164
194065 503
2164 26674
2164 190129
2164 503
26674 66317
26674 3164
26674 220
66317 192030
192030 236
192030 46882
236 367348
236 3164
236 236599
367348 204853
204853 3164
3164 46882
3164 10
46882 236599
236599 10
236599 7533
10 120305
10 1941
10 8753
120305 1941
1941 67829
1941 503
1941 220
1941 200458
1941 118757
67829 6742
67829 503
6742 190129
6742 503
190129 503
503 167398
503 308
503 220
167398 308
308 169377
308 220
308 57301
169377 220
354007 220
220 51832
220 19068
220 156153
51832 19068
19068 51826
51826 54577
54577 156153
54577 61335
156153 50609
50609 200458
50609 184685
200458 24612
200458 51939
24612 184685
24612 51939
184685 51939
51939 148338
148338 28476
28476 56716
28476 14031
28476 7533
28476 136342
28476 14572
56716 14031
56716 8767
56716 7533
14031 39155
14031 8753
14031 7533
14031 14572
39155 64640
39155 7533
64640 8753
64640 57301
64640 8956
64640 8902
64640 8913
64640 8767
64640 7533
8753 125578
8753 65080
8753 8902
8753 8736
8753 8758
8753 8922
8753 8913
8753 49730
125578 65083
125578 8956
125578 8902
125578 8758
125578 8913
125578 8767
65083 57301
65083 8913
65083 7592
57301 8926
57301 117017
57301 65080
57301 8956
57301 8902
57301 183688
57301 8940
57301 8736
57301 71061
57301 71970
57301 7533
57301 38210
57301 14572
8926 114690
8926 117017
8926 65080
8926 8956
8926 8902
8926 8940
8926 8913
8926 7533
114690 85409
114690 8956
114690 8902
114690 8736
114690 8767
85409 105005
105005 118757
105005 8956
105005 8767
105005 7533
118757 117017
118757 8956
118757 8913
117017 65080
117017 8956
117017 8736
117017 7533
65080 8956
65080 8902
65080 8758
65080 8767
65080 7533
8956 311022
8956 8902
8956 183688
8956 8940
8956 8736
8956 71061
8956 8922
8956 242647
8956 68816
8956 8913
8956 49730
311022 8902
8902 183688
8902 8758
8902 71970
8902 242647
8902 8913
8902 8767
8902 7533
183688 8913
8940 8736
8940 8913
8940 8767
8736 71061
8736 71970
8736 8913
71061 8758
71061 8913
8758 8922
8758 242647
8758 68816
8758 8913
8758 8767
8922 71970
8922 8913
8922 8767
71970 242647
71970 8767
242647 8913
242647 8767
68816 8913
8913 49730
49730 8767
49730 7533
8767 403171
8767 30869
403171 61335
403171 7592
403171 7533
403171 14572
61335 363976
363976 7592
7592 256594
7592 132208
256594 35462
256594 7533
35462 85026
35462 30869
35462 38210
85026 132208
85026 7533
85026 38210
85026 14572
132208 30869
132208 7533
30869 7533
30869 38210
7533 136342
7533 14572
136342 38210
38210 116316
116316 14572
14572 61896
