288046 980
288046 965
980 17606
980 159622
980 72173
980 143884
980 16107
980 7937
17606 2153
17606 2164
17606 965
2153 216298
2153 679
2153 436511
2153 20060
2153 383
2153 163302
2153 58320
2153 36808
2153 91835
2153 5082
2153 16107
2153 23943
2153 7937
2153 215187
2153 1373
216298 679
216298 4259
679 209130
679 431
679 20060
679 6185
679 163302
679 58320
679 5006
679 10907
679 5082
679 16107
679 215187
209130 84823
209130 2164
84823 124398
124398 67166
124398 2164
67166 2164
67166 965
67166 4259
67166 5006
2164 436511
2164 965
2164 38815
2164 150302
2164 91835
2164 16107
2164 23943
436511 965
965 159622
965 750
965 1996
965 143884
965 149448
965 23943
965 7937
159622 750
159622 4259
159622 43
750 37662
750 68199
750 166075
750 290
37662 431
431 436979
431 4259
431 5006
431 5082
431 290
436979 1996
436979 383
436979 43
1996 358335
1996 20060
1996 94542
358335 291944
291944 11792
11792 20060
11792 383
20060 1985
20060 383
20060 4259
1985 115841
1985 383
1985 70490
1985 43
115841 62780
62780 383
62780 43
383 322576
383 37502
383 36808
383 143884
383 149448
383 178091
383 120062
383 51348
383 5082
383 257242
383 1574
322576 116528
116528 111370
111370 37502
37502 54135
37502 38815
37502 94542
54135 64999
64999 37484
64999 38815
64999 94542
37484 38815
37484 6185
37484 94542
38815 102983
38815 6185
38815 94542
102983 6185
6185 94542
6185 290
94542 109320
109320 68199
68199 2109
68199 36808
2109 166075
166075 12718
12718 420438
420438 4259
4259 163298
4259 72173
4259 178091
4259 5082
4259 290
4259 16107
163298 163302
163302 72173
72173 150302
150302 4139
4139 131621
131621 62698
62698 118613
118613 312745
312745 93838
93838 225820
225820 129069
129069 142818
142818 229335
229335 58320
58320 36808
58320 10907
58320 16107
58320 7937
36808 86328
36808 5006
36808 16107
36808 23943
86328 5006
5006 143884
5006 51348
5006 5082
5006 16107
5006 23943
143884 10907
10907 29364
10907 91835
10907 7937
29364 149448
29364 7937
149448 138919
138919 91835
91835 91260
91260 206831
206831 186523
186523 178091
178091 13923
13923 18736
18736 120062
120062 70490
120062 43
70490 51348
51348 5082
51348 43
5082 43
43 28347
28347 6305
6305 290
290 16107
16107 23943
16107 7937
23943 7937
7937 215187
7937 24802
7937 1373
215187 24802
215187 1373
24802 386544
24802 1373
386544 1373
1373 239908
239908 239907
239907 8407
8407 6663
8407 1574
6663 320961
6663 1574
320961 42666
320961 1574
42666 93304
42666 19426
42666 1574
93304 19426
19426 257242
19426 1574
257242 1574
