52120 93527
93527 30956
93527 20951
93527 301
30956 33851
30956 16452
30956 20951
33851 32543
32543 81231
81231 81235
81231 161125
81231 220
81231 301
81235 161125
81235 74452
161125 173430
161125 161116
161125 70337
161125 74452
161125 7540
161125 16452
173430 104655
173430 161116
173430 70337
173430 74452
173430 16452
104655 251925
104655 74452
104655 16452
104655 301
104655 1274
251925 161116
251925 74452
161116 70337
161116 74452
161116 16452
70337 74452
74452 7540
74452 16452
74452 20951
74452 301
74452 1274
7540 212347
7540 65255
7540 90616
7540 29471
212347 16452
16452 436650
16452 99121
16452 135365
16452 101141
16452 31749
16452 90616
16452 248830
16452 29471
436650 48773
48773 65255
48773 31749
65255 46583
65255 14662
65255 119110
65255 72783
65255 43994
46583 34303
46583 100764
34303 100764
34303 220
100764 99121
99121 14662
14662 135365
14662 90616
135365 101141
101141 39335
101141 1274
39335 20941
39335 26354
20941 27720
20941 20951
20941 26354
20941 301
20941 1274
27720 119110
27720 90616
119110 72783
119110 43994
119110 20951
119110 26354
119110 90616
119110 19161
72783 112322
112322 43994
112322 20951
43994 16522
43994 57268
16522 71598
71598 53481
53481 57268
53481 20951
53481 26354
57268 31749
57268 20951
57268 26354
31749 20951
31749 26354
20951 144180
20951 26354
144180 26354
26354 90616
90616 19161
90616 301
90616 1274
19161 248830
19161 301
248830 1548
248830 317
248830 301
248830 1274
1548 29471
1548 301
1548 1274
1548 160041
29471 49059
29471 220
29471 301
29471 1274
49059 1647
49059 220
1647 51604
51604 5070
5070 253816
5070 301
253816 12142
12142 46117
12142 19604
12142 492
12142 220
12142 301
46117 314122
46117 19604
314122 19604
314122 220
19604 402871
19604 125379
402871 13519
402871 220
13519 186431
13519 125379
13519 220
13519 2634
186431 11921
186431 220
11921 103181
11921 492
11921 220
11921 2634
103181 492
103181 220
103181 317
492 125379
492 108348
492 220
492 2634
492 301
492 1274
125379 26164
125379 220
125379 2634
125379 301
26164 58554
26164 108348
26164 220
58554 108348
58554 220
108348 13483
108348 220
108348 2634
13483 112764
112764 7781
112764 317
112764 3419
112764 301
7781 19220
19220 980
980 163228
163228 145134
163228 3419
145134 171509
145134 317
171509 253
253 69301
69301 220
69301 3419
220 199636
220 317
220 17268
220 1274
199636 317
317 231826
317 96580
317 229066
317 1274
231826 112128
112128 35751
35751 4341
4341 158866
158866 2634
2634 17268
17268 3984
17268 96580
17268 301
96580 572
572 229066
572 301
229066 3419
3419 393583
393583 301
301 65733
301 1274
301 160041
65733 1274
1274 160041
160041 9191
9191 130555
9191 127448
9191 9254
130555 127448
130555 9254
127448 9254
