86247 155526
86247 26095
86247 40984
86247 51931
86247 327
155526 19
155526 327
19 421859
19 66199
19 4411
19 22324
19 323
19 276742
19 1
19 86051
19 236539
19 327
19 43
421859 4214
421859 3549
421859 4259
421859 9797
421859 383
421859 43
66199 14722
66199 23689
23689 5285
5285 3262
5285 4259
3262 4635
4635 149748
149748 4411
149748 323
149748 327
4411 114421
4411 323
4411 4134
4411 21833
4411 11373
4411 327
4411 43
114421 143557
114421 26095
114421 40984
114421 323
143557 143527
143557 40984
143527 18096
143527 40984
143527 93162
143527 323
143527 383
18096 26095
18096 82728
18096 40984
18096 93162
18096 51931
18096 3549
26095 82728
26095 40984
26095 93162
26095 171806
26095 51931
26095 58664
26095 22328
26095 327
26095 7783
82728 40984
82728 93162
82728 323
82728 327
82728 43
40984 217399
40984 143504
40984 93162
40984 171806
40984 51931
217399 210281
217399 143504
143504 93162
93162 171806
93162 51931
171806 51931
171806 3549
171806 4259
171806 9797
51931 58664
58664 22328
22328 22335
22328 22324
22328 22342
22328 3627
22328 67734
22335 22324
22335 22342
22335 3627
22335 67734
22335 217812
22324 22342
22324 3627
22324 206576
22342 3627
22342 67734
3627 67734
3627 206576
3627 217812
67734 14259
67734 217812
14259 139464
14259 27447
14259 153851
139464 27447
139464 4259
139464 383
27447 206576
27447 217812
206576 90499
206576 3655
90499 217812
90499 3655
217812 3655
3655 153851
153851 4214
4214 351012
4214 72498
4214 40837
4214 9797
4214 383
4214 9351
4214 322335
351012 12755
351012 3549
12755 72498
12755 14997
12755 4357
12755 20067
12755 40837
12755 4259
12755 9797
72498 14997
72498 327
14997 35924
14997 3549
14997 327
35924 3549
3549 42475
3549 20067
3549 50229
3549 40837
3549 323
3549 4134
3549 9351
3549 25280
42475 4357
42475 4259
4357 20067
4357 50229
4357 40837
4357 327
20067 50229
20067 43551
20067 40837
50229 43551
50229 40837
43551 40837
43551 383
43551 43
40837 323
40837 9797
40837 383
323 231237
323 339286
323 4134
323 276742
323 21833
323 28898
323 188602
323 3199
323 168114
323 9351
323 67156
323 322334
231237 80464
80464 80511
80464 48146
80464 93783
80511 48146
80511 93783
80511 327
48146 93783
48146 327
93783 4259
93783 383
4259 339286
4259 18310
339286 4134
4134 276742
4134 188602
4134 168114
4134 67156
276742 21833
276742 383
276742 3199
276742 327
21833 299328
21833 3199
299328 296095
296095 305588
296095 220068
305588 220068
220068 286323
286323 355004
355004 312705
355004 1
312705 423982
423982 1
1 427561
1 55839
55839 86051
86051 172738
86051 18310
86051 11373
86051 383
86051 43
172738 237828
237828 18310
18310 11373
18310 383
11373 9797
11373 383
11373 327
9797 236539
9797 383
236539 383
383 93907
383 188602
383 25280
93907 28898
28898 188602
188602 3199
188602 327
188602 43
3199 168114
168114 251443
168114 327
251443 9351
9351 67156
9351 11918
67156 11918
11918 327
327 322334
327 111713
322334 322335
322334 327901
322335 327901
111713 43
43 25280
25280 7783
