14123 66914
66914 260074
260074 20069
20069 5861
20069 407
5861 78362
5861 3628
5861 407
78362 13240
78362 5281
78362 11882
78362 677
78362 407
78362 29588
78362 8391
78362 16003
78362 504
13240 7480
13240 5281
13240 37443
13240 54917
13240 131261
13240 11882
13240 175287
13240 25090
13240 407
13240 126814
13240 8391
7480 5281
7480 37443
7480 14957
7480 25090
7480 3628
7480 15219
7480 407
7480 585
5281 37443
5281 98987
5281 50930
5281 11882
5281 14957
5281 25090
5281 3628
5281 57
5281 126814
5281 38328
5281 12407
5281 585
37443 28991
37443 14957
37443 3628
37443 208289
37443 677
37443 407
37443 126814
37443 8391
28991 98987
28991 50930
28991 3628
28991 677
28991 407
28991 126814
98987 50930
98987 54917
98987 11882
98987 677
98987 407
98987 29588
98987 88
50930 54917
50930 11882
50930 25090
50930 15219
50930 677
50930 407
50930 88
54917 131261
54917 11882
54917 14957
54917 25090
54917 15219
54917 407
54917 126814
54917 29588
54917 8391
54917 88
54917 585
131261 11882
131261 11895
131261 407
131261 88
11882 175287
11882 25090
11882 15219
11882 677
11882 407
11882 29588
11882 38328
11882 8391
11882 88
11882 375869
175287 11895
175287 88
11895 74778
11895 323744
74778 27311
74778 677
74778 8391
74778 88
27311 14957
27311 677
27311 407
27311 8391
27311 88
27311 2417
27311 2662
14957 25090
14957 3628
14957 15219
14957 677
14957 9543
14957 11921
14957 407
14957 126814
14957 8391
14957 88
14957 585
14957 504
25090 48278
25090 3628
25090 15219
25090 677
25090 9543
25090 11921
25090 407
25090 8391
25090 88
25090 585
48278 3628
48278 126814
48278 585
3628 15219
3628 407
3628 29588
3628 585
15219 208289
15219 407
15219 126814
15219 29588
15219 38328
15219 585
15219 2417
15219 396
208289 677
208289 126814
208289 8391
677 323744
677 9543
677 346851
677 407
677 455278
677 126814
677 38328
677 60496
677 175353
677 8391
677 32441
677 32429
677 213147
677 116903
677 40985
677 88
677 29496
677 2417
677 375869
677 212282
323744 24025
323744 88
24025 10604
24025 346851
24025 40985
10604 889
10604 57
889 199544
199544 57
199544 88
57 65391
57 60496
65391 56734
56734 34351
34351 52517
34351 6425
52517 337630
337630 13640
337630 2417
13640 201443
13640 75301
201443 167174
201443 2417
167174 148277
148277 9543
9543 49004
9543 11921
9543 175353
49004 346851
49004 407
346851 11921
11921 210351
11921 88
11921 29496
11921 585
210351 407
210351 2417
407 455278
407 126814
407 38328
407 60496
407 70994
407 175353
407 8391
407 32441
407 32429
407 8303
407 213147
407 2166
407 116903
407 16003
407 281973
407 40985
407 2662
407 375869
126814 29588
126814 8391
126814 88
126814 2417
29588 38328
38328 60496
38328 8391
38328 16003
38328 88
38328 2417
38328 2662
60496 70994
60496 2166
60496 16003
60496 88
60496 2417
60496 2662
60496 396
70994 175353
70994 13543
70994 396
175353 8391
175353 2166
175353 88
175353 2417
175353 2662
8391 32441
8391 8303
8391 213147
8391 88
32441 32429
32429 8303
32429 88
32429 2662
8303 17037
8303 129812
8303 2166
17037 2417
17037 396
129812 213147
129812 2166
129812 2662
213147 2166
2166 116903
2166 13543
2166 16003
2166 88
2166 2417
116903 13543
116903 88
13543 152430
13543 16003
13543 2417
152430 16003
152430 2417
152430 396
16003 281973
16003 2417
40985 110498
40985 88
40985 504
110498 124924
124924 50156
124924 88
124924 4305
124924 2417
124924 396
50156 192433
192433 192431
192431 88
88 97259
88 207643
88 375869
97259 11912
11912 75301
75301 12407
75301 2417
12407 29496
29496 585
29496 4305
29496 396
585 144770
585 396
144770 4305
144770 2417
144770 2662
144770 396
4305 70234
4305 396
4305 375869
70234 2417
70234 396
2417 206921
2417 2662
2417 396
206921 2662
2662 207643
207643 523
523 106096
523 175797
523 375869
106096 105592
175797 396
396 375869
375869 504
504 212282
212282 192525
192525 6425
6425 36161
36161 106603
