223440 3549
3549 116402
3549 8297
3549 171095
3549 1988
116402 8297
8297 171095
171095 1988
1988 161373
1988 208627
1988 26355
1988 53630
1988 14491
161373 4628
4628 131638
131638 104785
131638 53624
131638 62699
131638 208627
131638 85076
131638 53630
131638 156605
131638 79444
131638 53656
131638 53736
131638 53793
131638 53642
131638 53817
131638 21966
131638 53715
104785 53624
104785 53850
104785 174966
104785 53820
104785 62699
104785 174975
104785 208627
104785 53738
104785 213758
104785 25639
104785 53704
104785 200920
104785 53758
104785 9836
104785 53746
104785 192675
104785 142901
104785 190586
104785 79444
104785 79473
104785 190603
104785 177212
104785 53817
104785 104781
104785 228521
104785 125048
104785 112723
104785 53715
104785 79418
104785 143021
104785 45750
104785 119812
104785 149022
53624 10228
53624 53738
53624 25639
53624 53704
53624 9836
53624 104766
53624 53746
53624 79444
53624 104743
53624 53793
53624 79481
53624 53817
53624 104781
53624 21966
53624 45750
10228 196569
10228 208627
10228 53796
10228 53738
10228 25639
10228 9836
10228 141447
10228 135166
10228 53774
10228 93812
10228 53736
10228 10323
10228 53642
10228 21966
10228 79418
196569 53850
196569 109559
196569 53817
196569 21966
53850 174966
53850 53820
53850 62699
53850 174978
53850 208627
53850 213758
53850 109559
53850 9836
53850 135166
53850 190586
53850 79473
53850 53793
53850 177212
53850 21966
53850 125048
53850 188901
53850 143021
53850 45750
174966 53820
53820 163424
53820 62699
53820 174978
53820 53738
53820 213758
53820 25639
53820 53704
53820 200920
53820 53758
53820 112721
53820 53746
53820 192675
53820 142901
53820 79481
53820 345688
53820 104781
53820 21966
53820 228521
53820 125048
53820 112723
53820 53715
53820 79418
53820 143021
53820 45750
53820 119812
53820 149022
163424 62699
163424 53730
62699 174978
62699 53738
62699 25639
62699 53704
62699 53777
62699 53655
62699 53630
62699 53730
62699 142901
62699 104743
62699 104781
62699 21966
62699 125048
62699 204911
62699 79418
62699 143021
62699 45750
62699 119812
62699 149022
174978 174975
174978 25639
174978 200920
174978 109559
174978 156605
174978 53793
174978 190603
174978 177212
174978 125048
174978 143021
174978 45750
174975 208627
174975 53704
174975 9836
174975 53817
174975 143021
208627 53796
208627 53758
208627 26355
208627 114427
208627 53746
208627 142901
208627 99435
208627 53774
208627 79481
208627 177212
208627 53817
53796 53738
53796 53630
53796 112723
53796 79418
53738 213758
53738 25639
53738 53704
53738 85076
53738 53758
53738 9836
53738 119801
53738 79477
53738 180074
53738 114427
53738 53655
53738 53630
53738 53730
53738 104766
53738 156605
53738 53746
53738 135166
53738 126214
53738 53774
53738 93812
53738 79444
53738 79473
53738 14491
53738 53656
53738 53678
53738 79501
53738 53736
53738 53793
53738 53635
53738 126211
53738 143015
53738 10323
53738 79481
53738 190603
53738 197951
53738 53642
53738 53712
53738 177212
53738 53817
53738 104781
53738 251525
53738 21966
53738 112723
53738 53715
53738 156729
53738 79418
53738 45750
53738 119812
213758 25639
213758 109559
213758 114427
213758 53817
213758 104781
213758 125048
213758 156729
213758 119812
25639 53704
25639 53777
25639 312745
25639 53758
25639 9836
25639 53746
25639 192675
25639 142901
25639 79444
25639 79473
25639 104743
25639 53678
25639 53793
25639 10323
25639 112723
25639 53715
25639 45750
25639 149022
53704 200920
53704 85076
53704 9836
53704 79477
53704 104766
53704 156605
53704 112721
53704 53746
53704 79444
53704 104743
53704 53656
53704 53793
53704 79481
53704 53817
53704 104781
53704 125048
53704 53715
53704 204911
53704 205313
53704 79418
53704 45750
53704 119812
200920 85076
200920 114427
200920 53746
200920 142901
200920 53656
200920 143015
200920 53817
200920 104781
200920 143021
200920 119812
85076 53777
85076 79477
85076 53630
85076 53730
85076 104766
85076 53746
85076 14491
85076 53656
85076 177212
85076 112723
85076 53715
85076 143021
85076 149022
53777 109559
53777 26355
53777 180074
53777 126214
53777 91423
53777 190586
53777 79473
53777 14491
53777 53656
53777 53712
53777 177212
53777 79418
109559 312745
109559 26355
109559 114427
109559 99435
109559 104743
109559 79481
109559 143048
109559 53817
109559 21966
109559 119812
312745 53758
312745 126214
53758 9836
53758 112721
53758 142901
53758 158997
53758 104781
53758 53715
9836 119801
9836 53746
9836 53774
9836 93812
9836 79444
9836 53793
9836 177212
9836 104781
9836 21966
9836 125048
9836 45750
9836 119812
119801 79477
119801 26355
119801 114427
119801 53642
119801 53817
119801 53715
79477 141447
79477 180074
79477 53655
79477 53630
79477 53730
79477 158997
79477 135166
79477 126214
79477 159004
79477 190586
79477 93812
79477 79444
79477 14491
79477 53678
79477 53793
79477 53635
79477 126211
79477 10323
79477 180067
79477 197951
79477 53642
79477 53817
79477 104781
79477 112723
79477 188901
79477 79418
141447 213588
141447 114427
141447 53730
141447 99435
141447 91423
141447 53774
141447 79501
141447 180067
141447 53642
141447 53817
141447 21966
141447 112723
213588 26355
213588 114427
26355 180074
26355 53630
26355 53730
26355 158997
26355 135166
26355 126214
26355 91423
26355 159004
26355 190586
26355 53678
26355 53635
26355 10323
26355 79481
26355 190603
26355 180067
26355 53642
26355 53712
26355 177212
26355 188901
26355 79418
180074 114427
180074 99435
180074 126214
180074 159004
180074 143048
180074 53817
180074 21966
114427 53655
114427 53730
114427 158997
114427 99435
114427 135166
114427 126214
114427 159004
114427 53793
114427 53635
114427 79481
114427 180067
114427 53642
114427 53712
114427 251525
114427 21966
114427 112723
114427 156729
114427 188901
53655 53630
53655 53774
53655 53642
53655 53817
53655 21966
53655 45750
53630 53730
53630 53635
53630 126211
53630 53642
53630 21966
53630 79418
53730 104766
53730 156605
53730 53712
53730 104781
53730 21966
53730 79418
104766 156605
104766 14491
104766 53656
104766 104781
104766 53715
156605 112721
156605 158997
156605 135166
156605 79444
156605 14491
156605 79501
156605 53642
156605 53712
156605 112723
112721 53746
112721 104743
112721 53656
112721 53817
112721 104781
112721 53715
53746 192675
53746 142901
53746 53656
53746 104781
53746 251525
53746 125048
53746 112723
53746 53715
53746 79418
53746 143021
53746 45750
53746 119812
53746 149022
192675 142901
192675 125048
192675 45750
142901 158997
142901 177212
142901 125048
142901 79418
142901 132057
142901 143021
158997 99435
158997 91423
158997 159004
158997 14491
158997 53656
158997 53736
158997 180067
158997 53642
158997 143048
158997 53712
158997 53817
158997 21966
99435 135166
99435 91423
99435 190586
99435 79444
99435 53793
99435 79481
99435 180067
99435 197951
99435 53642
99435 53712
99435 205313
99435 188901
99435 79418
135166 126214
135166 91423
135166 159004
135166 79444
135166 53736
135166 53635
135166 53817
135166 21966
135166 53715
135166 156729
126214 91423
126214 14491
126214 53642
126214 143048
126214 53712
126214 21966
126214 79418
91423 159004
91423 53774
91423 53793
91423 180067
91423 53817
159004 190586
159004 53642
159004 53712
159004 53817
190586 53774
190586 53793
190586 79481
190586 180067
190586 53817
190586 21966
53774 93812
53774 53678
53774 53635
53774 126211
53774 190603
53774 180067
53774 197951
53774 53642
53774 53817
53774 112723
53774 205313
53774 188901
93812 79444
93812 53793
93812 10323
93812 53642
93812 177212
93812 79418
79444 79473
79444 104743
79444 53656
79444 79501
79444 53736
79444 53793
79444 53635
79444 53642
79444 21966
79444 79418
79473 14491
79473 53656
79473 53736
79473 79481
79473 53817
79473 21966
14491 104743
14491 53656
14491 53817
14491 21966
14491 156729
14491 79418
104743 53656
104743 53817
104743 112723
53656 53678
53656 53635
53656 177212
53656 112723
53656 53715
53656 79418
53678 79501
53678 53635
53678 190603
53678 53642
53678 143048
53678 53817
53678 21966
53678 112723
53678 79418
53678 143021
79501 53736
79501 53793
79501 53642
79501 53817
79501 21966
79501 156729
79501 79418
79501 45750
53736 53793
53736 53635
53736 53642
53736 21966
53736 112723
53793 53635
53793 53642
53793 53817
53793 21966
53793 45750
53635 126211
53635 53642
53635 53817
53635 104781
53635 21966
53635 79418
126211 143015
126211 79481
126211 197951
126211 53642
126211 79418
143015 10323
143015 79418
143015 45750
10323 79481
10323 104781
79481 190603
79481 53817
79481 21966
79481 112723
79481 79418
79481 119812
190603 180067
190603 53817
190603 104781
190603 125048
190603 53715
190603 119812
180067 53817
197951 53642
197951 53817
197951 79418
53642 143048
53642 53712
53642 53817
53642 21966
53642 112723
53642 53715
53642 156729
53642 79418
143048 53712
143048 21966
53712 177212
53712 53817
53712 21966
177212 53817
177212 104781
177212 125048
177212 53715
177212 79418
177212 45750
53817 345688
53817 251525
53817 21966
53817 112723
53817 156729
53817 205313
53817 188901
53817 79418
53817 143021
345688 319862
345688 104781
104781 251525
104781 228521
104781 112723
104781 53715
104781 79418
104781 143021
104781 45750
104781 119812
104781 149022
251525 21966
251525 79418
21966 228521
21966 112723
21966 156729
21966 404046
228521 125048
125048 112723
125048 79418
125048 132057
125048 143021
125048 45750
125048 119812
125048 149022
112723 53715
112723 79418
53715 204911
53715 143021
53715 119812
53715 149022
204911 156729
156729 404046
404046 205313
205313 188901
188901 79418
79418 132057
79418 143021
79418 45750
132057 143021
132057 45750
143021 45750
45750 119812
119812 149022
