267978 133099
133099 77677
77677 182246
77677 1062
77677 1503
77677 762
77677 213
182246 57003
182246 213
57003 503
57003 352
57003 1503
57003 762
503 230813
503 352
503 38249
503 13117
503 137884
503 7782
503 12748
503 32635
503 1503
503 213
230813 352
352 151634
352 77845
352 1422
352 53302
352 13117
352 137884
352 245965
352 12748
352 32635
352 10907
352 51208
352 120470
352 1503
352 266605
151634 3545
151634 9800
3545 77845
3545 9800
77845 1422
77845 3359
77845 9341
1422 20774
1422 67420
20774 67420
67420 1062
1062 46432
1062 24139
1062 31754
1062 7782
1062 78278
1062 1503
1062 443349
1062 158057
1062 384616
46432 15505
46432 213
15505 116186
116186 43438
43438 31841
31841 72764
72764 41916
41916 53302
41916 24139
41916 39132
41916 53196
53302 14075
14075 58006
14075 28166
14075 59226
14075 24139
14075 31754
14075 53196
14075 52476
14075 63497
14075 24828
58006 74954
58006 60034
58006 31754
74954 60034
60034 28166
28166 59226
28166 44961
28166 52469
59226 378543
378543 24139
24139 39132
24139 31754
39132 116139
39132 762
116139 44961
44961 31754
44961 957
44961 14085
31754 53196
31754 1503
31754 213
53196 52476
52476 307873
52476 34268
307873 307870
307870 38249
38249 175212
38249 175088
175212 175088
175088 37545
37545 335994
37545 244553
335994 34268
34268 244553
244553 80254
80254 252333
252333 52469
52469 255533
52469 1503
255533 78840
255533 1503
78840 74581
74581 957
74581 1503
957 435500
957 13117
957 1503
957 619
13117 50974
13117 137884
13117 7782
13117 12748
13117 10907
13117 1503
50974 7782
137884 7782
137884 12748
137884 1503
137884 13603
137884 619
7782 126653
7782 245965
7782 12748
7782 10907
126653 4375
126653 12748
4375 245965
4375 120470
4375 1503
245965 12748
12748 32635
12748 10907
12748 51208
12748 1503
32635 10907
10907 51208
10907 120470
51208 60858
60858 78278
60858 1503
78278 120470
78278 1503
120470 1503
1503 443349
1503 156803
1503 266605
1503 158057
1503 329352
443349 762
443349 213
762 156803
156803 213
213 276555
276555 147253
147253 266605
266605 13603
13603 322678
322678 158109
158109 113175
113175 3359
3359 258917
3359 38461
3359 66276
3359 38454
3359 9800
3359 54593
258917 9341
9341 38461
9341 38454
9341 9800
9341 54593
38461 66276
38461 38454
38461 9800
38461 54593
66276 38454
38454 158057
38454 9800
158057 9800
9800 54593
54593 384616
384616 367926
367926 268037
268037 125904
125904 63497
63497 24828
24828 14085
14085 33353
33353 619
619 329352
329352 64801
