354234 67774
67774 322157
67774 318100
67774 179484
67774 234608
67774 319873
67774 329113
67774 36558
67774 152889
67774 324611
67774 277152
322157 67792
322157 88569
67792 97189
67792 179484
67792 335447
67792 88569
67792 288154
67792 324611
97189 318100
318100 186961
186961 312384
186961 230587
186961 97179
186961 179543
186961 329113
186961 297780
186961 177817
186961 254801
186961 79878
312384 230587
312384 121238
230587 121238
230587 254801
230587 79878
121238 179484
121238 329113
179484 97179
179484 179456
97179 234608
97179 179543
97179 297780
97179 36558
97179 79878
234608 319873
234608 88569
234608 36558
234608 277152
319873 146262
319873 171183
146262 179543
146262 204343
146262 190538
146262 324611
179543 329113
179543 179456
179543 79878
329113 179553
179553 263035
179553 263208
179553 297780
179553 179456
179553 322299
179553 172489
179553 261943
179553 204343
179553 235639
179553 254801
179553 171183
179553 288154
179553 13915
263035 335447
263035 263208
263035 297780
335447 335448
335448 337095
337095 263208
263208 297780
263208 172489
297780 179456
297780 79878
179456 322299
179456 172489
322299 172489
322299 171183
172489 335051
172489 204343
172489 235639
172489 254801
172489 288154
335051 177817
177817 370145
370145 88569
88569 112277
88569 36558
88569 288154
88569 277152
112277 36558
112277 1941
36558 152889
36558 277152
36558 318954
152889 261943
261943 192573
192573 166671
166671 231950
231950 204343
204343 235639
204343 254801
204343 171183
204343 288154
204343 13915
235639 254801
235639 171183
254801 171183
171183 288154
13915 190538
190538 216
324611 260741
260741 79878
79878 277152
277152 95922
95922 318954
318954 3847
3847 292063
3847 47006
292063 7923
7923 21455
21455 42291
21455 4259
42291 3368
42291 465
42291 7782
42291 4259
3368 217735
3368 15113
217735 46115
46115 465
465 142537
465 241371
465 216
465 47006
465 182400
142537 17526
17526 241371
17526 47006
17526 20059
17526 6162
17526 83656
17526 7295
241371 7698
241371 47006
241371 7295
241371 7782
7698 251684
251684 251686
251686 288878
288878 4446
4446 302882
302882 216
216 102796
216 208773
102796 211614
211614 15113
211614 8303
211614 7782
211614 4259
211614 2161
15113 42092
15113 8303
15113 15763
15113 20059
15113 83656
15113 4259
15113 2161
42092 8303
42092 2161
8303 15763
8303 4259
8303 2161
15763 18259
18259 15770
15770 203556
203556 1941
1941 239734
1941 5478
1941 108677
239734 5478
5478 47006
47006 40826
47006 6162
47006 7295
40826 45827
45827 81206
45827 20059
45827 7295
81206 20059
20059 6162
20059 83656
20059 4259
20059 2161
6162 83656
6162 7295
83656 7295
7295 108657
7295 4259
7295 2161
108657 10718
108657 7782
10718 83396
83396 108677
108677 7782
7782 182400
7782 4259
7782 2161
182400 4259
4259 212699
212699 2161
2161 208773
