112553 58880
58880 195271
195271 1959
195271 2347
1959 11365
1959 115445
11365 2670
11365 519
11365 1971
11365 213
11365 5716
11365 52185
11365 189052
11365 12854
2670 74176
2670 6850
2670 519
2670 1971
2670 388869
2670 213
2670 202649
2670 4959
2670 49451
2670 21581
2670 2671
2670 51398
2670 1588
74176 11991
74176 2156
74176 519
74176 213
11991 310370
11991 19604
11991 397384
11991 2156
11991 832
11991 519
11991 90227
310370 19604
310370 519
19604 397384
19604 2156
19604 832
19604 519
397384 2156
2156 6850
2156 519
2156 115445
2156 90227
2156 21581
6850 832
6850 519
6850 213
832 519
832 122157
832 90227
519 44835
519 115445
519 4345
519 5716
519 122157
519 9905
519 398789
519 54364
519 90227
519 4959
519 19250
519 23956
519 206354
519 21581
44835 998
998 115445
998 4959
115445 4345
4345 67217
4345 23956
67217 13929
67217 213
67217 562
67217 42914
13929 157876
13929 32196
13929 58320
157876 32196
32196 1971
32196 5011
1971 388869
1971 213
1971 122157
1971 9905
1971 4959
1971 9857
1971 7962
1971 2671
1971 51398
1971 1588
388869 213
213 202649
213 9905
213 123478
213 49451
213 21581
213 7962
213 51398
213 189052
202649 5716
202649 979
5716 58320
5716 122157
5716 9905
5716 19250
5716 16690
5716 7942
5716 23956
5716 21581
5716 23390
5716 9857
5716 13134
5716 261799
5716 7962
58320 122157
58320 9857
122157 9905
122157 979
122157 16690
122157 13134
122157 7962
122157 5011
9905 61081
9905 2347
9905 16690
9905 44284
61081 47378
61081 979
47378 97519
47378 979
97519 14717
14717 313621
14717 979
313621 979
979 221954
979 4959
979 23956
979 23390
979 10424
979 13134
979 411297
979 44284
979 189052
221954 2347
221954 1416
2347 398789
398789 71139
71139 54364
71139 14584
54364 222111
54364 16783
54364 14584
222111 16783
16783 335605
16783 32977
335605 406476
335605 14584
406476 348781
348781 357263
348781 87200
87200 8765
8765 52106
52106 123478
123478 14584
14584 282605
282605 32977
32977 308122
308122 1416
1416 416
1416 90227
1416 72458
1416 599
1416 57980
1416 19250
1416 51398
416 90227
90227 72458
90227 599
90227 562
90227 26502
72458 599
599 562
599 51398
562 4959
4959 26502
4959 23956
26502 159729
159729 78558
159729 49442
78558 49442
49442 49469
49469 49451
49451 57980
57980 19250
19250 16690
19250 7942
19250 13134
19250 7962
16690 7942
16690 172751
16690 23956
16690 7962
7942 172751
7942 9857
7942 13134
7942 7962
172751 23956
23956 206354
23956 21581
206354 21581
21581 23390
21581 175799
21581 5011
23390 11158
23390 13134
11158 10424
10424 9857
9857 13134
13134 261799
13134 7962
261799 7962
7962 411297
7962 24192
7962 5011
411297 24192
24192 175799
175799 5011
5011 163498
163498 2671
2671 51398
51398 1588
1588 65949
65949 67499
65949 44284
65949 189052
65949 42914
67499 52185
67499 44284
67499 42914
67499 12854
52185 44284
44284 189052
44284 42914
44284 12854
189052 42914
189052 12854
42914 143984
42914 12854
143984 12854
