233538 67774
67774 394345
67774 313358
67774 352088
67774 128855
67774 362824
67774 320104
67774 138315
394345 180526
180526 313358
180526 352088
313358 157562
313358 1274
157562 352088
157562 128855
157562 171180
352088 128855
352088 79643
128855 362824
128855 171180
128855 122468
362824 246856
362824 171180
246856 171180
171180 287224
171180 122468
171180 122459
287224 79643
79643 95891
95891 112050
112050 302342
302342 279606
279606 244326
244326 274330
274330 300724
274330 122468
300724 218650
218650 358060
218650 122468
358060 122468
122468 320104
122468 179509
122468 122459
320104 179509
179509 122459
122459 82036
82036 138315
82036 3158
138315 355
138315 1274
355 99783
355 1834
355 1274
99783 6014
99783 143356
99783 1274
99783 3158
6014 221976
6014 38229
221976 38229
221976 3158
38229 119736
119736 88232
88232 20026
20026 145276
20026 80778
20026 7294
145276 80778
80778 7294
7294 56052
7294 42461
56052 3335
3335 45514
3335 979
45514 24833
24833 24836
24836 44534
44534 26824
44534 2566
44534 979
26824 2566
2566 381315
2566 1834
381315 1577
381315 979
1577 442153
442153 25592
442153 3158
25592 79
79 135873
135873 156244
135873 92152
156244 86004
156244 1274
86004 172440
86004 62906
86004 37440
172440 62906
62906 92152
62906 37440
92152 91139
91139 37440
37440 53941
53941 202250
202250 22367
22367 131687
22367 979
131687 48475
48475 143356
143356 397109
397109 1834
397109 3158
1834 141698
1834 25094
1834 221246
141698 25094
25094 356841
25094 221246
221246 91016
221246 979
91016 249906
249906 13304
249906 979
13304 197352
197352 979
979 255563
979 274690
979 41719
979 49546
255563 310206
255563 274690
255563 105356
310206 274690
310206 105356
274690 105356
105356 51142
51142 41719
41719 42461
41719 49546
42461 49546
42461 1274
49546 106957
106957 1274
1274 389049
1274 31290
1274 34800
1274 317608
389049 3158
3158 315660
315660 277794
277794 153109
153109 7533
7533 405912
7533 31290
7533 34800
405912 31290
31290 317628
31290 34800
317628 34800
34800 317608
34800 50361
317608 50361
50361 56438
