397059 3419
397059 352
397059 301
3419 51110
3419 77654
3419 54960
3419 677
3419 124985
3419 48258
3419 166029
3419 8148
3419 10630
3419 352
3419 4526
3419 263267
3419 3549
3419 400305
3419 5980
3419 189192
51110 17507
51110 352
51110 4526
51110 3549
51110 2244
51110 301
17507 77654
17507 677
17507 6742
17507 572
17507 3549
77654 46591
77654 677
77654 6742
77654 572
77654 352
77654 4526
77654 3549
46591 293464
46591 54960
46591 352
293464 54960
293464 352
293464 4526
293464 3549
54960 57042
54960 16745
54960 677
54960 12755
54960 352
54960 4526
54960 3549
54960 2244
54960 186
57042 16745
57042 677
57042 2244
16745 179761
16745 677
16745 352
179761 41341
41341 3952
41341 1564
41341 301
41341 5980
3952 1564
3952 1959
3952 1267
3952 81
3952 2
3952 186
1564 50615
1564 228997
1564 548
1564 124985
1564 63350
1564 187397
50615 1959
50615 548
50615 81
50615 701
50615 572
50615 301
50615 2
1959 412929
1959 2696
1959 63350
1959 47557
412929 2680
412929 205
412929 301
2680 228997
2680 548
2680 301
2680 187397
2680 5980
228997 548
228997 205
228997 301
548 185780
548 701
548 301
548 5980
185780 6809
6809 60895
60895 1935
60895 2
1935 1267
1935 81
1935 352
1267 15421
1267 12272
1267 12372
1267 2714
1267 224117
1267 186
1267 5980
15421 9786
15421 8148
9786 41254
9786 677
9786 81
9786 301
9786 857
41254 10370
10370 130451
10370 205
10370 301
130451 84863
130451 677
130451 352
130451 3549
130451 2244
84863 59075
84863 677
84863 352
84863 4526
84863 3549
84863 301
59075 23029
59075 677
59075 4526
59075 3549
23029 27124
27124 22272
22272 677
22272 81
22272 701
22272 6742
22272 3549
677 102026
677 151192
677 12372
677 701
677 24923
677 166029
677 8148
677 100575
677 352
677 224117
677 3549
677 400305
677 357258
677 187397
677 189192
102026 12272
102026 352
102026 3549
102026 301
12272 8324
12272 48258
12272 104546
8324 57588
57588 151192
151192 12755
151192 2244
151192 2
12755 124985
12755 48258
12755 84929
12755 8148
124985 81
81 12372
81 111768
81 84929
81 166029
81 104546
81 65596
81 187397
81 5980
12372 11872
12372 205
12372 301
12372 2696
11872 48258
11872 205
48258 701
48258 205
48258 572
48258 352
701 111768
701 205
701 301
701 2
701 1488
701 10593
701 5980
111768 205
205 24923
205 84929
205 166029
205 572
205 400305
205 208177
205 301
205 63350
205 187397
205 5980
24923 84929
24923 3549
24923 301
84929 6742
6742 166029
6742 8148
6742 3549
166029 572
166029 352
166029 4526
166029 3549
166029 301
572 45875
572 301
572 104546
572 143839
45875 2714
45875 352
2714 8148
8148 100575
8148 301
8148 5980
100575 10630
10630 352
10630 2244
352 273739
352 3549
352 400305
352 97789
352 857
352 104546
352 164511
352 189192
352 29154
273739 4526
273739 3549
4526 263267
4526 3549
4526 357258
4526 189192
263267 224117
263267 3549
224117 3549
3549 400305
3549 189192
400305 2156
400305 2696
400305 857
2156 208177
2156 187397
208177 2244
2244 286422
2244 343495
2244 63350
2244 187397
2244 5980
2244 189192
286422 301
301 279575
301 2
301 1488
301 63350
301 187397
301 5980
301 189192
279575 2696
2696 312393
312393 43682
43682 343495
343495 2
2 1488
2 63350
2 5980
1488 37776
37776 129249
129249 63350
63350 97789
97789 857
857 357258
857 189192
357258 36105
36105 104546
104546 164511
164511 10593
10593 229670
229670 186
186 143839
186 5980
143839 65596
65596 47557
47557 4587
4587 21590
21590 187397
187397 5980
5980 189192
189192 29154
