360139 19153
19153 52167
19153 47821
19153 128349
19153 14648
52167 28066
28066 54026
28066 6
28066 47821
54026 42240
42240 14548
42240 28125
42240 56432
14548 78484
14548 58139
78484 124117
124117 58139
58139 181112
181112 58134
181112 56756
58134 56756
56756 27341
56756 47821
27341 179073
27341 2417
179073 28125
179073 14648
28125 56432
28125 57487
56432 409
409 196054
409 6
409 1852
196054 867
196054 6
867 326164
867 51
867 11092
326164 78
326164 1852
78 87637
78 100466
78 169120
78 178194
87637 1795
87637 6
87637 1852
1795 179821
1795 111902
179821 1456
1456 63181
63181 11018
63181 6
11018 277384
11018 25131
25131 25120
25131 2417
25120 24620
24620 25809
25809 63152
63152 55670
55670 59133
59133 18571
18571 5628
18571 6
18571 2417
5628 70178
5628 6951
5628 148015
70178 6926
70178 6
70178 2417
6926 49662
49662 16999
49662 6
16999 162055
16999 1844
162055 164
164 96859
96859 2722
2722 65583
65583 1844
1844 3588
3588 16991
16991 6
6 100466
6 11092
6 13025
6 6951
100466 1852
1852 440566
1852 178194
440566 14877
14877 63090
63090 63088
63090 51
63088 51
51 30125
30125 67650
67650 11092
11092 13025
11092 55224
55224 6589
6589 132626
6589 24315
132626 108696
108696 18820
108696 24315
108696 130882
18820 24315
18820 124289
18820 353114
24315 124289
24315 99462
124289 99462
99462 130882
130882 41130
41130 111902
41130 9914
41130 2417
111902 6081
111902 2417
6081 169120
6081 9914
6081 44658
6081 2417
169120 3508
169120 2417
3508 221103
3508 178194
3508 9914
221103 178194
178194 9914
178194 2417
9914 44658
9914 2417
44658 2417
2417 349460
2417 415714
2417 148015
349460 16450
16450 415714
16450 292413
16450 6951
292413 6951
6951 439864
439864 35481
35481 324530
324530 22055
324530 14648
22055 65250
65250 47821
47821 128349
128349 57487
57487 14648
14648 339544
339544 23037
23037 148015
148015 353114
353114 71090
