391133 6119
6119 23280
6119 2526
6119 189518
6119 79180
6119 3810
23280 2526
23280 1896
23280 5478
23280 138
2526 43293
2526 2250
43293 5200
43293 1896
43293 138
5200 117871
5200 8404
5200 9145
5200 9127
117871 956
956 32121
956 147767
956 4664
956 76059
956 28963
956 18886
956 1014
956 57759
32121 15451
32121 74929
32121 138
32121 18915
15451 257950
15451 79180
15451 5478
15451 138
15451 133671
257950 323
257950 1896
323 147767
323 5478
323 80758
323 92415
323 139716
323 99
147767 8404
147767 317
8404 9145
8404 184918
8404 138
8404 465
8404 9127
9145 2236
2236 186634
186634 71418
71418 1896
1896 189518
1896 79180
1896 55534
1896 80758
1896 45823
189518 11956
189518 5478
189518 51341
189518 138
11956 79180
11956 108946
11956 6217
79180 5478
79180 138
5478 55534
5478 92415
5478 139716
55534 51341
51341 108946
51341 51388
108946 38071
38071 51388
51388 10121
10121 125252
10121 18132
125252 6166
125252 7937
6166 360732
6166 210090
6166 3393
6166 5635
210090 3393
210090 138
210090 317
210090 7937
3393 9405
3393 7937
3393 139716
3393 41776
3393 2692
9405 27143
27143 1450
1450 4664
1450 138
1450 1033
1450 99
4664 76059
4664 188
76059 80758
76059 138
76059 317
80758 33244
80758 465
33244 2250
2250 28963
2250 55706
2250 6217
28963 18886
28963 99
28963 18915
18886 172167
18886 138
18886 18915
172167 74929
172167 138
172167 3810
172167 29011
74929 55706
74929 188
55706 28448
55706 138
28448 55709
55709 1014
1014 209593
1014 17632
209593 19913
19913 65102
65102 10809
65102 138
10809 108246
108246 22833
22833 184918
184918 138
184918 465
138 400355
138 293309
138 133671
138 51612
138 5635
138 6217
138 176128
138 6039
138 2692
400355 35478
400355 317
35478 293309
35478 57100
293309 57100
57100 133671
133671 17576
17576 51612
51612 211656
211656 465
211656 317
211656 188
465 5635
465 317
465 41016
465 17632
465 3810
465 18318
465 29011
465 6039
5635 219334
5635 317
219334 317
317 65392
317 7937
317 92415
317 18915
65392 7937
7937 92415
7937 36309
92415 36309
92415 18132
36309 139716
139716 20053
20053 24909
20053 45823
20053 57759
24909 45823
45823 137406
45823 57759
137406 57759
137406 2692
57759 41016
41016 6217
6217 188
188 176128
188 1033
188 99
188 18915
176128 1033
1033 28010
28010 99
99 17632
17632 3810
3810 159168
159168 6623
6623 18318
18318 41776
41776 72142
72142 18915
18915 29011
29011 18132
18132 9127
18132 6039
18132 2692
9127 6039
9127 2692
6039 2692
