190667 123299
190667 383
190667 6948
190667 1274
123299 223037
123299 6963
223037 6963
223037 138
6963 291179
6963 49750
6963 118426
291179 79597
291179 138
79597 3357
79597 463
79597 396
79597 383
79597 138
79597 1274
3357 34546
3357 59
34546 64489
34546 4214
34546 383
34546 59
64489 171883
64489 138
171883 4214
171883 383
171883 138
171883 1274
4214 209811
4214 11195
4214 187330
4214 223006
4214 383
4214 16440
4214 7437
4214 23003
209811 11195
11195 463
11195 383
11195 7437
11195 1274
463 424385
463 187330
463 383
463 6948
463 9717
463 58618
463 50282
187330 396
187330 383
187330 1941
187330 59
187330 138
187330 1274
396 223006
396 82340
396 31717
396 43693
396 220870
223006 383
223006 7932
383 191621
383 1941
383 59
383 290940
383 220870
383 58618
383 16440
383 454323
383 23003
383 1274
191621 1941
191621 59
191621 1274
1941 179295
1941 59
1941 806
1941 138
1941 489
1941 1274
179295 97605
179295 59
179295 138
97605 6393
97605 489
97605 280
6393 59
6393 138
6393 489
6393 1274
59 82340
59 138
59 16440
82340 82338
82340 1274
82338 10178
82338 138
82338 1274
10178 43399
10178 138
10178 1274
43399 31717
31717 75514
75514 20947
75514 49750
20947 113832
113832 290940
113832 7533
290940 140033
290940 6948
290940 138
290940 1274
140033 363912
363912 28174
363912 31836
28174 65283
28174 57958
65283 57958
57958 124047
57958 72929
57958 50218
57958 118426
124047 16787
124047 8757
124047 50218
124047 6948
16787 107069
16787 105787
107069 8745
107069 7533
107069 6948
8745 105023
8745 1274
105023 192651
105023 49750
105023 6948
192651 286471
286471 49750
49750 68804
49750 72929
68804 72929
72929 105787
72929 8757
105787 8757
8757 50218
50218 138580
50218 138613
138580 7533
138580 6948
7533 140795
7533 6948
7533 105698
7533 6969
7533 279393
7533 50282
7533 16440
7533 118426
7533 31836
140795 138613
140795 6948
138613 398242
138613 6948
398242 6948
6948 105701
6948 450596
6948 338011
6948 1274
6948 118426
6948 31836
105701 105698
105698 105699
105699 806
105699 1274
806 238813
806 43693
238813 138
238813 65713
138 43693
138 155995
138 220870
138 9717
138 58618
138 258174
138 450596
138 65713
138 23003
138 1274
43693 7932
43693 1274
7932 216588
7932 193057
7932 220870
7932 7437
7932 454323
193057 11444
11444 369670
369670 3199
369670 280
3199 155995
155995 489
155995 280
489 220870
489 258174
489 1274
220870 280
220870 1274
280 9717
280 1274
9717 1525
1525 58618
58618 2596
58618 1274
2596 258174
258174 1274
450596 6969
6969 136280
136280 35772
35772 279393
35772 338011
35772 65713
279393 50282
50282 338011
338011 338010
338011 16440
338010 16440
16440 65713
65713 424711
65713 1274
424711 7437
7437 454323
454323 23003
23003 1274
1274 200086
200086 33488
33488 118426
118426 31836
31836 397449
