27532 605
605 13667
605 5008
605 62350
605 10458
605 407
605 519
13667 64407
13667 998
64407 156145
156145 9684
156145 111780
156145 407
9684 63653
63653 147
63653 335
147 161348
147 1000
147 153
147 3122
147 2113
161348 2687
161348 998
161348 335
161348 519
2687 62597
2687 2515
2687 178182
2687 8287
2687 519
62597 70292
62597 2515
70292 61989
61989 56
56 7288
56 816
7288 82647
7288 11547
7288 178182
82647 11547
11547 229123
11547 335
229123 998
229123 2515
998 1000
998 65391
998 2475
998 120986
998 9817
1000 153
1000 3122
1000 2113
153 335
335 27472
335 65391
335 178182
335 5008
335 1871
335 99542
27472 2515
2515 65391
2515 1854
2515 65898
65391 1854
1854 2475
1854 5008
2475 105592
2475 1260
105592 77362
77362 246502
246502 120986
120986 11956
11956 178182
178182 39797
178182 519
39797 10445
10445 10836
10445 83379
10445 3802
10836 19543
10836 407
19543 55370
55370 6168
55370 3802
55370 816
55370 7627
6168 120402
120402 9104
9104 136908
9104 4031
9104 5008
136908 4031
136908 7627
4031 5008
4031 24227
5008 58902
5008 407
5008 24227
58902 65898
65898 9817
9817 5038
9817 407
9817 24227
5038 83379
83379 3802
3802 325430
3802 7982
325430 816
816 120846
816 3567
120846 3631
120846 3929
120846 118670
120846 22161
3631 78739
3631 3567
3631 118670
3631 22161
3631 142773
78739 3567
78739 194121
3567 28745
3567 3929
3567 22161
28745 3929
28745 98358
3929 118670
3929 22161
3929 142773
3929 194121
118670 22161
22161 142773
22161 194121
142773 194121
194121 98358
98358 1260
98358 407
98358 519
1260 3122
3122 70472
3122 1871
70472 1871
1871 100938
100938 624
624 7982
624 7868
624 8287
624 407
7982 7868
7982 407
7868 8287
8287 2113
2113 163015
163015 99542
99542 62350
62350 131495
62350 27829
62350 407
62350 519
62350 24227
131495 11724
131495 27829
11724 27829
27829 10458
10458 111780
10458 52152
10458 407
10458 519
111780 52152
111780 407
111780 519
52152 83510
83510 407
407 60553
407 519
407 24227
60553 401455
60553 519
60553 24227
401455 519
519 2151
519 24227
2151 24227
24227 289223
289223 107818
107818 7627
7627 182953
182953 107781
107781 107779
107779 4908
4908 334736
334736 159252
159252 47161
47161 52556
