191273 220
220 150446
220 27579
220 354
220 339255
220 317
220 2727
220 132829
220 131814
220 196932
220 965
150446 27579
150446 354
27579 4446
4446 294694
4446 430098
4446 180202
4446 100572
4446 118145
294694 965
180202 354
180202 206
354 159827
354 131814
354 100572
354 4380
159827 3836
159827 2925
3836 338780
3836 339255
338780 250
250 391143
250 55471
250 181341
250 113789
250 317
391143 55471
55471 181341
55471 16313
55471 4259
55471 206
181341 16313
16313 113789
113789 57706
57706 339255
57706 206
339255 2925
2925 73829
73829 80828
80828 37394
37394 39577
39577 33827
39577 2417
39577 4405
39577 2153
39577 965
39577 2166
33827 312576
33827 2153
33827 2166
312576 2417
312576 4259
2417 186096
2417 236027
2417 2705
2417 2727
2417 132829
2417 2697
2417 212610
2417 238360
2417 109973
2417 2153
2417 965
2417 40902
2417 8398
2417 309912
2417 206
2417 4380
2417 240791
2417 2166
186096 2697
186096 206
236027 120776
236027 142180
236027 317
236027 9798
236027 4259
236027 9797
120776 189454
189454 142180
189454 317
189454 17021
189454 9798
142180 328072
142180 317
142180 9797
328072 317
317 165874
317 2727
317 212610
317 100572
317 9798
317 238360
317 109973
317 397340
317 40902
317 215044
317 215045
317 221285
317 276548
317 77072
165874 44241
44241 2721
44241 2727
44241 965
2721 2705
2705 2727
2705 2697
2727 132829
2727 40489
132829 2697
132829 206
2697 131814
2697 2153
2697 85447
2697 4380
2697 2166
131814 206
196932 80507
80507 212610
212610 17021
212610 9798
212610 4405
212610 2153
212610 965
212610 4259
212610 9797
212610 2166
17021 100572
17021 9798
17021 2153
17021 4259
17021 4380
17021 2166
100572 9798
9798 238360
9798 109973
9798 4405
9798 2153
9798 8398
9798 221285
9798 4259
9798 85447
9798 9797
9798 206
9798 240791
238360 2153
238360 4259
238360 206
109973 4405
109973 4259
4405 397340
4405 2153
4405 8398
4405 4380
4405 2166
397340 2153
397340 4259
397340 2166
2153 213181
2153 8398
2153 85447
2153 309912
2153 9797
2153 206
2153 4380
2153 240791
2153 2166
2153 77072
213181 965
965 40902
965 8398
965 215044
965 215045
965 240791
40902 8398
8398 215044
8398 4259
8398 9797
8398 4380
215044 215045
215045 221285
215045 4259
221285 4259
4259 184962
4259 309912
4259 4380
4259 240791
4259 2166
184962 85447
184962 206
184962 2166
85447 309912
85447 2166
309912 9797
309912 206
9797 276548
9797 2166
276548 206
206 147923
206 8868
206 49693
206 50295
206 240791
147923 30243
30243 90916
90916 73856
73856 118145
118145 91030
91030 35481
35481 172901
35481 74617
172901 115239
172901 46138
115239 74617
74617 65075
65075 46138
65075 213983
46138 213983
46138 8956
46138 50295
213983 65097
213983 8956
65097 214507
65097 86679
65097 8956
214507 8868
214507 8956
8868 86679
8868 49693
8868 8956
86679 49693
86679 8956
49693 8956
8956 238870
8956 50295
238870 65105
65105 50295
50295 317462
317462 322227
322227 40489
40489 134475
134475 9578
9578 57786
57786 4380
4380 240791
4380 2166
240791 2166
2166 77072
