0 1
1 2
1 3
2 4
4 5
4 3
5 6
5 7
5 8
5 9
5 10
5 11
5 12
5 13
5 14
5 15
5 16
5 17
5 18
5 19
5 20
5 3
5 21
5 22
6 7
7 8
8 23
23 24
23 9
23 25
23 26
23 27
23 28
23 29
23 11
23 30
24 31
24 25
31 32
31 33
31 25
31 34
31 26
31 35
32 9
9 33
9 25
9 11
33 25
33 26
25 34
25 10
25 26
25 35
25 11
34 10
10 26
10 27
10 29
10 11
10 3
26 35
26 36
26 27
26 28
26 11
35 36
36 27
36 11
27 28
27 11
28 29
29 37
29 11
29 3
29 38
37 11
11 12
11 3
12 39
12 3
39 40
39 41
41 42
41 43
42 43
43 44
44 45
45 46
45 47
46 48
46 49
46 50
48 13
48 51
48 52
48 38
48 53
48 50
48 54
13 51
13 52
13 47
13 49
51 55
51 38
51 47
51 49
55 56
56 14
14 15
14 3
15 16
15 57
15 19
15 3
16 17
16 58
16 3
17 58
17 3
58 57
58 3
58 21
57 18
18 19
19 20
19 21
20 3
3 21
3 59
3 60
3 61
3 62
3 63
21 59
59 22
22 60
60 64
64 65
65 66
65 38
66 67
67 68
68 52
68 38
68 49
52 61
52 62
52 69
61 38
61 49
38 70
38 62
38 69
38 71
38 72
38 30
38 73
38 74
38 49
38 63
38 75
38 76
38 54
38 77
38 78
38 79
38 80
38 81
38 82
38 83
38 84
70 47
70 49
47 85
47 49
85 86
85 74
85 87
86 88
86 54
88 89
89 62
62 90
62 78
90 69
90 50
90 77
90 78
90 80
69 71
69 49
69 78
71 53
71 49
71 54
53 72
72 91
91 30
91 87
30 73
30 75
30 78
73 74
73 49
73 54
73 78
74 92
74 63
74 78
92 49
49 93
49 50
49 63
49 76
49 79
49 83
49 84
93 50
50 63
50 75
50 77
50 80
63 94
63 78
94 95
95 96
95 87
96 75
75 87
87 76
87 77
87 80
87 83
76 54
54 77
54 83
77 78
78 79
79 80
80 81
81 82
82 83
83 97
97 98
98 84
98 99
84 99
