0 1
1 2
1 3
1 4
1 5
1 6
1 7
1 8
1 9
1 10
1 11
1 12
1 13
1 14
1 15
2 16
16 17
17 3
3 18
3 4
3 7
3 12
3 19
18 4
18 11
4 5
4 6
4 20
4 21
5 6
5 19
6 22
6 23
6 11
22 7
22 19
7 24
24 25
25 26
25 27
26 8
8 28
8 29
28 30
28 31
28 32
28 33
30 31
30 32
30 11
31 34
31 27
31 10
34 35
35 9
9 36
9 37
9 27
36 37
37 32
32 38
38 27
38 11
27 10
27 33
10 33
33 23
33 11
23 39
23 11
39 11
11 40
11 20
40 20
20 12
12 41
12 15
41 13
41 14
41 15
13 14
13 15
13 42
13 19
14 43
14 19
43 15
15 44
15 19
44 21
44 19
21 45
21 42
21 46
21 47
21 48
21 49
21 50
21 51
21 19
21 52
21 53
21 54
21 55
21 56
21 57
21 58
21 59
45 42
45 57
42 60
42 48
42 51
42 55
42 59
60 61
60 19
61 46
46 62
46 19
62 63
62 19
63 64
63 65
64 66
64 67
64 68
64 69
64 70
64 71
64 72
66 47
66 57
66 58
47 48
47 52
47 73
47 74
47 58
48 49
48 50
49 75
49 76
49 54
49 57
75 76
76 77
77 50
77 57
50 78
50 53
50 57
50 59
78 79
79 80
80 51
51 19
19 52
19 59
19 68
52 53
53 81
53 54
53 74
53 57
81 54
54 73
54 82
54 56
54 83
54 57
54 58
54 84
73 65
73 57
65 85
85 86
85 29
86 67
67 55
55 87
55 29
55 57
55 59
87 29
29 88
29 89
88 82
88 57
82 56
82 58
82 89
56 90
56 91
56 57
56 58
90 91
90 58
91 83
91 57
83 92
83 57
92 93
92 57
93 94
93 57
93 58
94 74
94 57
74 57
57 95
57 58
57 96
57 59
57 68
57 84
95 58
58 89
89 96
96 59
59 68
68 69
68 84
68 70
69 84
84 70
70 71
71 72
72 97
97 98
98 99
