0 1
1 2
2 3
2 4
3 5
3 4
5 6
6 4
6 7
4 7
7 8
7 9
8 10
10 11
11 12
12 13
13 14
13 15
14 16
16 15
15 17
15 18
15 19
15 20
15 21
15 22
15 23
15 24
17 18
17 25
18 19
18 26
18 9
19 27
19 25
27 25
25 20
25 21
25 22
25 28
25 29
25 9
21 30
21 24
30 22
30 28
22 24
28 26
28 31
26 32
26 33
32 33
33 23
33 24
23 24
24 34
34 35
35 36
35 37
35 38
35 39
35 40
36 41
36 42
36 38
36 29
41 37
41 43
41 29
37 42
37 44
37 45
37 29
37 46
37 9
42 47
42 48
42 39
42 29
42 9
47 49
47 43
47 50
47 46
49 31
49 43
31 51
31 52
31 53
51 44
44 54
44 43
54 55
54 9
55 56
56 57
57 58
58 48
58 45
58 46
48 59
59 60
60 61
60 62
61 63
61 46
61 64
61 65
61 62
63 43
63 45
63 50
63 46
63 62
43 66
43 29
66 45
66 29
66 46
45 67
45 50
45 68
45 46
45 69
45 70
45 64
67 50
50 68
50 71
50 46
50 72
50 69
50 70
50 64
50 65
68 73
68 46
68 70
73 38
73 29
38 39
39 40
39 29
40 74
40 75
74 75
75 71
71 29
71 46
29 76
29 77
76 46
46 72
46 69
46 64
46 65
46 62
46 77
46 78
72 79
79 80
79 81
79 69
80 81
69 70
70 64
70 65
64 82
64 62
82 83
83 84
84 85
85 86
86 65
65 62
62 77
77 9
9 87
87 88
88 89
88 90
89 91
89 92
91 93
91 94
93 95
93 52
93 78
93 90
95 52
95 94
52 96
96 78
96 53
96 90
78 53
53 90
90 97
90 94
97 98
98 92
92 99
99 94
