0 1
1 2
2 3
2 4
2 5
2 6
3 7
3 4
3 8
7 9
9 10
9 8
9 5
9 11
9 12
9 6
9 13
10 14
10 15
10 5
10 12
10 16
10 17
14 15
14 5
14 17
15 18
15 4
15 5
15 11
15 12
18 4
4 19
4 20
4 11
19 21
21 20
20 8
8 22
22 5
5 23
5 24
5 25
5 26
5 12
5 27
5 28
5 29
5 30
5 31
5 32
5 33
5 34
5 35
5 36
5 17
5 37
5 38
5 39
5 40
5 41
5 13
5 42
23 43
23 12
23 31
23 40
43 11
43 36
11 44
44 45
44 46
44 25
45 46
45 24
46 24
24 25
24 31
24 17
26 12
12 27
12 31
12 17
12 6
12 37
27 47
27 36
27 40
47 28
47 36
28 48
28 29
28 30
28 34
28 35
28 36
28 40
28 49
28 13
28 50
28 42
48 29
48 36
29 30
29 34
29 36
29 51
29 40
29 49
29 13
30 31
30 34
30 36
30 51
30 40
30 13
30 52
31 53
31 34
31 17
31 54
53 55
53 17
55 32
55 16
32 16
32 51
32 13
32 56
16 33
16 35
33 57
57 58
57 34
57 36
57 40
58 59
59 60
60 61
61 62
61 63
62 64
62 13
64 63
63 65
63 36
63 40
65 34
34 35
34 36
34 40
34 41
34 49
34 13
34 42
35 36
35 40
35 13
36 66
36 51
36 37
36 40
36 41
36 49
36 13
36 67
36 68
66 69
66 17
66 51
69 70
69 71
70 72
72 71
71 17
17 73
17 54
73 51
73 6
51 74
51 75
51 40
51 13
51 76
51 77
51 78
51 79
51 54
74 6
74 80
6 81
6 82
6 83
81 84
84 85
84 75
84 80
85 75
85 86
85 80
75 37
75 86
37 87
37 13
87 86
86 38
38 39
39 40
40 41
40 56
40 88
40 89
40 52
40 67
40 90
41 49
41 13
41 42
49 13
13 76
76 50
50 91
91 92
92 56
56 88
88 89
88 67
88 93
89 52
52 94
52 67
52 90
94 67
67 90
90 42
42 95
95 77
95 78
77 78
78 79
79 96
96 97
96 82
97 82
82 98
82 68
98 68
68 80
80 83
83 93
93 54
54 99
