0 1
1 2
2 3
3 4
3 5
4 6
4 7
4 8
4 9
4 10
4 11
4 12
4 13
4 14
4 5
4 15
6 7
6 16
6 9
6 5
7 16
16 17
17 8
8 9
8 12
8 18
8 13
8 5
9 10
9 11
9 19
10 20
10 21
10 22
10 5
10 23
20 24
24 25
24 5
25 11
11 26
11 27
11 13
11 5
11 28
26 29
26 15
26 23
26 30
29 12
29 18
29 27
29 13
29 15
29 23
12 31
12 32
12 33
12 34
12 19
12 35
12 36
12 15
12 23
12 30
31 37
31 18
31 13
31 15
31 23
37 18
37 27
37 15
37 23
18 38
18 39
18 40
18 41
18 19
18 35
18 14
18 42
18 43
18 15
18 23
38 32
32 44
32 13
32 15
44 21
44 23
21 39
21 45
21 41
21 46
21 43
39 45
39 13
39 23
45 33
45 23
33 47
33 23
47 48
48 40
40 49
40 50
40 51
40 14
40 5
40 23
49 50
49 52
49 14
50 53
50 52
50 54
50 55
50 56
50 46
50 57
53 52
53 22
52 54
52 58
52 59
52 60
52 51
52 14
54 55
54 46
54 61
55 62
55 46
62 63
63 64
64 56
64 58
64 46
56 22
22 65
22 27
22 41
22 66
22 46
22 67
22 15
65 27
65 15
65 23
27 68
27 41
27 66
27 46
68 41
41 69
41 66
69 70
70 71
70 72
71 73
71 13
71 15
71 23
73 74
74 75
75 34
75 15
34 72
72 76
76 13
13 19
13 46
13 35
13 77
13 42
13 43
13 15
13 78
13 23
13 30
19 79
79 80
79 81
80 82
80 30
82 83
82 84
83 85
83 84
83 5
85 84
84 86
86 87
87 88
88 58
88 5
58 66
58 46
66 46
46 35
46 14
35 89
35 61
35 14
35 5
35 81
35 15
35 23
89 90
90 61
61 91
61 5
91 92
91 77
91 57
91 14
91 5
92 93
92 14
92 5
93 77
93 14
93 5
77 57
77 14
77 15
77 23
57 94
57 59
94 59
59 60
60 51
60 5
51 95
51 67
67 14
67 5
14 42
14 5
14 43
42 5
42 15
5 36
5 81
5 43
5 96
5 30
36 81
81 97
81 98
81 43
81 30
97 98
98 43
43 15
43 23
15 78
15 23
15 30
78 28
78 23
28 96
96 23
23 30
30 99
