0 1
0 2
1 3
1 4
3 2
2 4
2 5
2 6
2 7
2 8
2 9
4 5
4 9
5 10
10 6
6 11
11 12
12 7
12 9
7 13
7 14
7 15
7 16
7 17
7 9
7 18
7 19
7 20
7 21
13 22
13 23
13 19
22 14
22 24
22 25
22 26
22 27
22 28
22 20
22 29
22 30
14 8
14 9
8 31
8 17
8 21
8 32
31 33
31 9
31 34
33 35
35 36
35 37
35 27
35 38
35 39
35 40
35 41
36 37
36 28
37 42
37 23
37 28
42 43
43 24
24 44
44 45
45 46
46 47
47 48
48 25
25 49
49 50
49 51
49 9
50 51
50 19
51 26
51 52
51 53
51 9
51 19
51 54
51 55
51 56
51 27
51 30
26 57
26 58
26 52
26 19
26 30
57 59
59 58
58 52
58 19
52 53
52 19
52 56
52 27
52 30
52 39
53 60
53 19
60 61
60 19
61 15
61 16
61 19
15 62
15 9
62 16
62 9
62 19
16 63
16 9
63 64
64 65
65 66
65 67
65 9
66 68
66 67
66 9
68 67
67 69
67 23
67 9
67 19
69 70
69 71
69 34
70 71
70 34
71 72
71 9
72 23
23 17
23 19
23 56
23 27
23 73
23 28
23 74
23 75
23 39
23 40
23 41
17 9
9 76
9 18
9 55
9 77
9 74
9 29
9 75
9 39
9 21
76 78
78 79
79 34
34 18
34 29
34 75
34 30
34 39
18 19
18 80
19 54
19 55
19 56
19 27
19 28
19 74
19 30
54 55
55 56
56 27
27 81
27 82
27 28
81 83
83 73
73 82
82 84
82 77
84 85
85 86
86 38
38 77
38 28
38 87
77 28
77 75
28 74
28 29
28 75
28 40
28 80
74 20
20 29
29 88
29 80
88 89
89 75
75 90
75 91
90 92
92 91
91 93
93 94
93 95
95 96
96 97
97 98
98 30
30 39
39 40
39 99
40 21
21 99
21 80
99 80
80 32
32 87
87 41
