0 1
1 2
2 3
3 4
3 5
4 6
4 5
6 7
7 8
8 9
8 10
9 11
11 12
11 5
11 13
11 14
11 15
12 16
16 17
17 18
17 19
17 20
17 21
17 22
18 23
23 19
23 20
19 20
20 24
24 25
24 26
24 27
24 5
25 26
26 28
28 27
27 29
29 30
30 31
31 32
32 33
32 5
32 34
32 13
32 35
33 36
36 37
36 35
37 38
38 39
39 40
39 41
39 42
39 13
39 35
39 43
39 44
39 45
39 46
39 15
39 47
39 48
39 49
39 50
40 51
40 13
51 41
51 13
51 35
51 52
51 44
51 45
51 53
51 47
51 54
41 5
41 55
5 56
5 57
5 58
5 59
5 60
5 61
56 34
56 55
34 62
34 63
34 15
34 64
62 65
62 55
65 42
65 66
42 13
42 48
13 57
13 44
13 14
13 45
13 15
13 67
13 68
13 48
13 69
13 49
13 54
13 64
57 35
57 15
57 55
57 64
35 52
35 43
35 44
35 15
35 64
44 14
14 45
14 70
45 46
45 15
45 55
46 71
71 72
72 58
72 73
58 70
70 59
59 10
10 73
73 74
73 75
74 76
74 15
74 77
76 66
76 78
66 55
78 63
63 15
15 79
15 77
79 77
79 55
77 80
80 81
81 82
81 83
82 83
83 60
60 53
53 67
67 84
67 47
84 47
47 68
68 48
68 55
48 55
55 69
55 64
69 49
49 85
49 50
85 50
50 54
54 86
54 21
86 61
61 87
87 88
87 89
88 90
90 91
91 21
21 92
21 22
21 75
21 93
92 94
94 95
95 22
22 89
89 75
75 93
93 96
96 97
97 98
98 64
64 99
