0 1
1 2
1 3
1 4
1 5
1 6
1 7
1 8
1 9
1 10
1 11
1 12
1 13
1 14
1 15
1 16
1 17
1 18
1 19
1 20
3 21
3 22
21 23
21 24
21 25
21 26
21 5
21 27
21 28
21 29
21 8
21 9
21 22
21 30
23 24
24 31
24 25
24 28
24 8
31 32
31 25
32 25
32 8
32 22
25 33
25 27
25 8
33 26
33 22
26 34
26 22
34 35
35 4
4 36
36 37
37 38
38 39
39 40
40 41
41 42
41 28
42 5
42 7
42 28
5 43
5 44
5 22
43 6
6 45
6 46
45 47
45 44
45 48
47 49
49 44
44 46
44 50
46 48
48 50
48 51
50 52
50 27
50 14
52 27
27 53
27 28
27 22
27 54
27 55
53 56
53 28
56 7
56 28
7 28
28 29
28 8
28 22
29 8
8 9
8 22
8 57
9 22
10 22
22 11
22 30
22 13
11 30
30 12
12 58
58 13
58 16
13 59
59 54
59 60
54 61
54 62
61 60
61 62
60 62
62 63
63 64
64 65
64 66
64 51
64 67
64 68
65 66
65 69
65 51
66 70
66 14
66 51
66 68
70 71
70 51
71 14
71 57
71 72
71 73
71 74
71 69
71 51
14 75
14 76
14 73
14 77
14 15
14 78
14 74
14 79
75 80
75 72
75 73
75 15
75 74
75 69
80 57
80 74
80 18
57 81
57 82
57 76
57 72
57 73
57 83
57 84
57 77
57 85
57 86
57 51
57 87
57 68
81 88
81 82
81 76
81 72
81 73
81 84
81 74
81 51
88 89
88 72
88 73
88 77
88 69
89 90
90 55
90 72
90 69
90 51
55 82
55 72
55 74
82 76
82 72
82 77
82 51
76 72
76 73
76 15
76 69
76 51
72 91
72 73
72 83
72 84
72 77
72 85
72 78
72 92
72 93
72 74
72 79
91 73
73 83
73 15
73 86
73 92
73 74
73 69
73 51
83 74
84 77
84 74
84 69
77 85
77 86
77 74
85 15
85 74
15 78
15 92
15 93
15 74
15 69
78 86
78 74
78 69
86 92
86 69
92 74
92 69
93 74
74 79
79 69
79 51
69 94
69 95
94 16
94 18
94 51
94 68
16 17
17 18
18 19
18 20
19 96
19 51
96 97
96 95
96 87
97 20
97 51
97 87
97 68
20 95
20 51
95 51
95 87
51 67
51 68
67 87
87 98
98 68
68 99
