0 1
1 2
2 3
2 4
3 5
3 4
3 6
4 7
7 6
6 8
6 9
6 10
6 11
6 12
6 13
6 14
8 9
8 15
8 16
9 17
9 16
17 18
17 19
18 19
19 20
19 10
19 21
20 10
10 21
10 16
21 22
22 23
23 24
24 25
24 15
25 26
26 11
11 12
12 13
13 27
13 28
13 16
27 29
29 30
29 31
29 16
29 32
30 33
33 31
33 15
33 16
33 34
33 32
31 35
31 16
31 14
31 34
31 36
35 37
35 38
37 39
37 40
39 41
41 42
41 43
41 44
41 40
41 45
42 43
43 44
40 38
38 45
45 46
45 16
45 32
46 47
47 48
48 49
48 34
48 50
48 51
49 52
52 53
52 54
52 28
52 55
52 15
52 34
52 50
52 32
53 55
54 56
54 15
56 57
57 28
28 58
28 59
28 60
28 61
28 14
28 62
28 63
28 64
28 36
28 65
58 55
58 15
58 16
58 34
58 50
58 51
55 66
55 67
55 68
55 69
66 32
67 70
70 68
68 15
68 51
68 32
15 71
15 59
15 72
15 73
15 74
15 14
15 75
15 62
71 76
59 60
59 34
60 72
60 16
60 34
60 36
60 76
72 73
73 77
73 16
73 50
73 76
77 69
77 16
69 78
69 16
69 50
69 76
78 79
79 80
79 76
80 81
81 82
82 16
16 83
16 61
16 74
16 14
16 34
16 84
16 64
16 36
16 76
16 85
83 86
86 87
86 88
86 89
86 90
87 88
87 91
88 92
88 89
88 90
88 91
92 89
92 90
89 90
89 91
90 61
90 91
90 74
61 91
61 50
61 51
91 74
74 93
93 94
93 34
93 51
94 14
14 34
14 51
34 75
34 84
34 64
34 76
34 65
34 85
75 50
50 84
50 65
84 51
51 95
51 62
95 96
96 97
97 62
97 32
62 32
32 63
63 64
64 36
36 98
98 99
98 85
99 76
76 65
65 85
