0 1
1 2
2 3
2 4
2 5
2 6
2 7
3 8
3 7
8 9
8 10
8 5
8 6
9 11
9 10
9 12
9 13
9 14
9 15
9 16
9 17
9 5
9 7
11 10
10 18
10 19
10 20
10 21
10 13
10 14
10 22
10 16
10 17
10 23
10 24
10 25
10 5
10 26
18 27
18 28
27 19
27 28
19 20
19 29
19 30
20 31
20 32
31 32
32 4
4 33
4 34
4 35
4 15
4 36
4 5
4 37
4 38
4 39
33 40
33 7
40 41
41 42
42 43
43 44
44 45
45 21
45 34
45 46
45 47
21 48
48 49
48 50
48 51
48 34
48 35
48 47
48 52
48 53
48 54
49 55
49 56
49 35
55 56
56 50
50 51
50 57
50 58
51 59
59 34
34 46
34 35
46 60
46 6
60 57
57 35
57 61
57 62
35 47
35 5
35 7
47 52
52 63
52 64
63 65
65 12
12 66
12 67
66 67
67 68
68 69
68 70
69 64
64 70
70 71
71 72
72 58
58 73
58 5
73 74
73 5
74 75
75 61
75 5
61 76
61 13
61 5
61 77
13 78
13 14
13 15
13 16
13 23
13 5
78 15
14 15
14 16
14 5
14 79
14 77
15 80
15 22
15 16
15 23
80 81
80 16
81 22
81 25
81 5
22 16
16 17
16 23
16 24
16 5
17 23
23 24
23 25
24 82
82 36
82 5
36 25
36 5
25 5
5 37
5 83
5 26
5 38
5 84
37 6
37 7
6 83
83 7
7 85
85 86
86 26
26 79
79 87
87 88
88 89
89 29
29 90
29 91
29 92
29 93
29 28
29 94
90 30
30 91
30 93
30 28
30 94
91 92
91 93
91 28
91 94
92 93
93 38
93 28
38 28
28 94
94 39
39 95
95 96
96 97
97 53
53 54
54 62
62 98
98 77
77 84
84 99
