0 1
1 2
2 3
3 4
3 5
4 6
4 7
4 5
6 8
6 9
6 10
6 11
6 5
6 12
6 13
6 14
6 15
8 16
8 9
8 17
8 18
8 19
8 10
8 20
8 21
8 5
8 22
8 13
16 9
16 17
16 23
16 21
16 7
16 24
16 5
16 25
9 17
9 26
9 27
9 10
9 23
9 21
9 7
9 28
9 22
9 29
9 30
9 25
17 31
17 23
17 7
17 32
17 11
17 5
17 22
17 13
31 26
31 27
31 7
31 11
31 5
31 22
26 27
26 18
26 10
26 11
26 5
26 12
26 33
27 18
27 10
27 21
27 24
27 11
27 5
27 33
18 19
18 10
18 23
18 21
18 24
18 5
18 22
18 12
18 13
18 33
18 25
19 10
19 34
19 5
19 33
10 20
10 21
10 24
10 11
10 5
10 12
10 29
10 13
10 33
10 35
20 34
20 33
34 36
34 37
36 38
36 11
36 13
36 33
38 23
38 11
38 5
38 13
38 33
38 39
38 40
23 21
23 7
23 24
23 11
23 41
23 42
23 5
23 22
23 13
23 33
23 25
23 15
21 43
21 7
21 24
21 11
21 41
21 42
21 5
21 13
21 33
21 25
43 7
43 22
43 25
7 24
7 5
7 12
7 25
24 32
24 5
24 22
24 12
24 29
24 25
24 39
24 44
32 11
32 22
32 13
11 37
11 41
11 45
11 5
11 46
11 22
11 29
11 47
11 48
11 13
11 49
11 50
11 51
11 52
11 53
11 33
11 54
11 39
11 35
11 55
37 56
37 33
56 57
56 45
56 53
57 58
57 28
58 59
59 28
59 33
28 60
28 47
60 61
61 62
62 63
62 64
63 65
65 66
65 39
66 67
66 68
67 69
67 39
69 70
70 41
41 71
41 42
41 48
71 45
71 5
45 42
42 72
42 33
42 54
42 25
72 5
72 39
5 46
5 22
5 29
5 47
5 73
5 48
5 13
5 49
5 50
5 74
5 51
5 75
5 52
5 14
5 76
5 53
5 40
5 35
22 12
22 13
22 33
22 39
12 29
29 47
29 13
29 14
29 33
29 39
29 40
47 73
47 75
47 14
47 33
47 39
47 40
47 44
73 48
73 77
73 44
48 13
48 75
48 33
48 39
48 40
13 49
13 74
13 51
13 33
49 50
50 74
50 33
50 40
74 78
74 79
74 75
78 39
78 44
79 51
79 75
79 40
51 75
75 52
75 77
75 14
75 33
75 39
52 77
52 33
77 80
77 14
77 39
80 14
80 39
80 44
14 76
14 39
53 81
53 33
53 15
81 82
82 83
82 33
82 84
82 39
82 44
83 85
85 86
86 33
33 87
33 88
33 35
87 89
89 68
68 30
68 39
30 54
54 25
54 84
54 44
25 90
25 44
90 84
90 39
90 40
90 44
84 91
84 44
84 35
91 39
91 44
39 92
39 40
39 44
92 40
40 88
88 93
93 94
93 95
93 35
94 96
95 44
44 35
35 15
15 55
55 97
97 64
64 98
98 99
