0 1
1 2
1 3
1 4
1 5
2 3
2 6
2 7
2 8
3 9
3 10
9 11
9 12
9 8
11 13
11 14
11 15
11 16
11 17
11 18
11 8
11 19
11 20
13 6
13 4
13 7
13 8
6 21
6 22
6 23
6 18
6 10
6 24
6 25
6 7
6 26
6 27
6 20
6 28
6 29
6 30
21 31
21 22
21 10
31 32
32 14
32 33
32 29
14 34
14 4
14 7
14 8
14 20
34 12
34 10
12 35
12 36
12 37
12 38
12 22
12 23
12 39
12 40
12 33
12 15
12 10
12 4
12 41
12 42
12 7
12 5
12 26
12 43
12 30
35 36
35 4
35 7
36 44
36 45
36 22
36 10
36 4
36 5
44 46
44 22
46 47
46 10
46 4
47 45
47 48
47 49
47 4
45 50
45 22
45 51
45 4
50 52
50 4
52 37
52 53
52 51
37 54
37 22
37 51
37 55
37 4
37 7
37 29
54 38
54 51
54 4
38 22
38 4
38 7
38 5
22 56
22 49
22 39
22 57
22 58
22 41
22 25
22 5
22 26
56 59
59 48
48 60
60 53
53 51
51 49
51 10
49 23
49 4
49 5
23 39
23 61
23 15
23 10
23 41
23 62
23 5
23 27
23 30
39 63
39 10
39 4
39 8
39 29
63 61
63 18
63 64
61 65
61 24
65 66
65 15
65 4
65 67
65 68
66 69
69 70
70 71
70 10
70 4
70 7
70 8
70 20
71 72
72 40
72 4
72 8
40 73
73 33
73 4
33 15
33 10
33 7
33 5
33 20
15 74
15 10
15 4
15 24
15 5
15 8
15 20
74 16
74 8
74 20
16 75
16 76
16 8
16 19
16 20
75 76
75 77
75 8
76 77
77 78
78 17
78 79
78 8
17 18
17 10
17 7
17 5
17 8
17 19
17 20
18 55
18 80
18 81
18 4
18 7
18 8
55 82
55 79
55 80
55 41
55 83
55 84
55 85
55 5
55 86
55 26
55 30
82 87
82 10
82 7
87 88
88 89
88 79
88 10
88 24
88 7
88 5
89 79
79 80
79 85
80 81
80 29
81 57
81 7
57 10
57 7
10 58
10 4
10 41
10 25
10 62
10 7
10 90
10 5
10 26
10 8
10 27
58 4
58 29
4 41
4 42
4 62
4 5
4 91
4 27
4 29
4 30
41 24
24 92
24 93
24 20
92 67
67 42
67 19
42 94
42 8
94 25
25 95
25 29
95 93
95 29
93 83
93 7
83 84
84 64
84 7
84 5
64 62
62 7
7 90
7 96
7 5
7 86
7 26
7 97
90 85
85 98
98 96
96 5
5 86
86 26
26 91
91 8
8 97
8 27
8 19
8 20
97 99
99 68
68 27
27 19
27 20
19 43
43 20
20 28
28 29
29 30
