0 1
0 2
0 3
0 4
1 5
1 2
5 6
5 7
6 2
6 8
2 9
2 10
2 11
2 12
2 13
2 14
2 15
2 16
2 17
2 18
2 19
2 20
2 21
2 22
2 23
2 24
2 25
2 26
2 7
2 27
2 28
2 29
2 8
2 30
2 31
2 32
2 33
2 34
2 35
2 36
2 37
2 38
2 39
9 40
9 8
40 10
40 11
40 41
40 21
40 3
40 42
40 43
40 24
40 8
40 44
40 34
40 45
40 46
10 47
10 3
10 8
47 11
47 41
47 4
11 12
12 48
12 49
12 33
12 50
48 13
48 34
13 14
13 3
13 28
13 51
14 15
14 49
14 3
14 25
14 7
14 8
15 49
15 7
15 52
15 53
15 51
15 39
49 16
49 25
49 32
49 52
49 53
16 17
16 21
16 3
16 8
16 39
17 54
54 18
54 55
18 41
18 8
41 19
41 56
41 43
41 4
41 57
41 8
41 58
19 56
19 43
19 57
56 59
56 43
56 7
59 60
60 61
60 7
61 55
55 62
55 39
62 20
62 51
20 8
20 63
21 3
21 7
21 8
3 42
3 43
3 64
3 22
3 65
3 8
3 66
42 43
42 8
42 36
42 39
43 64
43 4
64 22
22 4
22 8
4 23
4 8
23 8
23 36
23 67
24 25
24 8
25 68
25 69
68 26
26 57
57 70
57 34
57 71
70 72
72 7
72 73
7 74
7 28
7 8
7 32
7 71
7 75
74 27
27 76
76 77
77 28
28 65
28 71
28 50
65 29
65 78
29 8
8 79
8 30
8 31
8 32
8 80
8 81
8 35
8 63
8 37
8 67
8 38
8 66
8 52
8 69
8 46
79 82
82 83
82 44
83 84
83 85
84 30
84 85
84 67
30 31
30 85
31 58
58 44
58 85
44 32
32 33
32 53
32 51
33 34
34 78
34 71
78 80
78 63
78 69
81 35
35 86
35 36
86 36
36 87
87 63
63 37
63 88
37 85
85 88
88 67
67 38
38 66
66 45
66 71
66 52
45 71
71 75
75 52
52 53
53 69
69 89
89 51
51 90
90 73
73 50
73 39
50 91
91 39
39 46
46 92
92 93
93 94
93 95
94 96
94 95
96 97
97 98
98 95
95 99
