0 1
1 2
1 3
1 4
1 5
1 6
1 7
1 8
1 9
1 10
1 11
2 12
12 13
12 14
12 3
12 15
12 8
12 16
12 9
12 17
12 18
12 10
12 19
12 11
12 20
12 21
13 22
22 23
23 14
14 24
24 3
3 25
25 26
25 5
26 4
4 27
4 5
27 5
5 28
5 29
28 29
29 30
30 31
31 32
32 33
33 15
15 34
34 35
35 36
35 37
36 6
36 38
36 37
6 7
6 38
7 39
7 40
39 37
40 41
41 42
42 43
43 38
38 44
44 37
37 8
8 45
45 16
16 46
46 9
9 47
9 48
9 49
47 50
47 51
47 52
47 48
47 53
47 54
47 49
47 55
50 51
51 56
51 57
56 57
57 58
58 59
58 60
58 61
58 62
59 63
59 60
59 61
59 64
63 60
63 61
63 65
60 61
60 66
60 67
60 68
61 69
61 68
69 70
69 67
69 71
69 72
70 66
66 73
66 74
73 67
67 75
67 76
67 52
67 77
67 78
67 79
67 80
75 81
81 64
81 65
64 82
64 76
64 52
64 71
82 76
82 17
82 65
76 17
76 83
76 65
17 83
17 65
17 71
83 52
52 48
52 71
52 20
48 84
48 85
48 49
84 86
84 18
86 18
18 53
53 87
87 88
87 71
87 89
88 90
90 74
90 71
90 11
74 10
74 65
10 65
65 91
65 78
65 20
91 92
91 77
92 77
77 85
85 93
85 71
93 78
93 80
78 71
71 94
71 19
71 68
71 79
71 11
71 95
71 20
71 80
94 89
89 96
89 19
96 97
97 19
97 54
54 49
54 72
49 55
49 72
55 62
62 68
68 72
72 79
72 11
79 98
98 99
98 21
99 11
11 95
95 20
20 80
80 21
