0 1
1 2
2 3
3 4
4 5
5 6
6 7
6 8
6 9
6 10
7 11
7 12
11 13
11 12
13 14
13 15
13 12
13 16
14 17
14 12
17 18
17 8
17 19
18 8
8 20
8 21
8 22
8 23
8 24
8 25
8 19
8 26
8 27
8 28
8 29
8 30
8 31
8 32
8 33
8 16
8 34
8 35
8 36
8 37
8 38
20 39
20 15
39 40
39 24
39 41
40 42
40 10
42 43
42 44
42 45
42 10
43 46
46 47
46 48
47 49
47 15
49 50
50 51
51 52
52 53
53 54
53 12
54 48
48 21
48 15
48 55
21 22
21 15
21 55
22 56
22 31
56 15
56 31
15 44
15 45
15 57
15 31
15 9
15 58
15 59
15 33
44 55
55 23
23 60
23 61
60 62
62 63
62 9
62 64
63 65
65 66
66 45
45 24
45 67
45 68
45 9
45 12
24 10
24 12
67 69
69 25
25 19
25 31
25 9
19 26
19 31
26 27
26 31
27 28
27 29
27 31
28 29
29 57
29 31
29 68
57 70
57 31
70 30
30 31
31 68
31 71
31 72
31 34
31 73
68 71
68 9
71 9
9 72
9 41
9 74
9 38
72 41
72 12
41 75
41 12
75 76
76 64
64 61
61 32
32 58
58 10
10 77
10 33
77 78
77 79
78 80
78 79
80 79
79 59
79 74
79 81
79 82
59 74
74 33
33 81
81 82
82 12
12 16
12 83
12 38
12 84
12 73
16 85
16 86
16 87
16 88
16 84
85 89
85 36
89 34
89 88
34 86
86 90
86 91
86 37
86 38
86 84
90 87
90 88
90 92
87 35
87 88
35 93
35 88
93 94
93 38
94 88
88 36
88 83
88 95
88 96
36 92
36 84
92 83
83 97
97 98
97 91
98 95
98 96
98 91
98 37
95 96
96 91
91 37
37 38
37 84
84 73
73 99
