135375 198897
198897 493
493 110578
493 15073
493 92902
110578 673
110578 6926
673 32984
673 4336
673 194842
673 47482
673 163659
673 676
673 5710
32984 4336
4336 194842
4336 124462
4336 210905
194842 6166
6166 231228
6166 2765
6166 210905
231228 33546
33546 2765
2765 15073
2765 16088
2765 124462
2765 210905
2765 5710
2765 665
15073 16088
16088 53757
53757 6926
6926 92902
92902 5082
92902 2680
5082 9934
5082 47482
5082 2680
9934 67184
67184 10279
67184 90236
10279 90236
90236 64952
64952 44329
44329 40981
44329 47482
40981 93103
40981 13905
40981 40969
93103 13905
93103 40969
93103 47482
13905 40969
40969 143500
143500 120569
143500 47482
47482 26256
26256 214299
214299 36611
36611 27400
36611 97908
27400 97908
97908 195443
195443 2680
2680 133230
133230 71931
71931 124462
124462 81323
81323 210905
210905 162417
162417 11735
11735 163659
11735 676
163659 676
676 5710
5710 665
665 6873
