173551 59919
59919 70689
59919 63261
70689 63261
63261 363899
363899 161
161 50800
50800 6204
6204 1473
1473 196590
196590 90641
196590 1274
196590 335
90641 255589
90641 1503
90641 1274
90641 310
90641 330
255589 174507
174507 317351
317351 5521
317351 1503
317351 1274
317351 335
5521 181089
181089 1503
181089 2662
181089 1274
1503 237300
1503 2662
1503 419804
1503 153816
1503 296591
1503 1274
1503 124602
237300 2662
2662 419804
2662 296591
2662 59784
419804 153816
419804 1274
419804 335
153816 12270
153816 1274
12270 296591
12270 335
296591 1274
296591 335
1274 252274
1274 3235
1274 59784
1274 330
1274 41822
252274 3235
3235 291767
291767 16321
16321 152632
16321 293946
16321 382378
152632 293946
293946 100924
100924 3830
100924 382378
3830 382378
382378 310
310 164525
164525 11921
11921 103827
11921 703
103827 44261
44261 164351
44261 335
164351 287139
287139 335
335 124602
335 11107
335 41822
124602 59784
124602 330
59784 703
59784 330
703 96435
703 330
703 193580
96435 330
330 193580
330 55224
330 41822
193580 55224
55224 11107
11107 41822
