22039 191157
191157 1250
1250 5810
1250 2634
1250 335
5810 175752
5810 5882
5810 2634
5810 810
5810 489
175752 5882
175752 335
5882 169501
169501 85655
169501 83
85655 73744
73744 73747
73747 98248
98248 67861
98248 979
67861 979
979 332946
979 52908
979 58406
979 185081
332946 2634
2634 52908
2634 52940
2634 89000
52908 52940
52908 83
52940 63943
63943 58406
63943 44625
58406 44625
44625 79886
79886 83
83 71701
83 292495
83 335
71701 186420
186420 51467
51467 810
810 71777
71777 489
489 292495
489 170119
292495 335
170119 335
335 282993
335 89000
282993 270392
270392 89000
89000 185081
89000 316872
89000 318563
89000 89013
89000 75369
185081 316872
185081 110719
316872 121551
316872 89013
121551 318563
121551 333361
121551 340521
318563 110719
318563 95926
318563 89013
318563 75369
110719 95926
110719 89013
95926 304361
95926 89013
304361 416592
416592 89013
89013 251848
89013 333361
251848 75369
75369 333361
75369 157541
333361 157541
157541 340521
157541 286813
286813 263205
