251266 251265
251266 258720
251265 258720
258720 9851
9851 76594
76594 4214
76594 2662
76594 15
76594 5226
4214 115702
115702 2662
2662 269072
2662 65691
2662 188798
2662 345618
2662 16708
269072 61318
269072 7533
61318 8602
61318 19979
61318 33759
61318 8781
61318 7533
8602 202975
8602 72011
8602 19979
8602 65691
8602 33759
8602 7533
202975 72011
202975 19979
202975 33759
202975 7533
72011 19979
72011 33759
72011 8781
72011 7533
19979 65691
19979 33759
65691 105008
65691 33759
65691 8781
65691 15
65691 7533
105008 33759
33759 8781
33759 7533
8781 188798
8781 7533
188798 15
188798 7533
15 195747
15 5226
15 36782
15 92152
15 17307
195747 7533
7533 274521
274521 162324
162324 48144
48144 170763
48144 125778
170763 48139
48139 48152
48139 38228
48152 125778
48152 38228
125778 38228
38228 93779
38228 48157
93779 39714
39714 48157
48157 171615
171615 7838
7838 2164
2164 345618
2164 5226
2164 13516
2164 92152
2164 17307
345618 5226
5226 190439
5226 518
5226 84047
5226 13516
5226 36782
5226 92152
5226 13752
190439 518
518 84047
518 92152
84047 13516
13516 36782
36782 92152
92152 13752
13752 17307
17307 10695
10695 16708
10695 980
16708 980
980 312346
