159798 232340
232340 327
327 133810
133810 163
163 6092
163 1057
6092 1057
1057 14550
14550 178609
178609 287370
287370 107741
107741 123503
123503 187428
187428 325657
325657 6948
6948 370046
6948 14577
6948 300018
6948 39232
370046 14577
14577 300018
300018 28508
28508 39232
39232 207048
207048 72748
72748 149848
149848 73624
149848 81380
73624 13832
13832 81380
81380 84330
84330 153335
84330 153331
153335 264992
153335 293411
153335 248706
153335 314697
153335 310387
153335 257902
153335 207754
153335 157554
153335 254802
293411 248706
293411 153331
293411 208500
293411 314697
293411 257902
293411 157554
248706 99245
248706 314697
248706 257902
99245 153331
99245 44715
99245 157554
99245 67774
153331 44715
153331 321221
153331 314697
153331 257902
153331 207754
44715 321221
44715 208500
44715 257902
44715 254802
321221 208500
208500 314697
208500 310387
208500 303269
314697 310387
314697 157554
314697 67774
257902 207754
207754 157554
157554 254802
254802 254800
254800 383709
383709 67774
67774 303269
67774 116097
67774 286663
303269 67792
67792 116097
116097 286663
286663 112790
