250017 248960
248960 677
677 415877
677 2177
677 22197
677 4336
677 88675
677 3395
677 22778
415877 2177
2177 22197
2177 3395
22197 49996
22197 94714
94714 12755
12755 100361
100361 4336
4336 88675
4336 22778
88675 3395
3395 22778
3395 27243
22778 110601
110601 27243
27243 10690
10690 4172
4172 4159
4159 6526
6526 5313
6526 16929
5313 16929
16929 112218
112218 14590
112218 19153
14590 39443
14590 35062
39443 33616
33616 31663
31663 61571
61571 19153
19153 11255
19153 46485
19153 307283
11255 63453
11255 7583
11255 7569
63453 85459
85459 16457
16457 71203
16457 54328
16457 7583
71203 54328
71203 7583
54328 7583
7583 261616
7583 7569
261616 7569
261616 50361
7569 191717
191717 46485
46485 35062
35062 435516
35062 57739
435516 57739
57739 307283
57739 305562
57739 40315
305562 50361
50361 112876
112876 14564
14564 322953
322953 40315
