336516 283
336516 96622
283 298707
283 274
283 229455
298707 298708
298707 96622
298707 274
298708 96622
96622 265723
96622 274
96622 231928
96622 271346
265723 274
274 229455
274 170434
274 231928
274 271346
229455 2875
2875 170434
2875 157335
2875 2913
170434 242496
170434 2893
170434 2913
242496 38003
38003 2893
38003 236932
38003 2913
2893 236932
2893 38040
2893 2913
236932 38040
38040 176704
38040 2913
176704 103736
103736 178253
178253 231928
231928 271346
231928 269083
271346 317723
271346 269083
317723 269083
269083 101803
101803 105694
101803 157335
101803 101806
105694 2816
105694 101806
2816 157335
2816 101806
2816 3245
157335 101806
157335 3245
101806 3245
3245 191797
191797 2913
2913 33482
33482 4887
4887 46570
46570 34703
34703 442744
34703 358964
34703 14664
34703 52319
442744 59002
59002 358964
59002 52319
358964 360243
358964 37523
360243 373438
373438 37523
37523 136627
136627 14664
14664 322128
322128 159306
159306 57403
57403 34959
34959 35373
35373 52319
52319 42287
42287 31095
