108615 36313
36313 36512
36512 1942
36512 4526
36512 689
36512 355
1942 731
731 226487
731 32
731 13425
731 2153
731 689
731 3419
731 5231
226487 11044
226487 4526
226487 12748
226487 689
32 51124
32 6828
32 355
51124 74879
74879 1642
74879 355
1642 6828
6828 9455
9455 5953
5953 32944
32944 6438
6438 111905
6438 12735
111905 11044
111905 689
11044 413765
11044 8296
11044 13425
11044 4526
11044 208041
11044 5762
11044 114526
11044 12748
11044 346947
11044 689
11044 3419
413765 8296
413765 4526
413765 3419
8296 36521
8296 4526
8296 5762
8296 114526
8296 12748
8296 346947
8296 689
8296 12735
8296 3419
36521 25507
25507 13425
25507 689
13425 4526
13425 2153
13425 17017
13425 689
13425 3419
4526 134119
4526 208041
4526 114526
4526 12748
4526 3419
134119 3419
208041 2153
208041 689
2153 46059
2153 17017
2153 48302
2153 689
46059 17017
17017 48302
48302 5762
48302 689
5762 114526
5762 12748
5762 346947
5762 689
5762 12735
5762 3419
114526 12748
114526 689
114526 3419
12748 346947
12748 689
12748 3419
346947 689
689 58608
689 12735
689 23934
689 3419
689 12152
58608 12735
12735 23934
23934 3419
3419 12152
12152 2327
2327 9622
2327 45366
9622 17610
17610 45366
45366 1525
1525 185379
1525 355
185379 25409
25409 115713
115713 355
355 100661
100661 5231
