287303 286303
286303 979
979 172295
979 3618
979 260519
979 8417
172295 17104
17104 105881
105881 6868
6868 133245
6868 5438
6868 6
133245 396
133245 5438
133245 6
396 201582
396 43500
396 81281
396 5438
396 181579
396 3618
396 49235
396 110592
201582 43500
201582 383
43500 81281
43500 135544
81281 5438
5438 181579
5438 383
181579 135544
181579 3618
181579 383
135544 3618
3618 471
3618 88
471 260519
471 88
260519 6
6 121337
6 88
6 1926
6 9186
6 1481
6 14727
6 8417
6 49235
6 410882
6 110592
121337 383
383 295572
383 394198
383 154081
383 14727
383 110592
295572 122488
122488 377194
377194 88
88 394198
88 154081
88 8417
88 110592
88 2835
394198 13353
13353 22368
22368 42799
42799 19329
19329 154081
154081 1926
1926 1680
1680 9186
9186 1481
1481 117871
1481 8417
117871 106658
106658 14727
14727 427405
427405 8417
8417 195461
8417 372313
195461 49235
49235 196952
196952 372313
372313 40699
40699 410882
110592 70188
70188 74694
74694 2835
