400392 56210
56210 322044
322044 15581
15581 33736
15581 220
33736 79074
79074 45930
45930 39132
39132 13651
13651 31093
31093 36263
31093 1286
36263 141193
141193 87286
87286 40830
87286 3549
40830 17541
40830 5841
17541 5841
17541 3549
5841 3549
5841 220
5841 15480
3549 184405
3549 220
184405 1286
1286 146203
1286 2670
1286 6056
146203 2670
2670 44749
2670 6056
2670 51311
2670 67206
2670 186986
44749 6056
44749 220
6056 220
220 131577
220 89817
220 113592
220 73432
220 51849
220 67206
220 15480
220 175600
220 27145
89817 5107
5107 3089
3089 26763
26763 13027
13027 424
424 113592
113592 73432
113592 223
73432 51364
73432 51849
73432 223
51364 51311
51364 51849
51364 18099
51364 67206
51311 51849
51849 27298
51849 18099
27298 18099
18099 67206
67206 15480
15480 175600
175600 223
223 186986
186986 2360
2360 66769
2360 236625
66769 236625
236625 306200
236625 27145
306200 27145
27145 133700
133700 29313
