289247 297329
289247 241623
289247 243553
297329 94001
94001 277473
94001 266313
277473 404150
404150 339545
404150 243553
339545 266313
339545 324693
339545 243553
266313 415229
266313 300296
266313 324693
415229 241623
415229 243553
241623 300296
300296 363284
300296 243553
363284 251522
251522 324693
324693 243553
243553 240745
240745 202099
202099 53800
202099 53741
53800 104790
53800 92212
53800 236167
53800 53857
53800 53741
53800 53734
53800 25639
53800 119804
53800 93834
104790 53853
104790 92212
104790 53741
104790 25639
104790 93834
53853 92212
53853 53857
53853 53843
92212 236167
92212 53661
92212 53741
92212 53734
92212 25639
236167 53857
53857 104763
53857 114432
53857 93834
104763 53661
104763 53741
104763 53734
104763 133967
53661 53741
53661 53734
53661 119804
53661 133967
53741 125847
53741 53734
53741 25639
53741 114432
53741 93834
125847 53734
53734 25639
25639 119804
119804 114432
114432 93834
93834 53843
53843 317968
317968 133967
133967 436991
436991 13141
13141 216061
216061 465
465 315583
465 214448
465 191615
465 10525
465 54274
465 50947
315583 94009
94009 30061
30061 214448
30061 191615
30061 16092
214448 191615
191615 10525
10525 54274
54274 13107
13107 50947
50947 79739
79739 94454
79739 16092
94454 16092
