18421 68577
68577 25858
25858 9471
9471 42274
42274 45945
45945 115983
115983 49437
49437 25006
25006 48734
25006 90714
48734 98141
48734 90714
98141 90714
90714 138713
138713 352
352 144070
352 95006
352 93644
144070 8494
8494 100652
100652 115162
115162 268
115162 16313
268 308101
268 317573
268 248
268 270543
268 95006
268 175834
268 382722
268 235
268 247806
268 55897
268 16313
308101 52501
52501 317573
52501 16313
317573 248
317573 16313
248 270543
248 95006
248 175833
248 2919
248 175834
248 43909
248 382722
248 235
248 68729
248 247806
248 392682
248 3851
270543 2919
95006 175833
95006 235
95006 16313
175833 103746
103746 2919
2919 175834
2919 66350
2919 2927
175834 43909
43909 382722
382722 235
235 68729
235 107794
235 55897
235 16313
235 334394
235 66781
68729 247806
68729 107794
68729 127402
68729 108922
68729 55897
247806 107794
107794 66350
66350 127402
66350 392682
66350 108922
66350 2927
127402 392682
392682 108922
108922 3851
108922 2927
3851 2927
3851 74709
3851 55897
2927 74709
2927 55897
74709 55897
55897 16313
16313 334394
66781 110861
110861 3015
3015 93644
3015 3008
93644 3008
