18770 18780
18780 24099
18780 88
24099 448180
448180 48137
48137 199062
48137 335
48137 301
199062 335
199062 301
335 64018
335 5247
335 59684
335 14615
335 35059
335 310485
335 236332
335 29534
335 301
64018 5247
64018 301
64018 88
5247 2012
5247 19425
2012 1997
1997 59684
1997 57
1997 88
59684 34519
34519 299683
34519 14615
299683 14615
299683 88
14615 325688
14615 57454
14615 44990
14615 59915
14615 230370
14615 88
325688 325687
325687 276578
276578 53292
53292 28476
28476 403797
28476 35059
28476 310485
403797 35059
35059 57454
35059 301
57454 31528
31528 310485
310485 19425
236332 57
57 22507
22507 6653
6653 8404
8404 309059
8404 301
309059 216
216 157155
216 29534
157155 301
157155 88
29534 89532
29534 301
89532 106365
106365 301
106365 88
301 208963
208963 19425
19425 44990
19425 88
44990 59915
59915 230370
230370 88
88 212325
212325 76942
76942 28673
28673 356083
356083 104
104 109
109 17125
