336984 8603
8603 144882
8603 2055
144882 8
8 143772
8 4336
8 419
8 120888
8 2613
8 14961
8 207113
8 327
8 1121
8 5919
8 123510
8 169286
8 308
8 383495
143772 4336
143772 2055
143772 327
4336 62092
4336 198149
4336 171053
4336 891
4336 419210
62092 419
419 120888
419 891
419 39582
419 327
120888 2515
120888 891
120888 2055
120888 63
2515 198149
2515 63
2515 1357
2515 43731
2515 19396
2515 17081
2515 1663
2515 1171
2515 34364
198149 85372
198149 23576
85372 171053
85372 34364
171053 23576
171053 2055
23576 2613
2613 891
2613 2055
2613 63
2613 308
891 171503
891 169286
171503 12012
171503 2055
12012 419210
419210 2055
2055 39582
2055 63353
2055 34364
39582 63353
63353 14961
63353 68
14961 68
68 207113
207113 63
207113 327
63 174131
174131 327
327 1121
1121 5919
1121 308
5919 1357
5919 1171
5919 8898
123510 23003
23003 169286
169286 308
308 383495
383495 1357
1357 114928
1357 1663
1357 1171
1357 108191
114928 43731
43731 19396
19396 17081
17081 19678
17081 1663
19678 20623
20623 1663
1663 1171
1171 21776
21776 21772
21776 8898
8898 108191
108191 194028
194028 34364
