164217 9139
9139 101892
9139 5186
101892 585
585 5186
5186 80517
80517 48138
80517 2055
80517 10121
48138 154075
154075 205499
154075 88
205499 674
674 170829
674 403
674 5104
674 653
170829 63525
63525 299089
299089 88
299089 352
88 98194
88 13746
88 5104
88 221017
88 50266
88 63910
88 198150
88 13107
88 10468
88 125253
98194 352
98194 403
352 177029
352 48223
352 66394
352 2353
352 385361
352 15401
352 5762
352 1047
352 19260
177029 403
403 199903
403 653
199903 48223
48223 13746
13746 5104
13746 10468
5104 2055
2055 156288
2055 66394
156288 66394
66394 221017
221017 209098
209098 122132
122132 282484
282484 50266
50266 420733
50266 63910
63910 198150
198150 13107
13107 10468
10468 6236
6236 653
6236 1047
6236 7004
653 148741
148741 5780
5780 169108
169108 10121
10121 2353
2353 385361
15401 125253
125253 5762
5762 1047
1047 19260
1047 7004
19260 15712
15712 7004
