154867 531
154867 21701
531 61839
531 105824
61839 21701
21701 105824
105824 293
105824 88
105824 463
293 26029
26029 14688
14688 18337
18337 7766
18337 88
7766 153571
153571 88
88 99569
88 463
88 42168
88 388812
88 1988
88 282618
99569 78
99569 463
99569 1988
78 154325
78 42168
78 206
78 278902
78 1988
154325 463
154325 1988
463 42168
463 388812
463 1988
463 29559
42168 923
923 150279
923 981
923 34381
923 34352
150279 59823
150279 981
59823 150282
59823 981
150282 981
981 34381
981 24948
34381 22883
22883 34352
34352 24948
24948 127786
127786 206
206 388812
206 278902
206 1988
206 195937
206 60552
206 29559
206 121478
206 8425
206 282618
206 6703
206 251839
388812 178648
388812 16452
388812 1988
178648 16452
16452 278902
278902 1988
1988 195937
1988 29559
195937 1364
1364 43337
1364 29559
43337 60552
60552 18316
18316 29559
29559 2264
2264 37746
2264 6703
37746 121478
121478 8425
121478 6703
121478 2278
8425 299525
8425 6703
299525 16204
299525 6703
16204 282618
16204 6703
16204 251839
282618 6703
6703 251839
6703 2278
251839 2278
2278 443508
