354152 329
329 91034
329 8
91034 4259
91034 138
91034 8
4259 296693
4259 246655
4259 42736
4259 154590
296693 161
296693 138
161 139626
161 139629
161 208757
161 201841
161 63069
139626 139629
139629 31628
31628 3924
3924 49844
49844 22327
22327 245438
245438 22310
22310 208757
208757 58332
58332 49052
49052 135681
135681 404428
404428 2014
2014 225336
2014 269431
225336 23968
225336 402
23968 402
23968 8
402 201841
201841 420
201841 138
201841 8
201841 2244
420 145656
145656 69623
145656 8
69623 64967
64967 71718
71718 438876
438876 451
451 9903
9903 136908
9903 11373
9903 8
136908 11373
11373 157449
157449 101920
101920 63069
63069 138
138 222610
138 269431
222610 8
8 269431
269431 2244
2244 246655
246655 152835
152835 19350
152835 42736
152835 126020
19350 100583
100583 42736
42736 154590
126020 17025
