292447 39524
39524 369658
369658 182205
369658 248161
369658 29233
182205 248161
248161 29233
29233 183595
29233 52467
29233 28091
29233 33616
183595 56066
183595 465
56066 20968
20968 52467
52467 28091
28091 33616
28091 2055
33616 3197
33616 2055
3197 186206
3197 50055
3197 12539
186206 218108
218108 310
218108 2055
310 182485
182485 15445
15445 169716
169716 16753
169716 2055
16753 161723
16753 212354
161723 2055
2055 77352
77352 187070
187070 23312
23312 45391
23312 465
45391 10264
45391 465
10264 55120
10264 465
55120 472
472 24623
472 212354
24623 465
24623 28803
465 212354
465 28803
465 12539
212354 28803
28803 14926
28803 50055
14926 12533
12533 1405
12533 735
1405 15766
15766 735
735 132685
132685 1288
1288 198867
198867 1357
1357 336691
336691 97016
97016 130679
130679 50055
50055 180507
50055 12539
180507 70237
180507 12539
70237 12539
12539 66367
