11734 7840
7840 10737
10737 965
965 371964
965 464
965 40073
965 195839
965 9100
371964 352
352 421035
352 464
352 195839
352 43577
352 98944
352 219927
421035 421036
421036 464
464 40073
40073 14835
14835 195839
195839 9100
9100 143161
143161 356
356 112933
112933 13878
13878 95702
13878 43333
95702 21863
95702 205
95702 43333
21863 29434
21863 9731
21863 56223
29434 9731
9731 56223
56223 205
205 212064
205 88845
205 223717
205 59649
212064 43333
43333 157545
157545 179553
157545 263034
157545 198085
179553 263034
263034 198085
198085 381361
381361 67792
67792 261997
67792 441598
67792 206621
67792 261306
67792 261307
261997 88845
88845 441598
206621 206626
206621 30799
206626 363973
363973 30799
30799 261306
30799 223717
261306 261307
261306 89009
261307 89009
89009 223717
223717 59649
59649 51428
51428 43167
51428 43577
43167 43577
43577 199275
199275 98944
98944 219927
219927 10748
