123329 45228
45228 31027
45228 190
31027 33894
33894 31028
33894 62943
33894 383
33894 301
31028 328638
31028 62943
31028 125453
31028 236679
31028 383
328638 62943
62943 125453
125453 236679
125453 301
236679 120625
120625 143783
143783 180287
180287 198259
180287 1773
198259 210048
198259 1773
210048 10110
10110 133130
10110 189046
133130 189046
133130 383
189046 11365
11365 383
11365 301
11365 188
383 438120
383 14291
383 301
383 170711
383 395262
438120 153853
438120 14291
153853 153851
153851 307085
307085 14291
14291 166321
166321 190
190 108138
190 58324
108138 301
301 47854
301 103980
301 188
301 577
301 395262
301 124811
301 9442
47854 5916
5916 28771
28771 103980
28771 188
103980 188
103980 577
188 58324
188 26559
58324 92222
92222 170711
170711 577
577 395262
395262 12759
12759 124811
124811 26559
26559 92217
92217 41412
41412 10688
10688 10671
10671 36733
36733 9442
9442 66564
9442 1773
66564 1773
1773 125730
