71166 56507
56507 2406
2406 22970
22970 162530
162530 108008
162530 329
108008 116070
116070 142193
116070 68
142193 26632
142193 818
26632 43105
26632 818
43105 818
43105 957
818 154841
818 198545
818 11362
818 70126
154841 133766
133766 114203
114203 89738
114203 68
89738 137041
137041 79405
79405 82843
82843 35144
35144 72887
35144 39108
72887 39108
39108 72878
72878 261658
261658 300793
300793 61652
61652 61658
61652 44958
61658 44958
44958 101387
101387 14376
14376 110994
110994 68
68 152683
68 701
68 67517
152683 701
701 43186
43186 329
329 114936
114936 957
957 198545
957 11362
198545 67495
198545 4934
67495 52277
67495 107809
67495 7689
67495 12891
67495 67517
67495 11362
67495 4934
52277 107809
52277 12891
52277 4934
107809 52242
107809 7689
107809 67517
107809 11362
107809 4934
52242 7689
7689 44276
7689 11362
7689 4934
44276 12891
44276 11362
12891 67517
12891 4934
67517 11318
67517 11362
11318 11362
11318 4934
11362 70126
11362 4934
70126 4934
