366315 21643
21643 12240
21643 96557
21643 33308
21643 92729
21643 60470
21643 130406
21643 111340
21643 129154
12240 96557
12240 130406
96557 33308
33308 23448
23448 79844
23448 33307
23448 15
79844 134986
134986 92729
92729 84781
92729 129154
92729 21538
84781 33307
33307 60470
60470 130406
130406 111340
130406 21538
111340 129154
129154 433114
129154 21538
433114 21538
21538 362724
362724 15
15 79045
15 14615
15 398232
15 39358
79045 14615
79045 14648
14615 92684
14615 98766
92684 16783
16783 270344
16783 376244
16783 95227
16783 37058
16783 375041
16783 190381
16783 59141
270344 376245
376245 376244
376244 119994
376244 14648
119994 292750
119994 14648
292750 14648
14648 398232
14648 348502
14648 95227
14648 98766
398232 56860
56860 348502
56860 95227
95227 57269
57269 98766
98766 123499
123499 31904
31904 95028
95028 189323
189323 76017
189323 37058
189323 36229
76017 285289
76017 37058
285289 37058
37058 181915
37058 36229
181915 375041
375041 36229
36229 39358
36229 190381
36229 269492
39358 190381
190381 269492
269492 59141
59141 309248
