18578 5065
5065 18570
5065 18598
18570 18598
18598 3393
3393 7937
3393 153788
3393 269504
7937 153788
269504 38250
38250 35713
38250 79698
35713 30813
30813 128081
30813 79687
30813 79698
30813 33574
128081 202623
128081 79687
79687 79698
79698 74533
74533 33574
33574 7525
7525 148496
148496 53480
53480 63746
63746 35248
63746 34306
63746 14075
35248 258670
35248 387943
35248 19158
35248 33699
35248 165930
35248 34265
258670 98138
98138 150903
150903 387943
387943 19158
19158 33699
19158 34265
33699 34306
34306 166092
34306 14075
34306 165930
166092 14075
166092 33651
14075 51694
14075 264586
14075 55289
51694 264586
51694 133297
264586 33651
33651 165930
165930 35345
35345 133297
133297 49176
49176 34265
34265 55289
55289 228
228 67680
67680 16618
16618 361867
16618 135253
135253 62391
62391 127814
62391 1062
127814 1062
1062 101588
101588 22569
