328637 48067
48067 16527
48067 14571
48067 14625
16527 393773
16527 4875
16527 35317
16527 58184
16527 4868
16527 16531
393773 14571
393773 31681
14571 294547
14571 14621
14571 66581
14571 360310
14571 31681
14571 93440
14571 16531
14571 205913
294547 294549
294549 365354
365354 30241
30241 101002
30241 14621
30241 48501
101002 14621
101002 35340
14621 37489
14621 74659
14621 34223
14621 31681
14621 93440
14621 14625
14621 16531
14621 205913
14621 48501
14621 56792
37489 74659
37489 58184
37489 16531
37489 48501
37489 56792
74659 4875
4875 82288
4875 34256
4875 99046
4875 373857
4875 40303
4875 58184
4875 14625
4875 57251
4875 16545
4875 16531
82288 133051
133051 34223
34223 34256
34256 66581
66581 30298
30298 35317
35317 82323
82323 35340
82323 31681
35340 22059
35340 16531
22059 46398
46398 14543
14543 65305
65305 99046
99046 34719
99046 14625
34719 311265
34719 404497
34719 35062
34719 360310
34719 373857
311265 60169
60169 319624
60169 373857
60169 131103
60169 4868
319624 404497
404497 35062
35062 360310
35062 373857
373857 31681
31681 93440
31681 58184
31681 131103
31681 14625
31681 4868
31681 56792
93440 40303
93440 131103
40303 58184
40303 14625
40303 4868
58184 131103
58184 56792
131103 14625
14625 357648
14625 4868
357648 57251
57251 4868
4868 16545
4868 16531
16545 16531
16531 205913
16531 56792
205913 48501
48501 56792
