388034 107334
107334 238289
238289 301713
301713 126510
126510 146147
146147 2924
146147 3830
146147 248
2924 2865
2924 72311
2924 256
2924 266
2924 3830
2924 248
2865 132982
2865 110036
2865 9518
2865 256
2865 266
132982 110036
132982 106974
110036 66312
110036 256
110036 266
110036 301
66312 68212
66312 54620
68212 72311
68212 256
72311 9518
72311 256
72311 248
72311 59
72311 301
9518 26926
9518 256
9518 266
26926 121796
121796 256
256 95252
256 266
256 132194
256 106974
256 3830
95252 266
266 132194
266 167637
132194 106974
132194 3830
132194 248
132194 301
106974 102730
106974 167637
106974 3830
102730 167637
167637 3830
3830 332939
3830 248
332939 248
248 68701
248 74123
68701 2668
68701 301
2668 79325
2668 2669
2668 345620
2668 301
79325 2669
79325 59
79325 301
2669 345620
2669 301
345620 59
345620 301
59 74123
59 301
59 173247
74123 301
301 173247
173247 13442
13442 54620
54620 52889
54620 217177
54620 97074
52889 47987
47987 64093
64093 217177
64093 196560
64093 97074
217177 196560
217177 97074
196560 97074
97074 227611
227611 26103
26103 282306
282306 266584
282306 42927
266584 19922
19922 214677
19922 42927
214677 42927
