33708 44941
44941 20989
20989 57381
20989 7533
20989 206
57381 237543
237543 64293
64293 65265
64293 7533
64293 396
64293 1062
64293 206
65265 47823
47823 331606
47823 7533
331606 64547
331606 7533
64547 407704
407704 7533
7533 451891
7533 243876
243876 396
243876 1062
243876 206
243876 205
396 264951
396 202630
396 51371
396 124835
396 97166
396 164860
396 5153
264951 1062
264951 206
264951 205
1062 443021
1062 206
1062 111273
1062 202630
1062 51371
1062 124835
1062 164860
1062 94718
443021 206
206 111273
206 12657
206 4437
206 51371
206 124835
206 37455
206 3188
206 176530
206 94718
206 5153
111273 7414
7414 202630
7414 51371
202630 50134
202630 3188
50134 12657
50134 4437
12657 75564
12657 4437
12657 13644
75564 4437
4437 205
4437 3188
205 51371
205 164860
205 94718
205 5153
51371 124835
124835 188268
188268 1087
1087 121469
121469 97166
97166 16173
16173 37455
37455 13644
13644 39576
39576 78462
78462 107956
107956 3188
3188 164860
3188 176530
176530 26139
176530 26556
26139 94718
94718 5153
5153 148930
148930 973
973 153747
153747 26556
26556 63087
