143747 55719
55719 50282
50282 266464
50282 7583
50282 8767
50282 6929
266464 364806
266464 28476
364806 35372
364806 4910
364806 28476
35372 99128
35372 123927
35372 4910
35372 34306
35372 28476
99128 123927
99128 4910
123927 79113
79113 304231
304231 4910
4910 378512
4910 86465
4910 28476
378512 333129
378512 34306
378512 6929
333129 34306
333129 6929
34306 245179
34306 86465
245179 86465
86465 14598
14598 85970
14598 28476
85970 76112
85970 28476
28476 175155
28476 65691
28476 6929
175155 7583
175155 6929
7583 85011
7583 183686
85011 57919
57919 127423
57919 57929
127423 57929
57929 268420
268420 60650
60650 8767
60650 6929
8767 65691
8767 63687
8767 105142
8767 56381
8767 103194
8767 16787
8767 183686
65691 63687
65691 56381
65691 8705
63687 105142
63687 103194
105142 56381
56381 103194
56381 227696
56381 16787
56381 183686
56381 6929
103194 113108
103194 8705
103194 16787
113108 114081
113108 8705
114081 8705
8705 227696
8705 183686
227696 16787
16787 183686
183686 6929
6929 262796
262796 246239
246239 3252
246239 248
3252 101513
101513 248
101513 104474
248 247680
248 101393
101393 104474
104474 299020
