329657 199249
199249 78118
78118 210521
210521 56042
56042 101239
101239 294433
101239 12022
294433 245254
245254 12022
245254 677
12022 404850
12022 677
12022 4386
12022 27489
404850 677
677 255327
677 3419
677 86273
677 4386
677 27489
677 43728
677 150911
677 50285
255327 3419
3419 86273
3419 43728
86273 4386
4386 27489
27489 43728
43728 210651
210651 55951
210651 14662
55951 116358
55951 234622
55951 50285
55951 14662
116358 60645
116358 39511
60645 150911
150911 62224
150911 39511
62224 71223
62224 39511
71223 27733
27733 234622
234622 50285
234622 31681
50285 104053
50285 16546
104053 379437
379437 14662
14662 352663
14662 31681
14662 179125
14662 82495
14662 26352
352663 31681
352663 26352
31681 211741
31681 34112
31681 39511
211741 34112
34112 54039
34112 33651
34112 26352
54039 141795
54039 61445
54039 39511
141795 33651
141795 39511
33651 107204
107204 61445
61445 368396
61445 39511
368396 39522
368396 39511
39522 179125
179125 39511
179125 26352
39511 99081
99081 82495
99081 4878
99081 26352
82495 82491
82495 26352
82491 4878
4878 16546
16546 196860
196860 26352
