142412 7132
7132 12755
12755 192724
192724 2138
192724 3549
2138 92305
2138 3549
2138 327
2138 331
92305 3549
3549 290035
3549 30166
290035 9053
290035 327
9053 115053
115053 118197
118197 14908
118197 3298
118197 327
118197 331
14908 3298
3298 30166
30166 327
327 25936
327 47158
327 331
25936 50
50 149516
50 47158
50 54665
149516 34138
149516 1398
34138 47785
34138 1398
47785 1398
1398 3118
3118 47158
47158 54665
54665 55170
55170 23248
23248 46188
23248 23249
23248 80762
46188 23249
23249 80762
23249 130411
80762 26590
26590 127521
127521 160550
160550 130411
130411 19326
19326 309638
309638 331
331 89155
89155 77670
77670 64899
64899 342028
64899 52669
342028 52669
52669 66084
66084 255
255 112795
112795 59390
59390 44962
44962 90595
90595 14646
14646 77399
77399 9582
