158608 49242
49242 220918
49242 220
220918 49112
220918 2055
220918 1881
220918 220
49112 66114
49112 2055
49112 6
49112 10
49112 220
66114 956
66114 220
956 133719
956 50793
956 504
956 89776
133719 12001
133719 2055
12001 158686
158686 2055
2055 323755
2055 7937
2055 33232
2055 10
2055 70324
323755 85594
85594 5780
85594 168935
5780 17953
5780 168935
17953 7937
17953 965
7937 115487
7937 965
7937 11668
7937 168935
115487 179393
179393 965
965 230565
965 3802
965 11668
965 220
965 168935
965 89776
230565 3802
3802 187227
3802 168935
187227 11668
11668 50620
50620 27044
27044 211702
27044 420768
211702 6
420768 1881
420768 220
1881 33232
1881 10
1881 70324
33232 28354
33232 6
28354 50793
50793 504
50793 6
50793 220
504 188522
188522 6
6 89630
6 10
6 2656
6 89899
89630 10
10 48157
48157 99345
99345 220
220 168935
168935 59000
168935 13933
59000 13933
13933 70324
13933 62608
70324 2656
2656 4142
2656 89899
4142 89899
89899 89776
89776 5570
5570 130703
130703 62608
62608 6425
