192962 280580
280580 2161
280580 465
2161 124783
2161 52298
2161 133327
124783 31396
124783 7682
124783 2515
31396 52298
52298 7682
52298 465
52298 6167
7682 276279
7682 39666
276279 41353
276279 759
41353 32133
41353 169754
32133 39666
39666 15798
15798 180282
180282 4738
180282 4642
4738 9851
4738 59
4738 465
9851 264192
9851 8312
9851 133327
264192 59
59 40035
59 66205
59 1286
59 169754
40035 465
465 102790
465 177517
465 5226
465 169754
102790 6167
102790 12653
6167 88496
88496 12653
12653 177517
177517 5226
5226 66205
5226 4642
5226 169754
66205 4642
66205 759
4642 200265
4642 1286
200265 10247
10247 9925
10247 8312
9925 8312
8312 1286
1286 180242
180242 2515
2515 169754
2515 261232
169754 179957
169754 25676
169754 759
179957 261232
179957 25676
261232 25676
261232 264578
25676 268969
25676 264578
264578 759
759 208223
208223 86431
86431 133327
133327 205881
205881 89018
89018 95909
95909 150098
150098 251061
251061 232659
