139874 72961
139874 92507
72961 92507
92507 8806
92507 6948
92507 19913
8806 191655
8806 16516
8806 7551
8806 254686
8806 26352
191655 16526
191655 7551
191655 6948
191655 26352
191655 19913
16526 16516
16526 14609
16526 47826
16526 19913
16516 200360
200360 30251
200360 7551
30251 14611
30251 28094
14611 73992
14611 37565
14611 14609
14611 185499
14611 14638
14611 7551
14611 19913
73992 37565
73992 7551
37565 418899
37565 7551
418899 14609
14609 47826
14609 7551
47826 185499
185499 28094
185499 7551
185499 26352
28094 57095
28094 7551
28094 19913
57095 14638
57095 7551
57095 26352
14638 7551
14638 14625
14638 26352
7551 267465
7551 254686
7551 128108
7551 4893
7551 65209
7551 26352
7551 57429
7551 19913
7551 28493
254686 14625
254686 4893
254686 26352
14625 128108
14625 4893
128108 4893
4893 302615
302615 65209
302615 6948
65209 6948
65209 26352
65209 19913
6948 447189
6948 19913
447189 26352
26352 57429
26352 55185
26352 37059
57429 79077
79077 42022
79077 55185
42022 85373
85373 11889
85373 1759
11889 103218
103218 227937
227937 89636
89636 1759
1759 373963
373963 32718
32718 55185
55185 37059
37059 19913
19913 320793
320793 33892
33892 28493
28493 226296
226296 44192
44192 30948
