85079 4
85079 138
4 106058
4 23292
4 89
4 138
4 17086
4 9539
106058 23292
23292 89
89 33529
89 157188
157188 43251
43251 340115
340115 178674
340115 178677
178674 233319
178674 178677
233319 178677
178677 59542
59542 363231
363231 276007
276007 294409
294409 73980
73980 161954
161954 84144
84144 138
138 17086
138 2689
138 281362
138 125367
17086 9539
9539 7445
7445 2689
2689 281362
281362 11689
11689 178733
178733 125367
125367 21869
21869 209879
209879 11888
11888 53275
11888 99070
11888 64582
53275 69858
53275 19153
69858 119199
119199 20971
20971 113910
113910 85520
113910 19153
85520 99070
85520 19153
99070 64582
64582 40279
40279 291972
40279 316069
291972 205659
291972 19153
205659 262120
205659 19153
262120 82125
82125 316069
316069 19153
19153 398624
398624 59904
59904 100767
100767 110034
