450956 311955
311955 89009
311955 67774
89009 393644
393644 89020
89020 169476
89020 221864
89020 11792
89020 38226
89020 270694
169476 236542
169476 67774
236542 246610
236542 67774
246610 67774
67774 426538
67774 384430
67774 221864
426538 384431
426538 276765
384431 384429
384431 276765
384429 276765
276765 384430
384430 176397
176397 320588
176397 88551
176397 221864
320588 88551
88551 221864
221864 45293
221864 11792
45293 283301
45293 11792
45293 123393
45293 162310
45293 22809
45293 85218
45293 104504
45293 174926
45293 38226
283301 11792
283301 38226
11792 351790
11792 9481
11792 256209
11792 89326
11792 174284
11792 46531
11792 123393
11792 162310
11792 22809
11792 140449
11792 85218
11792 173310
11792 104504
11792 204099
11792 174926
11792 20298
11792 68463
11792 108255
11792 38226
11792 336805
11792 440553
351790 9481
9481 256209
9481 89326
9481 123393
9481 162310
9481 22809
9481 140449
9481 173310
9481 104504
9481 174926
9481 178587
9481 325654
9481 68463
9481 38226
9481 336805
256209 212948
256209 38226
212948 89474
212948 38226
89474 89326
89326 174284
89326 162310
89326 22809
89326 173310
89326 204099
174284 46531
46531 123393
46531 162310
46531 22809
46531 20298
46531 68463
123393 105196
123393 38226
105196 162310
162310 22809
162310 204099
162310 68426
162310 68463
162310 38226
22809 140449
22809 85218
22809 68426
22809 38226
140449 85218
85218 173310
85218 68426
173310 104504
173310 178587
104504 204099
104504 38226
204099 174926
204099 38226
174926 178587
174926 68463
174926 38226
178587 131674
178587 68463
131674 325654
325654 68426
68426 20298
68426 68463
20298 68463
20298 38226
68463 108255
68463 38226
108255 38226
38226 336805
38226 440553
38226 270694
