214821 7533
7533 283610
7533 45408
7533 16783
7533 265784
7533 70863
283610 37563
37563 35281
35281 45408
45408 112015
45408 16783
16783 265784
265784 3609
3609 221186
221186 47759
47759 298518
47759 7639
47759 2687
47759 1292
298518 7639
298518 1292
7639 105599
7639 408649
7639 364648
7639 2687
7639 875
7639 24414
7639 240521
7639 11880
7639 1292
7639 176492
105599 2687
105599 1292
364648 2687
364648 1292
2687 168044
2687 875
2687 240521
2687 11880
2687 176485
2687 1292
2687 176492
168044 875
168044 1292
875 10427
875 240521
875 11880
10427 24414
10427 1292
10427 7634
24414 240521
24414 176492
240521 11880
240521 1292
11880 176485
11880 1292
11880 110873
11880 176492
176485 1292
1292 144337
1292 110873
1292 176492
1292 7634
144337 85537
85537 21933
21933 299608
299608 59241
59241 70863
70863 48391
48391 40851
40851 3187
3187 87934
3187 7634
87934 7680
7680 25249
7680 28965
7680 11362
7680 19671
25249 28965
28965 11362
28965 19671
11362 19671
11362 65887
19671 40384
19671 65887
40384 65887
65887 5716
5716 110873
110873 13133
13133 176492
176492 7634
7634 50833
50833 1364
