411734 310
310 389272
389272 3158
3158 248224
3158 238602
3158 972
248224 9251
9251 149088
9251 43701
9251 1062
43701 238602
43701 1062
238602 62030
238602 1062
62030 110516
110516 11611
11611 82257
82257 49591
49591 200909
200909 1062
1062 196313
1062 7428
1062 27163
1062 199060
1062 46707
1062 45304
1062 88386
1062 46922
1062 42046
1062 73297
196313 7428
7428 27163
7428 199060
27163 19853
27163 2397
27163 891
19853 199060
199060 28406
28406 46707
28406 22739
28406 89188
28406 114963
46707 89174
89174 22739
22739 108255
22739 89188
22739 20286
108255 177620
177620 89188
177620 46657
89188 20286
89188 114963
20286 45304
20286 49755
45304 46657
46657 49755
46657 88386
49755 28918
28918 42677
42677 76373
76373 216733
76373 2397
216733 2397
2397 88386
88386 114963
88386 46922
114963 46922
46922 131540
131540 891
891 362214
362214 15570
15570 271795
271795 102690
102690 972
972 42970
972 42046
42970 42046
42046 73297
