365985 8767
8767 320038
320038 6929
6929 80740
80740 19947
19947 341988
341988 4336
4336 287549
287549 762
762 150280
762 65887
150280 52930
150280 49596
52930 36436
52930 48742
36436 48742
36436 49596
36436 98594
36436 34337
36436 936
48742 49596
49596 98594
49596 50526
49596 936
98594 34337
34337 50526
50526 97710
50526 936
97710 936
936 9102
9102 65887
9102 29013
9102 12854
65887 21309
65887 12854
65887 12931
21309 413939
21309 12854
413939 89086
89086 29013
89086 12931
29013 143316
29013 12854
29013 12931
29013 3637
143316 78883
78883 25268
78883 12854
78883 3637
25268 12854
12854 12931
12931 3637
3637 184370
184370 122032
122032 93313
122032 6703
93313 144293
144293 3066
144293 9149
3066 5411
3066 13612
3066 8421
5411 137824
5411 13612
5411 6703
137824 77336
137824 9149
137824 6703
137824 8421
77336 73471
77336 132748
77336 22532
77336 13612
77336 6703
77336 8421
73471 132748
132748 22532
132748 13612
132748 9149
132748 6703
132748 8421
22532 13612
22532 8421
13612 9149
9149 320960
9149 6703
320960 6703
6703 195393
195393 226306
195393 8421
226306 8421
