271255 216802
216802 21616
216802 78029
21616 12510
21616 138
21616 301
12510 27640
27640 1503
27640 138
1503 356577
1503 114131
1503 168410
1503 2689
1503 127695
1503 90371
1503 131810
1503 179632
1503 125384
1503 456
1503 44763
1503 301
1503 54094
356577 138
138 114131
138 168410
138 2689
138 127695
138 90371
138 1276
138 179632
138 125384
138 456
138 44763
138 301
138 129268
138 259231
114131 750
114131 1276
750 168410
750 131810
750 53101
750 456
168410 2689
168410 1276
168410 1880
168410 456
168410 301
2689 127695
2689 125384
2689 456
2689 301
127695 11369
127695 301
11369 90371
11369 4929
90371 4929
90371 301
4929 32137
4929 131810
32137 131810
131810 53101
131810 1276
53101 1276
1276 179632
1276 1880
1276 125384
1276 456
179632 1880
1880 125384
1880 456
125384 456
125384 301
456 44763
456 301
44763 301
301 129268
301 6868
301 259231
129268 6868
6868 259231
259231 55034
55034 97259
97259 89848
97259 2370
89848 27155
89848 2401
89848 2370
27155 60321
27155 2401
27155 93882
27155 2370
60321 2401
2401 93882
2401 2370
93882 2370
2370 54094
54094 150154
150154 146465
150154 78029
146465 254746
146465 254735
146465 78029
254746 254735
254735 78029
78029 303111
78029 24237
24237 73249
73249 66889
66889 331187
331187 331186
331186 331188
