391752 2347
2347 156095
2347 145420
2347 88
156095 3419
3419 213376
213376 73171
73171 336961
336961 196050
336961 213
336961 220
196050 184982
184982 1503
1503 230956
1503 145420
1503 160695
1503 85772
1503 13401
1503 2086
1503 151498
1503 122919
1503 41013
1503 60819
1503 134480
230956 1837
1837 106399
1837 145420
1837 2086
1837 2
1837 8647
1837 28035
106399 44080
106399 88
44080 145420
44080 88
160695 85772
85772 1971
1971 13401
1971 2086
1971 206527
1971 151498
1971 213
1971 396
13401 2086
13401 213
13401 396
2086 206527
2086 213
2086 1205
2086 396
206527 2
2 190025
2 220
190025 23412
23412 151498
151498 213
213 122915
213 41013
213 60819
122915 122919
122919 1205
122919 396
1205 66019
66019 120152
120152 396
120152 88
396 41013
396 37886
41013 8647
8647 436
8647 88
8647 220
436 28035
28035 88
88 240105
88 23661
240105 82608
82608 110384
110384 98348
98348 60819
60819 37886
60819 23633
60819 23661
37886 23633
37886 49965
23633 49965
23633 23661
23633 220
49965 23661
23661 220
220 15931
15931 134480
134480 145820
