9879 101438
9879 1276
101438 1062
101438 88
1062 173938
1062 15243
1062 3020
1062 88
1062 1276
1062 122157
1062 15489
1062 214
1062 322
1062 148887
173938 6968
173938 138
6968 361073
6968 184697
361073 182035
182035 8767
182035 88
182035 1276
182035 214
182035 138
8767 373129
373129 619
619 123360
123360 15243
123360 88
123360 138
15243 3020
15243 88
3020 38611
3020 138
3020 322
38611 83868
83868 88
88 249311
88 1276
88 395999
88 15538
88 217681
88 50912
88 168052
88 71770
88 100472
88 58313
88 15489
88 184697
88 362237
249311 1276
249311 30598
1276 395999
1276 122157
1276 100472
1276 58313
1276 15489
1276 184697
1276 138
1276 148887
1276 43680
395999 15538
15538 122157
122157 23197
122157 972
122157 8383
23197 23434
23434 217681
217681 30598
217681 972
30598 81638
81638 972
972 91356
972 168052
972 362237
972 322
91356 16713
16713 8383
8383 169358
169358 11224
11224 50912
50912 168052
168052 71770
71770 100472
100472 58313
100472 15489
100472 138
100472 148887
100472 43680
58313 15489
58313 214
58313 138
15489 184697
184697 214
214 362237
214 786
362237 138
138 786
138 148887
786 322
322 148887
322 43680
148887 60963
60963 43680
43680 392957
43680 19405
392957 19405
19405 200641
