14046 4910
4910 360293
4910 28476
360293 14818
360293 42
360293 6951
360293 28476
14818 409961
409961 39086
39086 311201
39086 249846
39086 103530
311201 249846
311201 42
249846 103530
103530 9130
9130 16136
16136 1330
1330 2206
1330 6
2206 2207
2206 6
2207 117571
117571 6
6 224389
6 6951
6 135169
6 145012
224389 42
42 223787
42 72781
42 116365
223787 6951
223787 28476
6951 277063
6951 397786
6951 291137
6951 72781
277063 50361
291137 28476
291137 50361
291137 8767
28476 288661
28476 138049
288661 57861
57861 69891
69891 398562
69891 50361
50361 181674
50361 72781
50361 116365
181674 60078
60078 34753
34753 11897
11897 319333
11897 26079
319333 26079
26079 20807
20807 322423
322423 135169
135169 145012
145012 101081
101081 138049
138049 62940
62940 72781
72781 115250
115250 185469
185469 65109
65109 113210
113210 116365
116365 8767
8767 348144
