322337 1
1 326705
1 268583
1 428150
1 226251
1 408998
1 348362
1 15
348362 153345
153345 271850
153345 305584
153345 16865
271850 305584
16865 82071
16865 71108
82071 6019
6019 227637
6019 213
6019 71108
6019 1276
6019 73403
227637 30035
30035 128187
128187 28753
28753 213
213 130766
213 73403
213 120624
213 2670
213 127436
213 9865
213 13614
213 302016
130766 71108
71108 85537
85537 109043
109043 7423
7423 96299
96299 28790
96299 1276
28790 1276
28790 2670
1276 228411
1276 15
1276 2670
1276 127436
1276 83
1276 9138
228411 15
15 73403
15 120624
15 2670
15 127436
15 83
15 9138
15 13614
73403 7599
73403 2670
73403 83
7599 120624
7599 83
120624 2670
120624 83
2670 127436
2670 83
2670 9138
2670 5335
127436 83
83 55640
83 5198
83 9138
55640 5198
5198 261730
5198 9865
5198 5335
5198 2288
261730 9865
261730 5335
261730 2288
9865 9138
9865 5335
9865 2288
9138 6671
9138 13614
9138 5335
9138 2288
6671 13614
6671 164227
6671 2288
13614 302016
13614 5335
13614 2288
302016 5335
302016 2288
5335 164227
164227 2288
2288 159488
159488 756
756 39905
39905 196274
