400664 66278
66278 333170
66278 14590
66278 40283
333170 86380
333170 35481
86380 60079
86380 14590
60079 14590
14590 14575
14590 99133
14590 40283
14575 102485
102485 99133
99133 40283
99133 35481
40283 311386
311386 35481
35481 308706
308706 126847
126847 133740
126847 1267
133740 29562
29562 141020
141020 2353
2353 311460
311460 12718
12718 451642
451642 1837
451642 1267
1837 278576
1837 45518
1837 1267
1837 127856
278576 2689
2689 177927
2689 375578
177927 2696
177927 89
2696 375578
2696 196080
196080 89
89 193359
193359 66321
66321 66782
66782 55898
55898 73829
73829 83313
73829 51752
83313 51752
51752 230223
230223 40214
40214 45518
45518 45523
45523 46411
45523 1267
46411 217353
217353 1267
1267 127856
127856 489
489 220931
220931 29196
29196 279608
279608 153105
153105 234959
