289211 317
317 187484
317 382083
317 47317
317 107230
317 130677
317 73313
317 9101
317 10924
317 49351
317 173124
317 2513
187484 11921
11921 382083
11921 231939
11921 367
11921 1062
382083 25680
25680 231939
231939 484
231939 1871
484 94031
484 9540
94031 3980
3980 27927
27927 379
27927 9540
379 47317
47317 2670
2670 9540
2670 367
2670 74583
2670 173124
2670 301922
2670 1062
9540 22833
9540 1988
22833 46698
22833 1062
46698 49125
49125 181355
49125 1988
49125 13240
181355 81253
81253 107230
81253 73313
107230 15295
107230 73313
107230 1988
107230 13240
15295 130677
15295 73313
130677 73313
73313 151282
151282 323
323 269908
323 9101
323 49351
323 1062
269908 9101
269908 3393
9101 66267
66267 40386
40386 14830
14830 54752
54752 10924
10924 49351
10924 3393
49351 367
49351 3393
49351 1988
367 21368
21368 3393
21368 1988
21368 1871
3393 118159
3393 1988
118159 1988
1988 13240
1988 74583
1988 173124
1988 2513
1988 1062
13240 74583
74583 173124
173124 9656
173124 1062
9656 416415
416415 1871
1871 2513
2513 44236
44236 130998
130998 301922
301922 1062
