134688 28594
134688 138
28594 151385
151385 5215
151385 88039
151385 1062
5215 88039
88039 94239
94239 1574
94239 1062
1574 316538
1574 138
316538 1062
316538 88
1062 199510
1062 88
199510 68282
68282 315653
68282 386623
68282 449556
315653 333781
315653 68277
315653 138
333781 121552
121552 291070
291070 68277
68277 307835
68277 318835
68277 386623
386623 89008
89008 449556
449556 11565
11565 75102
75102 138
138 344848
138 157047
138 20236
344848 92263
92263 14717
14717 156920
156920 50957
50957 88
88 157047
88 150240
88 68442
88 353108
88 141516
157047 3726
3726 173892
3726 24099
3726 20236
3726 164464
3726 164465
3726 150240
3726 211330
3726 68442
3726 141516
173892 85498
173892 24099
24099 205277
24099 68442
205277 20236
205277 20144
20236 20144
20144 164464
20144 38632
164464 164465
164465 38632
38632 150240
38632 66523
38632 141516
150240 66523
66523 211330
211330 68442
211330 21622
21622 22848
22848 353108
353108 28910
28910 141516
