79100 72783
79100 43994
72783 363893
363893 43994
43994 34208
34208 12781
34208 383
12781 129383
129383 9943
9943 95509
9943 20227
95509 90739
95509 38566
95509 20128
95509 20227
95509 68446
90739 145500
90739 20213
90739 51522
90739 90751
90739 20128
90739 20227
145500 20213
145500 90751
145500 20227
145500 235371
145500 68446
20213 51522
20213 89168
20213 20227
20213 235371
20213 68446
51522 202478
51522 38566
51522 20227
51522 68446
202478 90751
202478 84613
90751 94917
90751 20128
90751 20227
94917 259406
94917 20128
94917 94904
94917 235371
94917 68446
259406 132011
132011 38566
38566 20128
20128 94904
20128 84613
20128 235371
20128 68446
20128 207292
94904 84613
84613 89168
84613 68446
89168 20227
20227 235371
235371 68446
68446 207292
207292 117414
117414 44834
44834 144256
144256 34885
34885 41337
41337 160887
160887 81380
81380 178507
178507 1971
178507 383
1971 251374
1971 383
251374 383
383 28794
383 79616
383 51459
28794 28803
28803 79616
79616 7470
7470 6570
6570 310479
310479 308111
308111 83127
308111 51459
83127 421017
83127 51459
421017 51444
421017 51459
51444 429553
51444 51459
429553 51459
