365791 235867
235867 302402
302402 4957
4957 41722
4957 11907
4957 15858
41722 11907
11907 15858
15858 361664
15858 756
756 157841
157841 12541
12541 15208
15208 14972
14972 12113
12113 55996
55996 44125
55996 22810
44125 163092
44125 44126
163092 45293
163092 44126
45293 142067
45293 134250
45293 42708
45293 206881
45293 113503
45293 350113
45293 61629
142067 173159
142067 46925
173159 91480
91480 46911
91480 298522
46911 126566
46911 298522
46911 134250
126566 44126
298522 134250
134250 38636
134250 20122
38636 72295
38636 20122
38636 20302
38636 20311
38636 42708
38636 20313
38636 78429
72295 22810
72295 20122
22810 22799
22810 20122
22799 47974
22799 20313
47974 47968
47974 20122
47968 20122
20122 20302
20122 20311
20122 42708
20122 20313
20122 78429
20302 20311
20302 78429
20311 42708
20311 46925
20311 20313
20311 78429
42708 46925
42708 20313
46925 20313
46925 78429
20313 206881
20313 78429
206881 78429
206881 44126
78429 341512
341512 44126
44126 113503
113503 177089
177089 350113
61629 80722
61629 14572
80722 31758
31758 364362
31758 14572
364362 14572
14572 237325
