452363 1
1 271815
1 451777
1 232313
1 203324
1 332304
332304 308353
308353 248689
308353 249200
308353 192324
248689 249200
249200 149316
149316 264279
149316 284836
264279 192324
192324 284836
284836 146365
284836 301
146365 32342
32342 158513
32342 96161
158513 204163
204163 953
953 32041
953 49587
953 179832
32041 96161
32041 58590
32041 49587
32041 301
96161 58590
58590 58971
58590 52896
58590 49587
58971 52896
52896 49587
49587 32044
49587 179832
32044 179832
32044 301
179832 1456
179832 301
1456 363730
1456 298079
1456 322942
1456 203786
363730 250403
363730 363718
363730 298725
363730 203786
250403 363718
250403 59539
250403 303787
363718 412195
363718 322942
363718 203786
412195 298079
412195 59539
412195 203786
298079 298725
298079 59539
298079 303787
298079 203786
298725 420675
298725 203786
420675 413245
420675 59539
413245 59539
413245 203786
59539 322942
59539 303787
59539 203786
322942 303787
322942 203786
303787 203786
203786 17324
17324 295790
295790 6496
6496 246843
246843 301
301 32093
32093 36224
36224 68781
68781 327817
327817 31681
