329221 106520
106520 104896
106520 243887
106520 256600
106520 79103
104896 243887
104896 52355
104896 14590
243887 52355
243887 14590
52355 417195
417195 35365
35365 362161
362161 251207
362161 14590
251207 99132
99132 35142
99132 14590
99132 99172
35142 360747
360747 37523
37523 389100
37523 359861
389100 14590
14590 256600
14590 31715
14590 99172
14590 31740
256600 79103
79103 249811
249811 359861
359861 31715
31715 86904
86904 99172
99172 31740
31740 41919
41919 79401
79401 20782
20782 17573
17573 15834
17573 33149
15834 15668
15668 91014
91014 8410
8410 196533
196533 16225
196533 8421
16225 181801
181801 8421
8421 131507
131507 1025
1025 13566
13566 5451
13566 35995
5451 35995
35995 16483
16483 248918
248918 20246
20246 49761
49761 79192
79192 51885
51885 199210
199210 56568
199210 33149
33149 60202
