85080 14491
14491 53665
53665 79448
79448 79951
79951 22779
79951 3472
79951 14600
22779 407376
22779 74008
22779 16402
22779 16403
22779 60490
22779 170948
22779 14600
407376 14600
74008 16402
16402 201770
16402 16403
16402 14600
201770 16403
16403 3472
16403 14600
3472 201930
3472 60490
3472 221585
201930 60490
60490 170948
60490 14600
170948 14600
14600 221585
14600 148193
221585 265018
265018 148193
148193 13240
13240 73148
73148 31332
31332 64172
31332 19913
64172 159274
159274 19913
19913 403294
19913 14648
403294 49182
403294 14648
49182 380058
49182 54039
49182 411883
49182 170930
49182 374340
380058 85766
85766 190830
85766 35062
85766 54039
85766 184146
190830 35062
190830 54039
35062 431440
35062 54039
35062 184146
35062 308519
431440 54039
54039 449714
54039 184146
449714 301888
449714 56698
449714 184146
301888 56698
56698 411883
411883 30244
411883 14648
30244 121377
30244 14648
30244 308519
30244 64266
121377 275725
275725 170930
170930 14648
14648 374340
14648 308519
374340 184146
184146 308519
308519 333479
333479 64266
64266 347134
347134 29249
29249 87815
