106962 107523
107523 107046
107046 331
331 394968
331 138016
331 579
331 978
394968 323
323 138016
323 89655
323 9110
323 308
323 413181
138016 10894
10894 89655
10894 579
89655 579
579 7012
579 2697
7012 4328
4328 12859
4328 816
12859 4720
4720 1548
1548 206635
1548 17450
1548 2697
206635 56487
56487 137063
56487 134606
137063 134606
137063 816
134606 21352
21352 33638
33638 76302
76302 17450
17450 2697
17450 608
2697 416934
416934 1881
416934 816
1881 403549
1881 1984
1881 7837
1881 4375
1881 146004
403549 1984
403549 9110
403549 816
1984 7837
1984 4375
1984 7423
1984 308
1984 816
7837 4375
4375 95954
95954 36677
36677 978
36677 308
978 19122
19122 143595
143595 608
608 100134
608 816
100134 103973
103973 201213
201213 7423
7423 90937
7423 305325
90937 9110
9110 308
308 305325
308 146004
308 413181
305325 146004
146004 816
146004 3783
816 413181
816 64360
413181 30077
30077 64360
64360 3783
