30681 31270
30681 31906
31270 76006
31270 31906
31270 7533
76006 66010
76006 98800
76006 31906
66010 98800
98800 31906
98800 30737
31906 30737
31906 7533
30737 31045
30737 7533
31045 297604
297604 76023
297604 7533
76023 28476
28476 394864
28476 8711
28476 14589
28476 14572
28476 7533
28476 243251
28476 47620
394864 99099
99099 34274
99099 8711
99099 14572
99099 40264
99099 7533
99099 19150
34274 203117
34274 40264
203117 16358
16358 298959
16358 63289
16358 47015
298959 407963
407963 8711
407963 7533
8711 14589
8711 14572
8711 63289
14589 356693
14589 14572
14589 19150
356693 14572
356693 7533
356693 19150
14572 134816
14572 7533
14572 243251
14572 63289
14572 53237
14572 64171
14572 186382
134816 82686
82686 123135
123135 45435
45435 40264
40264 180843
180843 7533
7533 243251
7533 63289
7533 19150
7533 255366
7533 64171
7533 8729
7533 47620
7533 71948
243251 63289
243251 19150
63289 47015
63289 19150
47015 53237
53237 58533
58533 181447
181447 19150
19150 255366
255366 64171
64171 186382
186382 59929
59929 6104
6104 116080
6104 15498
116080 15498
15498 80757
80757 8729
8729 19975
8729 47620
8729 81503
8729 8860
8729 71948
19975 47620
19975 8860
47620 81503
81503 8860
8860 71948
