269496 5226
269496 1503
5226 170680
5226 64885
5226 5878
5226 4368
5226 677
5226 1503
5226 52895
5226 79893
170680 13603
170680 677
13603 64885
13603 677
64885 5004
64885 677
5004 30203
5004 1965
5004 11623
30203 1965
1965 327641
327641 355778
327641 11623
11623 5864
11623 4368
11623 677
5864 5878
5864 960
5878 4368
5878 677
5878 396
5878 2153
4368 138208
4368 23569
4368 677
4368 960
138208 23569
138208 677
138208 960
138208 15885
23569 10647
23569 677
23569 1503
23569 960
23569 323
10647 450114
450114 87681
87681 439285
439285 677
677 84637
677 148439
677 307384
677 45857
677 146688
677 139120
677 103915
677 97813
84637 1503
1503 112460
1503 52895
1503 79893
1503 49524
1503 195017
1503 20015
1503 960
1503 45857
1503 146688
1503 139120
1503 97813
112460 52895
52895 148439
52895 58970
52895 95163
148439 58970
148439 95163
148439 960
58970 79893
79893 58421
79893 95163
79893 16618
79893 396
79893 323
58421 155418
155418 95163
155418 396
95163 98154
98154 49524
98154 396
49524 16618
49524 396
16618 195017
195017 396
396 307384
396 20015
396 97813
307384 2153
2153 20015
20015 960
20015 16092
960 45857
960 139120
45857 323
323 146688
323 103915
139120 16092
16092 15885
15885 103915
103915 51340
51340 115848
115848 97813
