232126 208930
232126 6948
232126 34312
208930 68778
68778 34184
34184 187114
34184 213
187114 393891
393891 329264
329264 28508
28508 65077
28508 54367
65077 8906
65077 6948
8906 108516
108516 9020
108516 68824
108516 6948
9020 279402
9020 68824
9020 268719
279402 68824
279402 6948
279402 34312
68824 268719
268719 6948
268719 213
6948 257651
6948 14584
6948 386053
6948 14648
6948 335623
6948 156968
6948 373777
6948 347805
6948 338894
6948 39188
6948 31667
6948 54367
257651 213
257651 14584
213 420660
420660 14584
14584 386053
14584 57739
14584 156968
14584 54367
386053 14648
14648 393617
14648 31667
393617 57739
57739 366016
57739 322514
57739 34312
366016 34312
322514 53984
53984 335623
335623 156968
335623 34312
156968 34312
34312 373777
373777 347805
347805 338894
338894 39621
39621 39624
39621 39610
39624 39610
39610 134810
134810 39188
39188 41916
41916 28132
41916 21021
41916 39190
28132 21021
21021 63747
63747 31667
31667 54367
31667 39445
31667 93395
54367 49148
49148 39190
39190 39445
39445 53354
53354 93395
53354 33849
93395 33849
