440464 48160
48160 29163
48160 129834
29163 136090
29163 88625
29163 129834
29163 196444
29163 280730
29163 29168
136090 88625
136090 38225
136090 29168
88625 259562
88625 38225
88625 29168
259562 129834
259562 38225
129834 162287
129834 92220
129834 38225
129834 29168
162287 92220
92220 196444
196444 38225
38225 280730
38225 29168
280730 29168
29168 6598
29168 701
29168 2055
6598 166826
6598 701
166826 149570
149570 2994
2994 220951
2994 17221
220951 27665
220951 2055
27665 1292
27665 701
1292 184303
1292 1608
184303 42622
42622 45116
45116 145211
145211 701
145211 2055
701 1608
701 2055
1608 78515
78515 972
972 126724
126724 88160
126724 53539
88160 53539
53539 17221
17221 26630
26630 54706
54706 169412
169412 102019
102019 77842
77842 96142
96142 96145
96142 2055
96145 104662
104662 30859
104662 2055
30859 410598
410598 2055
2055 40399
40399 12898
12898 37189
37189 29159
29159 15305
15305 31420
31420 85919
