271241 7698
271241 3549
7698 277504
7698 135015
7698 280897
135015 280897
280897 43643
280897 3549
43643 167755
43643 3549
167755 24298
167755 3549
24298 128190
128190 55761
55761 5485
5485 154907
154907 111676
111676 298970
298970 106793
106793 34689
106793 3237
34689 29233
29233 69501
69501 15575
15575 359392
359392 16725
16725 51769
51769 12847
12847 10938
10938 49013
49013 321022
321022 5032
5032 233283
5032 83
233283 252470
233283 83
252470 150194
150194 85356
85356 243148
85356 158989
85356 131916
243148 158989
158989 131916
131916 49897
49897 83
83 118642
83 18873
118642 42584
42584 3549
3549 272179
272179 3237
3237 290694
3237 150643
150643 428557
428557 18320
18320 18873
18873 40359
40359 385
385 15941
15941 2361
