199593 150175
150175 44724
44724 98792
98792 11548
11548 130710
11548 94123
11548 71277
130710 2785
130710 597
2785 37447
2785 64875
2785 34751
2785 431
2785 221
37447 52
37447 6
52 64875
52 34751
52 34408
52 431
52 31930
52 29489
52 71277
64875 66379
64875 597
66379 34751
66379 29489
34751 34408
34751 431
34751 6
34408 94123
34408 26289
94123 431
431 65193
431 31930
431 221
431 144968
431 283661
431 71277
65193 9482
65193 6
9482 31930
9482 40869
31930 40869
31930 6
40869 6
6 336305
6 4474
6 62809
6 170146
6 283661
6 71277
336305 3047
3047 4474
3047 62809
4474 62809
170146 160807
170146 221
160807 100748
100748 382938
382938 55495
55495 85876
55495 4438
85876 4438
4438 4430
4430 140274
140274 278337
140274 221
221 144968
144968 29489
29489 597
29489 33955
597 209079
597 71277
209079 33955
33955 283661
283661 22722
22722 71277
71277 26289
26289 113579
26289 58358
113579 151852
151852 58358
58358 147053
58358 6422
147053 6422
6422 81703
