399241 14596
14596 62157
62157 56796
56796 35740
35740 65580
65580 35309
65580 26352
35309 301
301 33727
301 16722
301 27309
301 129147
301 138
301 1099
301 62541
301 381
301 50806
301 167086
301 185735
33727 16722
16722 26352
26352 196426
196426 88
88 27309
88 65866
88 129147
88 176118
88 1988
88 310970
88 48963
27309 65866
27309 138
27309 1988
65866 129147
65866 1988
129147 3393
129147 1988
3393 381076
3393 48960
3393 1988
3393 48963
381076 48960
48960 38632
48960 138
38632 95353
95353 40077
40077 176118
40077 220
176118 220
176118 1988
220 372250
220 2776
220 216692
220 354
220 1988
220 48963
220 62541
220 381
372250 138
138 2776
138 216692
138 354
138 1988
138 48963
138 387222
138 381
138 50806
138 185735
2776 1099
1099 216692
1099 381
216692 354
354 92888
354 381
92888 1988
1988 310970
1988 518
1988 48963
1988 9910
310970 518
518 48963
518 381
518 9910
48963 62541
62541 387222
387222 50136
50136 229251
229251 381
381 50806
381 167086
50806 77730
77730 167086
167086 9910
167086 185735
9910 174699
9910 42785
174699 42785
42785 298801
298801 185735
185735 66387
66387 11557
