18654 548
548 325822
548 102
548 206
548 86000
548 190141
325822 461
325822 335
325822 2164
325822 206
325822 1503
325822 4259
325822 383
461 56247
461 335
461 206
461 3447
461 1503
461 383
56247 40008
40008 75079
40008 2244
75079 1532
75079 335
75079 206
1532 102
102 54658
102 206
102 1503
54658 43481
43481 1014
43481 335
1014 135893
1014 3447
135893 335
135893 206
335 95608
335 252685
335 179711
335 12514
335 95168
335 383
335 86000
95608 36621
95608 206
95608 1503
95608 4259
95608 383
36621 150364
150364 11190
11190 15183
11190 35827
11190 1503
15183 35827
35827 185599
35827 383
185599 2164
185599 1503
185599 4259
2164 33545
2164 1503
33545 1588
33545 1503
33545 4259
33545 2244
1588 206
206 252685
206 265929
206 179711
206 12514
206 95168
206 21449
206 383
206 86000
206 263289
252685 23690
252685 1503
252685 383
23690 265929
23690 75337
23690 26640
265929 3447
3447 23878
3447 179711
3447 12514
3447 75337
3447 26640
3447 95168
23878 179711
23878 230994
179711 12514
179711 383
12514 75337
12514 1503
12514 383
75337 80766
75337 383
80766 26640
26640 75828
26640 230994
26640 38377
26640 95168
26640 1503
26640 4259
26640 383
75828 230994
230994 38377
38377 95168
95168 65861
95168 1503
95168 4259
95168 383
65861 1503
65861 4259
65861 2244
65861 383
1503 141407
1503 21449
1503 86000
1503 263289
141407 4259
4259 21449
4259 98563
21449 2244
21449 383
2244 98563
98563 383
383 86000
86000 263289
263289 190141
