292451 12712
12712 253830
253830 6643
6643 9216
6643 3058
6643 123701
9216 194139
9216 5516
194139 37752
37752 3058
3058 80947
3058 196141
3058 5516
80947 196141
80947 5516
196141 6670
196141 123701
6670 123701
123701 5516
123701 6663
5516 167177
5516 199681
5516 182361
5516 45293
167177 6663
6663 199681
199681 292042
292042 292038
292038 1941
1941 36384
1941 965
1941 45293
1941 2673
1941 8
1941 6
36384 360766
36384 2662
360766 2662
2662 149201
2662 45293
2662 44651
149201 965
965 118492
965 182361
118492 39532
118492 118490
39532 118490
39532 5969
118490 72057
118490 5969
72057 5969
5969 113664
113664 182361
182361 44132
182361 8
182361 6
44132 142792
142792 46669
142792 3726
142792 6
46669 284307
46669 45293
46669 3726
46669 43864
46669 44651
46669 2673
46669 8
284307 45293
45293 280730
45293 20151
45293 8
45293 6
280730 20151
20151 68435
20151 3726
20151 44651
20151 2673
20151 8
68435 68976
68435 3726
68976 3726
3726 322084
3726 43864
3726 15789
3726 2673
322084 43864
43864 44651
43864 15789
43864 2673
44651 15789
44651 2673
44651 8
44651 6
15789 2673
15789 8
15789 6
2673 8
8 66718
8 6
8 288134
66718 6
6 288134
