211393 352
211393 1503
352 262160
352 2417
352 286539
352 350596
352 331881
352 201195
352 1503
352 22226
352 50941
352 19709
352 33256
262160 2417
262160 1503
2417 286542
2417 965
2417 1503
2417 220363
2417 11541
2417 35827
2417 50941
2417 19709
2417 32675
2417 191923
2417 3323
2417 16402
2417 43625
286542 286538
286542 79397
286542 274074
286542 350596
286542 1503
286538 350590
286538 79397
286538 274074
286538 350596
350590 79397
350590 274074
79397 286539
79397 274074
79397 350596
286539 274074
274074 350596
350596 10875
350596 1503
10875 331881
331881 205396
205396 294303
294303 140641
140641 454155
454155 159241
159241 201195
201195 965
201195 1503
965 35855
965 50941
965 19709
35855 1503
1503 220363
1503 101122
1503 123562
1503 22226
1503 19709
1503 32675
1503 43625
1503 25403
1503 8434
220363 3233
3233 101122
3233 16409
101122 2688
2688 123562
2688 11541
2688 8434
123562 438
438 6586
438 3323
6586 249120
249120 11541
11541 22226
22226 35827
35827 50941
50941 19709
19709 32675
32675 3297
3297 9913
9913 577
577 191923
577 3323
577 179295
577 66389
577 25403
577 8434
191923 3323
3323 179295
3323 33256
179295 33256
33256 66389
66389 493
493 16409
16409 16402
16402 43625
43625 25403
25403 8434
