134348 192525
192525 369177
369177 23451
23451 79822
23451 40623
23451 111808
23451 23764
23451 122218
79822 228604
79822 169871
228604 169871
169871 40623
169871 122218
40623 75437
40623 23764
40623 122218
75437 111808
75437 289037
111808 289037
111808 23764
289037 23764
23764 157501
157501 122218
122218 337100
337100 13894
13894 63335
63335 3915
63335 2347
3915 139475
3915 3627
139475 3627
3627 208650
208650 69641
69641 67210
67210 64124
67210 3549
64124 262078
262078 9798
9798 155479
9798 10128
9798 3549
155479 10128
10128 83433
83433 96498
96498 153053
153053 450068
450068 3549
450068 2347
3549 260742
260742 2347
2347 405122
2347 107861
107861 35577
35577 202315
202315 73337
73337 98782
98782 37528
37528 61560
61560 4915
4915 55295
55295 8706
8706 129427
129427 31753
31753 31808
31808 31790
