199281 16497
16497 59715
16497 8511
16497 3802
16497 308
59715 8511
8511 105502
8511 1292
105502 70297
105502 3419
70297 39752
39752 2417
39752 308
39752 11559
39752 299
39752 2553
39752 3202
2417 181757
2417 52619
2417 90420
2417 91951
2417 74186
2417 135442
181757 52619
52619 90420
90420 130663
130663 108950
130663 1292
108950 140334
140334 135597
135597 27468
135597 616
27468 616
616 91951
91951 266728
266728 57100
57100 166440
166440 26152
26152 271385
271385 52511
52511 143098
52511 445498
52511 96616
143098 445498
445498 96616
96616 164845
164845 1292
1292 154204
1292 74186
1292 51384
154204 3802
3802 74186
3802 162204
74186 95
95 427560
95 308
95 162204
427560 308
308 51542
51542 29487
29487 11559
11559 51384
11559 299
11559 2553
51384 118377
51384 299
51384 2553
118377 60709
60709 299
299 415048
299 2553
299 3202
415048 2553
2553 3202
3202 162204
162204 3419
3419 135442
135442 1248
1248 21205
