354089 34719
34719 359762
34719 305446
359762 305446
305446 52341
52341 191964
52341 270972
191964 31085
191964 16344
191964 6971
31085 37534
31085 16344
37534 50321
37534 31450
37534 16344
50321 31450
50321 16344
31450 309933
31450 1276
309933 33476
33476 278826
278826 278828
278826 6929
278828 304459
304459 55151
55151 270972
270972 41395
270972 16344
270972 6929
41395 120663
41395 16344
120663 195048
120663 16344
195048 63247
195048 16344
63247 16344
16344 74183
74183 6929
6929 46624
6929 103406
46624 86965
86965 110052
110052 106877
110052 6971
106877 297994
297994 297992
297994 297991
297991 1276
1276 319356
1276 42148
319356 265792
319356 6971
265792 6971
6971 288384
288384 34798
288384 31443
34798 334474
34798 411632
334474 31443
31443 411632
31443 103406
103406 44258
44258 1812
44258 13894
1812 42148
1812 13894
42148 9630
9630 22579
22579 19392
22579 13894
19392 1021
1021 13894
13894 291360
