448053 34312
34312 299763
34312 62741
34312 296331
34312 296982
299763 62741
62741 296331
62741 34282
296331 40275
296331 34282
296331 22636
40275 296982
40275 34282
296982 71700
296982 34282
71700 183036
183036 14590
14590 282073
14590 34282
14590 343008
14590 22636
14590 64311
14590 65281
282073 34282
34282 343008
34282 65281
343008 343006
343008 22636
22636 64311
64311 14634
64311 20907
14634 65281
14634 20907
65281 20907
20907 58572
58572 6961
6961 254716
254716 15
254716 88
15 337331
15 151654
337331 1267
1267 81879
1267 122002
81879 66731
81879 88
66731 22658
66731 88
22658 22694
22694 163166
22694 17063
22694 216047
163166 17063
17063 216047
216047 88
88 151654
88 284958
88 122002
88 19604
88 397384
88 384001
88 2166
151654 69781
69781 419929
69781 26753
419929 26753
26753 284958
284958 122002
122002 19604
19604 397384
19604 7421
397384 7421
7421 384001
384001 53135
53135 332898
53135 330
332898 330
330 81586
81586 36599
36599 65893
65893 2166
