329274 62428
62428 207305
62428 289281
62428 251244
62428 291424
207305 289281
289281 156496
289281 6517
156496 6517
6517 251244
251244 301
251244 19
291424 339
339 10239
339 301
10239 11125
10239 456
10239 422
10239 383
11125 456
11125 511
11125 301
11125 383
456 84443
456 422
456 21776
456 301
456 383
456 19
84443 114249
84443 301
114249 186053
186053 36579
186053 383
36579 156503
36579 422
36579 301
36579 383
156503 36805
156503 301
156503 383
36805 52437
52437 12715
12715 93142
93142 137650
93142 301
137650 511
511 422
422 7290
422 301
422 383
422 19
7290 452
7290 301
452 7756
452 301
7756 384501
7756 431620
431620 68273
68273 21776
21776 21773
21776 21793
21776 20651
21773 21793
21793 106693
21793 20651
106693 52730
106693 20651
52730 20651
52730 301
20651 301
301 201077
301 383
301 19
201077 383
201077 19
383 192994
192994 951
951 4433
4433 19
19 217009
217009 291664
291664 6971
6971 314199
314199 30859
30859 349206
349206 2991
