22991 18185
22991 3549
18185 7639
7639 142586
7639 220245
7639 282450
142586 86247
142586 317
86247 5982
86247 317
5982 313228
5982 10923
313228 7898
313228 317
7898 259628
7898 10606
7898 9110
259628 10606
259628 317
10606 74983
74983 8446
8446 79601
79601 317
79601 3549
79601 13483
79601 960
317 220245
317 31966
282450 9110
282450 3549
9110 33578
33578 31966
31966 3549
3549 126655
3549 14502
3549 88238
3549 33980
3549 13483
3549 73046
3549 960
126655 100054
126655 960
100054 1952
1952 5992
1952 137
5992 1759
5992 2420
5992 137
1759 21471
1759 9757
1759 2420
1759 2536
21471 9757
9757 2420
2420 2536
2536 14502
14502 88238
14502 960
88238 109418
88238 960
109418 33980
109418 960
33980 33998
33998 7213
33998 960
7213 13483
13483 149144
13483 10923
149144 210585
149144 960
210585 88503
88503 10923
10923 11382
11382 73046
73046 960
960 236037
236037 788
788 49314
49314 137
137 25067
25067 5946
5946 13135
