388772 2342
2342 383464
2342 4267
383464 378038
378038 3158
3158 317279
3158 1335
317279 48874
48874 105881
105881 412819
412819 879
412819 818
879 66934
66934 23122
66934 818
23122 818
818 156286
818 370
818 2138
818 21486
818 231271
818 677
818 100559
818 10693
818 288730
818 43031
818 423931
156286 133789
156286 677
133789 126655
133789 677
126655 465
126655 677
465 218821
465 8398
465 72185
465 21896
465 21486
465 677
465 207708
465 4267
465 423931
218821 8398
218821 2138
218821 677
8398 81945
8398 370
8398 72185
81945 370
81945 2138
81945 677
370 119553
370 108673
370 72185
370 2138
119553 29159
29159 64000
64000 26256
26256 144478
144478 108672
108672 9802
9802 108673
9802 72549
9802 2138
9802 677
108673 72185
72185 72549
72185 677
72549 2138
2138 21896
2138 21486
2138 677
2138 17973
2138 288730
21896 21486
21896 677
21486 231271
231271 677
677 207708
677 4267
677 17973
677 10693
677 288730
677 423931
207708 4605
4605 8278
8278 1335
1335 32876
32876 7479
7479 4267
4267 17973
17973 100559
100559 215832
215832 10693
215832 43031
10693 288730
10693 43031
288730 43031
43031 423931
