83906 431
83906 331
431 60329
431 331
431 113592
431 9669
60329 86217
86217 103238
86217 331
103238 179050
179050 205987
205987 299225
205987 294427
205987 153331
205987 280559
299225 199586
199586 294427
199586 179507
199586 311908
199586 280559
294427 160965
294427 153331
160965 215587
160965 89013
215587 89007
215587 331
89007 258625
258625 157359
258625 122440
258625 133328
258625 2236
157359 346700
346700 95903
346700 89013
95903 194851
95903 79649
95903 435056
95903 399256
194851 79649
79649 435056
79649 280559
79649 89013
435056 179507
435056 95921
435056 89013
179507 122440
179507 311908
179507 327037
122440 280559
311908 261977
261977 287214
261977 327037
261977 89013
287214 327037
327037 153331
153331 280559
280559 95921
280559 89013
95921 399256
399256 361202
361202 274323
274323 260996
260996 89013
89013 311883
311883 133328
133328 253503
253503 2236
2236 32656
32656 61035
61035 59786
59786 155247
155247 6749
6749 44975
44975 331
331 113592
113592 59690
113592 34
59690 9669
9669 34
34 66954
