206826 5
5 7904
5 88
5 29162
7904 3019
7904 465
3019 45686
3019 322
3019 335
45686 22841
45686 335
22841 199093
199093 53660
53660 118569
118569 53697
118569 301
53697 127978
53697 322
127978 88
127978 322
127978 335
88 88973
88 6080
88 346943
88 465
88 154076
88 20183
88 5678
88 89390
88973 88947
88947 301
301 4249
301 70607
301 32994
301 240290
301 238124
301 46922
301 154076
301 29162
301 5678
301 374
301 89390
301 51367
301 11559
301 335
4249 70607
70607 11854
70607 335
11854 32994
240290 322
322 238124
322 131396
322 154076
322 29162
238124 125180
238124 335
125180 434055
434055 7756
7756 131396
131396 6080
131396 335
6080 346943
6080 465
346943 465
465 209097
465 5678
209097 46922
46922 154076
46922 195513
154076 104503
154076 335
104503 195513
195513 228042
228042 20183
20183 48144
20183 51504
48144 80529
80529 51504
80529 29174
51504 29174
29174 158196
158196 29162
29162 6417
6417 5678
6417 89390
5678 374
5678 335
374 89390
89390 51367
89390 335
51367 11559
11559 171108
11559 335
171108 335
