377293 181774
181774 243286
181774 146291
243286 234283
234283 179558
234283 251058
179558 150193
179558 146291
150193 363670
363670 251058
251058 146291
146291 361366
361366 3158
3158 144829
3158 12397
3158 96534
3158 113424
144829 1284
1284 11125
1284 45746
11125 30923
11125 29799
30923 13143
13143 171898
171898 126050
171898 5006
126050 5006
5006 147764
5006 96467
5006 77779
5006 35833
96467 161
161 46648
46648 12397
12397 12273
12397 151055
12397 38403
12397 75835
12397 21749
12397 23770
12397 45746
12273 45775
12273 21749
45775 269358
45775 21749
269358 139858
269358 21749
139858 151055
151055 38403
38403 75835
38403 21749
38403 111549
38403 96534
75835 21749
21749 111549
21749 23770
21749 96534
111549 23770
23770 96534
96534 45746
45746 44597
44597 19234
19234 18916
18916 113424
113424 7930
113424 24918
7930 83094
83094 10896
10896 77779
10896 35833
10896 24918
77779 35833
35833 542
542 29799
29799 7274
7274 73170
73170 24918
