453355 329
329 405550
329 179630
329 60497
405550 2194
2194 75850
2194 51367
2194 32229
2194 176609
2194 179630
75850 51367
51367 32229
32229 55530
55530 176609
176609 33261
176609 2780
33261 179630
179630 7650
179630 61976
179630 93179
179630 2780
7650 171816
7650 61976
7650 132829
171816 61976
171816 132829
171816 1292
61976 93179
93179 132829
132829 2780
2780 9689
2780 109202
9689 1292
1292 67796
1292 109202
67796 21352
21352 51577
51577 2696
2696 109202
109202 1880
1880 131267
131267 23151
23151 14514
14514 123406
123406 15992
15992 79763
79763 16578
16578 13036
13036 205407
205407 13268
13268 19108
19108 95558
95558 57588
57588 85376
85376 25994
25994 227
227 61383
61383 113996
61383 46978
113996 60497
113996 27217
113996 46978
60497 27217
60497 60501
60497 46978
27217 60501
27217 46978
60501 182540
60501 46978
182540 61388
182540 46978
61388 46978
46978 85781
