256156 38728
256156 103741
38728 40219
38728 68736
38728 103741
38728 231
38728 2846
38728 250
40219 68736
40219 231
40219 2846
40219 250
68736 103741
68736 2846
103741 101517
101517 231
101517 2846
101517 2870
101517 250
231 281269
231 2846
231 413836
281269 2846
281269 2870
2846 300841
2846 2870
2846 413836
300841 2870
2870 294685
2870 413836
2870 400733
2870 333063
294685 250
413836 250
400733 250
250 448815
448815 4136
4136 235899
235899 44751
44751 180390
180390 89575
89575 22573
22573 363448
363448 4336
363448 5226
4336 7406
4336 87012
4336 5226
4336 4259
7406 87012
7406 5226
7406 4259
87012 5226
87012 6148
5226 251646
5226 57779
5226 4259
251646 176402
176402 202554
202554 57779
57779 13265
13265 209248
209248 4259
4259 131476
131476 6148
6148 94111
6148 321381
94111 51328
51328 166197
166197 3003
3003 34729
34729 7998
7998 321381
321381 21864
21864 179460
179460 254484
254484 253271
253271 333060
333060 333063
333063 299406
