357326 34312
34312 447520
34312 34719
34312 261434
447520 34719
34719 382566
382566 261434
261434 31337
31337 275016
275016 57861
57861 195142
195142 301
301 190907
301 44
301 39577
301 19259
301 156676
301 31585
301 36190
301 317979
190907 12685
12685 140946
140946 87644
87644 43400
43400 403
403 46793
403 19259
403 197
403 556
403 6724
46793 209809
209809 50950
50950 176785
176785 64378
176785 10457
64378 10457
10457 441779
441779 44
44 39577
39577 26120
39577 197
39577 556
26120 15860
26120 19259
15860 19259
19259 18798
18798 197
18798 556
197 210970
210970 35909
35909 43902
35909 17506
43902 126995
43902 17506
43902 156676
126995 17506
17506 156676
156676 31585
156676 31541
31585 156190
31585 36190
31585 41331
31585 36189
31585 382492
31585 317979
156190 36190
156190 31574
36190 41331
36190 31574
36190 31541
36190 31600
41331 31574
31574 31541
31574 31600
31541 36189
31541 31600
36189 31600
31600 382492
317979 556
556 6724
6724 44300
