362083 362081
362083 59539
59539 68910
68910 187249
187249 19
19 339679
19 330
19 213
19 301
339679 35248
35248 389138
35248 37523
35248 301
389138 37523
37523 220877
220877 209638
209638 209635
209635 2396
2396 40361
40361 43914
43914 46295
43914 104666
43914 102870
46295 104666
46295 102870
104666 102870
102870 2127
102870 1525
2127 88098
2127 22882
2127 6031
88098 106213
88098 330
106213 330
106213 356
106213 205
106213 301
330 246367
246367 356
356 265683
356 22471
356 182862
265683 22471
22471 182862
182862 1205
1205 22882
1205 24418
1205 301
22882 1850
22882 1042
22882 1525
1850 3324
3324 34836
34836 24418
24418 29549
29549 2165
2165 31397
31397 205
205 386583
205 80150
205 301
205 19660
386583 213
386583 301
213 80150
213 301
80150 301
301 114060
114060 8719
8719 1042
1042 313802
313802 1525
1525 6031
6031 19660
19660 7105
