247309 465
247309 317
465 217261
465 223209
465 141155
465 47358
465 85644
465 317
465 25284
465 29021
465 29136
465 502
465 19237
217261 16981
217261 1503
16981 51240
51240 4259
4259 223209
4259 47358
4259 34208
4259 29021
4259 11913
4259 43796
4259 19237
223209 141155
223209 317
141155 85881
141155 1503
85881 47358
47358 207321
47358 317
47358 1503
207321 85644
207321 317
207321 1503
85644 317
317 34208
317 25284
317 7701
317 7510
34208 11432
34208 14871
11432 84470
11432 12854
11432 29017
11432 29021
11432 14871
84470 115850
84470 14871
115850 114205
114205 25284
114205 14871
25284 7701
7701 107804
7701 12854
7701 29021
7701 14871
107804 12854
107804 4055
107804 14871
107804 1503
12854 29017
12854 4055
12854 29021
29017 42881
42881 4055
4055 29021
4055 52270
29021 52270
52270 14871
52270 18076
14871 11913
11913 1503
1503 88005
1503 157438
1503 18076
1503 43796
1503 19237
1503 157292
1503 292
88005 157438
88005 69270
157438 217291
217291 77205
77205 69270
69270 18076
18076 29136
18076 19237
29136 9795
9795 70160
70160 16038
16038 502
502 115057
502 19237
115057 43796
43796 19237
19237 157292
157292 292
292 256971
292 6185
292 7510
256971 6185
6185 7510
7510 4888
