264893 220
220 34122
220 6357
220 15842
220 155896
220 3096
220 200463
220 323
220 14720
220 4671
220 22190
220 45697
34122 79639
79639 385
79639 20470
385 6357
385 750
385 15842
385 739
385 298
385 40519
385 45697
385 9603
6357 143171
6357 10
6357 1684
6357 431
6357 6386
143171 185474
185474 1053
185474 431
1053 2386
1053 10
1053 40519
2386 750
2386 10
750 15842
750 10
750 40519
15842 739
15842 298
15842 10
739 35219
739 10
739 27890
739 40519
35219 298
298 105802
298 323
105802 404688
404688 10
10 155896
10 431
10 40519
155896 1834
155896 323
1834 31055
31055 3096
3096 1739
1739 5169
1739 1684
5169 236483
5169 27890
5169 1232
5169 1696
236483 27890
236483 1232
27890 1232
1232 121127
1232 47394
1232 1696
1232 1684
1232 4671
1232 6493
121127 323
47394 1696
1696 1684
1684 1699
1699 20470
1699 14720
20470 200463
20470 6493
200463 323
323 431
431 6386
6386 6377
6386 40519
6386 1483
6377 40519
40519 33
33 303198
303198 4476
4476 14720
14720 4671
4671 6493
6493 4597
4597 22190
22190 45697
45697 9603
9603 1483
