321714 8942
8942 305801
8942 383
8942 85530
8942 2670
8942 206
305801 383
383 423871
383 82706
383 119522
383 85530
383 51362
383 1062
383 2743
383 16772
383 2670
383 206
423871 49592
49592 85937
85937 155909
85937 1062
155909 948
948 82706
82706 29765
29765 119522
119522 85530
119522 206
85530 3369
85530 1062
85530 2670
85530 206
3369 129041
3369 226052
226052 36160
226052 206
36160 197596
197596 61775
197596 32236
32236 23823
32236 206
23823 93705
93705 38084
93705 51377
93705 206
38084 32234
38084 51377
32234 51377
51377 18705
51377 18569
51377 206
18705 11342
18705 206
11342 27407
27407 18569
18569 51362
18569 206
51362 171595
51362 206
171595 1062
1062 137627
1062 2743
1062 16772
1062 182088
1062 2670
1062 206
137627 2743
2743 16772
2743 2670
16772 133414
16772 206
133414 44395
44395 157756
157756 143601
157756 1648
143601 1648
1648 1625
1625 182088
182088 2670
2670 81529
2670 206
81529 206
206 178159
178159 12389
12389 21613
12389 169857
21613 169857
169857 84778
