261761 88
88 41918
88 87517
88 243810
88 465
88 126568
88 53061
88 225355
88 21949
88 100889
88 183533
41918 8693
8693 260215
260215 759
759 164546
759 325
759 53061
164546 325
325 87517
325 109590
87517 806
806 243810
243810 465
465 66555
465 10927
465 126568
465 5289
465 225355
465 86206
465 133109
465 109590
66555 10927
10927 126568
10927 86206
126568 5289
126568 5188
5289 53061
5289 5079
53061 225355
225355 21949
21949 100889
21949 5079
100889 7533
7533 354740
354740 12425
12425 202741
202741 12259
12259 183533
183533 28995
28995 5079
5079 43316
5079 28729
43316 111891
111891 73722
111891 978
73722 69100
73722 978
69100 137005
137005 60882
60882 86206
86206 19287
19287 978
978 121205
121205 5188
5188 28729
5188 533
5188 36807
5188 133109
5188 33947
28729 533
28729 133109
533 18637
533 43143
533 36807
533 133109
533 33947
533 109590
18637 43143
43143 36807
43143 33947
36807 133109
36807 33947
133109 33947
33947 109590
109590 1805
1805 119370
119370 29116
