74321 86829
86829 455265
86829 242829
86829 20200
455265 242829
242829 295327
242829 20200
295327 134251
295327 20200
134251 20200
20200 94909
94909 90742
90742 68585
68585 43589
68585 28406
68585 163279
43589 28406
28406 178447
178447 163279
163279 184582
184582 68041
68041 816
816 147259
816 116460
816 141
147259 3994
3994 124953
3994 66371
124953 57
124953 1834
124953 141
57 205623
57 116460
57 109230
205623 2194
2194 116460
2194 81609
2194 51342
2194 66371
2194 56988
2194 141
116460 18606
18606 81609
18606 51280
18606 51342
81609 51280
51280 51342
51280 66371
51342 66371
66371 56988
56988 97560
97560 9798
9798 123645
9798 169756
123645 110529
110529 11273
110529 759
11273 13483
13483 169756
169756 506
506 152868
152868 262297
262297 1834
1834 109230
1834 141
109230 141
109230 759
141 23458
141 759
141 5571
23458 8007
23458 14772
8007 14772
14772 19768
14772 759
19768 759
759 5571
5571 321
