49332 83821
83821 36035
36035 24644
36035 6
24644 48436
24644 317
24644 6
48436 309005
309005 317
317 260523
317 1274
317 426085
317 188071
317 407
317 16106
317 56222
317 9821
317 132957
260523 1274
1274 426085
1274 110606
1274 20405
1274 70138
426085 504
504 188071
504 149413
188071 407
188071 10748
407 19370
407 16106
407 10748
407 110606
407 4259
407 56222
407 9821
407 25280
407 56303
19370 7960
7960 213593
7960 149413
7960 16106
7960 10748
213593 4200
4200 149413
149413 16106
16106 10748
10748 110606
110606 4259
4259 20405
4259 23767
4259 56222
20405 6
6 314976
6 25280
314976 12389
12389 122250
122250 128615
122250 12281
122250 23767
128615 12281
12281 260684
12281 23767
260684 23767
23767 74575
74575 139725
139725 136826
136826 56222
56222 28965
28965 18881
28965 14828
28965 9821
28965 160576
28965 11332
28965 12924
28965 11339
28965 11369
18881 14828
18881 11332
14828 9821
14828 12924
14828 25280
9821 160576
9821 11332
9821 12924
9821 11369
9821 25280
160576 11332
160576 12924
160576 11339
160576 11369
11332 132957
11332 12924
11332 11339
11332 25280
132957 12924
132957 11369
12924 126100
12924 11339
12924 25280
126100 11339
126100 11369
11339 70138
11339 11369
70138 11369
11369 25280
25280 56303
56303 17160
