136179 301879
136179 301882
136179 109637
136179 84059
301879 301882
301879 109637
301882 109637
301882 84059
301882 135148
109637 84059
109637 109647
84059 109647
84059 135148
109647 135148
135148 2634
2634 296373
2634 437532
296373 85174
296373 1503
85174 217106
217106 69966
69966 260044
69966 437532
260044 9178
9178 437532
437532 1503
1503 442329
1503 7932
1503 352
1503 3138
1503 53832
1503 142825
1503 89372
1503 110568
1503 12223
442329 7932
7932 386474
7932 89372
386474 352
352 319196
352 65922
352 89372
319196 18824
18824 12690
18824 234459
18824 65922
18824 17150
18824 174643
12690 234459
12690 106180
234459 65922
65922 106180
106180 17150
17150 158584
158584 174643
174643 30185
30185 120572
30185 23697
120572 5664
5664 318084
5664 3138
318084 3138
3138 53832
53832 93817
53832 53712
53832 17575
53832 2166
93817 142825
93817 17575
142825 53741
53741 53712
53741 17575
53712 17575
17575 89372
17575 2166
89372 2166
2166 86301
86301 110568
110568 23697
23697 12212
23697 108331
23697 21686
12212 234425
12212 12223
234425 12223
12223 108331
108331 21686
