3830 232811
3830 2919
3830 265755
232811 2919
2919 265755
2919 104312
265755 2055
265755 138
2055 342722
2055 138
2055 246041
2055 55886
2055 68230
2055 207520
2055 44015
2055 83725
342722 138
138 246041
138 57161
138 108886
138 55886
138 68230
138 207520
138 44015
246041 57161
57161 104312
104312 108886
108886 55886
55886 68230
68230 207520
207520 50257
50257 35068
35068 439944
35068 33764
439944 19153
33764 37528
33764 7551
33764 19153
37528 420187
37528 182955
37528 111179
37528 19153
420187 14649
14649 125815
14649 7551
14649 36064
14649 111179
14649 31722
14649 19153
125815 82280
82280 7551
7551 35302
7551 36064
7551 14075
7551 182955
7551 111179
7551 204993
7551 53362
7551 129036
7551 53341
7551 31722
7551 44015
7551 83725
35302 36064
35302 14075
35302 16783
36064 297481
36064 14075
36064 44015
36064 83725
297481 14075
14075 182955
14075 204993
14075 129036
14075 31722
14075 44015
14075 345489
182955 31949
182955 19153
111179 132253
111179 16783
111179 19153
132253 204993
204993 53362
53362 129036
129036 53341
53341 37848
37848 375629
375629 31949
375629 62741
31949 389424
31949 62741
31949 44015
31949 345489
389424 62741
62741 391996
391996 175211
175211 53482
53482 31722
31722 44015
44015 64293
44015 16783
44015 19153
64293 16783
16783 83725
83725 19153
19153 345489
