217816 377788
377788 321228
377788 63680
63680 347540
63680 14590
347540 254930
254930 230479
230479 31443
31443 189188
189188 79115
189188 8806
189188 14584
79115 209543
79115 14677
79115 8806
79115 14075
79115 14664
79115 14584
209543 107207
107207 144199
144199 409639
144199 14677
409639 14590
14590 342831
14590 129102
14590 37491
14590 183551
14590 14677
14590 170055
14590 56421
14590 321335
14590 59220
14590 16353
14590 126151
14590 385725
14590 304581
14590 34959
14590 127210
14590 303500
342831 26361
26361 46159
26361 37553
26361 183551
26361 14584
46159 58987
46159 14677
46159 14664
58987 133039
58987 126151
133039 64175
64175 129102
129102 186793
186793 37553
186793 14677
186793 41477
186793 14664
186793 14584
37553 37511
37553 37491
37553 14677
37553 8806
37553 41477
37511 37491
37511 183551
37491 183551
37491 14677
37491 8806
37491 14664
37491 14584
183551 14677
183551 8806
183551 14075
183551 14664
183551 14584
14677 170055
14677 14075
14677 14664
14677 14584
14677 304581
14677 34959
170055 8806
8806 56421
8806 14075
8806 41477
8806 126151
8806 14664
8806 34959
56421 14075
14075 321335
14075 41477
14075 126151
14075 14584
14075 304581
14075 34959
14075 127210
321335 41477
41477 59220
41477 385725
59220 61281
61281 16353
61281 126151
16353 126151
126151 14664
14664 347134
14664 14584
14664 385725
14664 304581
347134 14584
14584 88937
14584 385725
385725 61715
61715 304583
61715 304581
304583 304581
304581 34959
34959 127210
34959 40264
127210 40264
40264 303500
