224559 90814
224559 147506
90814 147506
147506 301105
147506 59322
301105 285328
301105 280129
301105 59530
285328 59322
285328 59530
59322 192272
192272 280129
280129 59530
59530 222598
59530 272401
59530 268602
59530 224481
222598 85050
85050 351224
351224 94046
94046 77054
94046 329752
77054 144920
77054 54226
144920 329752
144920 322880
329752 54226
329752 270829
54226 322880
322880 272401
272401 268602
268602 334569
334569 270829
270829 414938
414938 224481
224481 31919
31919 41976
41976 108910
41976 31247
41976 2670
108910 123305
108910 31247
123305 31247
31247 310485
310485 2670
2670 159907
2670 26930
159907 263489
159907 26930
159907 268
263489 337410
337410 2915
2915 107481
2915 197183
2915 107862
2915 26930
107481 2804
107481 197183
107481 3852
107481 26930
197183 3852
3852 107862
107862 26930
26930 289529
26930 321688
289529 268
289529 283
268 321688
268 183046
268 283
268 177741
321688 52509
52509 183046
183046 283
283 177741
283 353165
177741 3007
3007 353165
