347201 323
347201 677
323 180694
323 503
323 408112
323 2700
323 31403
323 17352
323 296705
323 8486
323 10721
323 46090
180694 7932
180694 503
180694 677
180694 2662
7932 324400
7932 216387
7932 220419
7932 296705
7932 10721
7932 51208
324400 216969
216969 216387
216969 503
216969 677
216387 503
216387 677
503 408112
503 205
503 677
503 31403
503 17352
503 165562
503 8486
503 10721
503 46090
503 140815
408112 12854
12854 195849
195849 205
205 8425
205 63148
205 1548
205 49524
205 343346
205 137232
205 356826
205 31403
205 17352
205 2662
205 10721
8425 7117
8425 1548
7117 63148
7117 2700
7117 5191
7117 762
63148 1548
63148 2662
1548 49524
49524 2700
49524 2662
2700 343346
343346 5191
5191 137232
137232 762
762 356826
356826 216
216 139202
139202 677
677 98705
677 31403
677 17352
677 296705
677 192001
677 165562
677 11216
677 46090
677 33423
677 140815
677 148807
677 51208
677 25507
677 79752
98705 31403
31403 135836
135836 96171
96171 220419
220419 17352
17352 296705
296705 26368
26368 192001
26368 46090
26368 18213
192001 2662
2662 165562
2662 10721
2662 25507
2662 18213
165562 8486
8486 11216
11216 8383
8383 10721
8383 46090
8383 31147
10721 46090
46090 33423
33423 140815
140815 148807
148807 51208
51208 25507
25507 31147
31147 79752
79752 18213
