288895 1
1 414261
1 450622
1 417630
1 408947
1 443419
1 426914
1 437182
1 454103
1 447987
1 436474
1 345130
1 381628
1 249455
1 446375
1 435573
1 355864
1 6979
355864 109636
109636 278036
109636 68027
278036 68027
68027 74396
68027 299627
74396 73436
73436 87844
87844 299627
299627 65814
65814 119284
119284 1503
119284 2662
119284 301
1503 306906
1503 1896
1503 106492
1503 5697
1503 11181
1503 1353
1503 2662
1503 419205
1503 301
306906 1896
1896 106492
1896 1353
1896 301
106492 5188
106492 2662
106492 301
5188 57624
57624 24018
57624 301
24018 51775
24018 301
51775 27477
27477 1053
1053 5697
1053 291
5697 1425
5697 301
1425 11181
11181 6979
11181 301
6979 365099
365099 291
291 1353
1353 137
1353 301
137 304140
304140 2662
2662 419205
2662 301
419205 301
301 277035
