171665 149444
149444 7734
7734 29357
7734 9914
29357 81275
81275 7783
7783 226206
226206 21715
21715 19179
19179 41531
41531 151634
151634 112634
112634 54852
54852 103572
103572 10250
10250 79248
79248 42367
42367 12705
12705 10920
10920 9914
9914 285031
285031 327
327 63926
327 70314
327 2289
327 3034
63926 70314
63926 3298
63926 80
70314 10237
70314 3298
10237 3298
3298 55790
55790 9149
55790 6660
55790 37732
9149 88004
9149 3034
88004 6660
6660 8411
6660 208905
6660 365868
6660 58618
8411 8401
8401 2289
2289 208905
208905 37732
208905 3034
37732 3034
3034 146
146 192559
146 372
192559 9935
9935 365868
365868 58618
58618 372
58618 80
372 16650
372 80
16650 28705
28705 80
80 62883
62883 23
23 164854
164854 6734
6734 4938
