408457 88
88 132285
88 22006
88 32892
88 41565
88 62439
88 120315
88 212610
88 307895
88 4333
132285 59
59 364559
59 21859
59 352
59 54656
364559 20102
20102 12389
20102 12493
12389 22006
12389 128620
12389 181851
22006 114786
22006 12493
114786 393112
393112 122228
122228 128620
128620 12493
12493 181851
181851 6166
6166 32892
6166 212610
32892 27767
32892 407
32892 352
27767 11724
27767 407
11724 1149
1149 40427
1149 4394
40427 41565
41565 21859
41565 352
21859 520
520 32681
520 122157
520 39777
32681 122157
32681 39777
122157 11057
122157 2179
122157 17637
122157 407
122157 352
11057 93754
11057 407
93754 62439
62439 3708
62439 407
62439 352
3708 93939
93939 96404
93939 407
96404 4394
96404 407
96404 352
4394 10165
10165 39777
39777 62296
62296 2179
2179 120315
2179 212610
2179 19279
2179 307895
2179 407
120315 17637
120315 352
17637 212610
212610 13306
13306 217330
13306 19279
217330 19279
19279 307895
307895 407
407 4333
4333 352
352 54656
54656 1859
1859 157899
157899 30493
