59279 295674
295674 63841
63841 72928
63841 59242
72928 55567
72928 72932
72928 7540
55567 63457
63457 72932
63457 7540
63457 6948
72932 33407
72932 7540
33407 7540
7540 34799
7540 35581
7540 183706
7540 33850
7540 59242
7540 178034
34799 226953
34799 35581
34799 6948
226953 35581
226953 6948
35581 86719
35581 64826
35581 6948
86719 124054
86719 183706
124054 9014
124054 6948
9014 183706
183706 110686
183706 6948
110686 64826
110686 6948
64826 33850
33850 403
33850 19
403 64307
403 19
64307 63791
63791 112014
63791 35009
63791 157850
112014 35009
112014 30231
35009 157850
157850 157846
157850 6948
157846 59242
59242 7539
59242 34625
59242 6948
7539 39216
7539 34625
7539 6948
39216 34625
39216 6948
34625 178034
178034 30231
30231 99974
99974 6948
6948 235380
235380 21656
21656 270760
21656 182556
21656 290695
270760 12390
12390 182556
12390 290695
182556 3466
3466 228631
228631 290695
290695 19
19 10992
19 502
10992 502
502 19219
19219 77263
77263 44597
44597 61535
61535 106750
