230016 27112
27112 177916
177916 284555
284555 465
465 148308
465 677
465 832
465 88
148308 7627
148308 677
7627 209387
209387 677
677 40182
677 832
677 88
677 224899
677 8005
677 150051
677 117185
677 3885
40182 832
40182 88
832 104623
832 19046
832 64929
104623 88
88 224899
88 8005
88 117185
88 64929
88 54491
88 115239
224899 8005
8005 150051
117185 3885
3885 18323
18323 19046
19046 134251
19046 73347
134251 173995
134251 53406
173995 243243
243243 68451
68451 127986
68451 114978
127986 42710
42710 114978
114978 73347
73347 206367
206367 53406
53406 49038
49038 46898
46898 998
998 121613
121613 92920
92920 1806
1806 111252
111252 64929
64929 70312
70312 130667
130667 323
323 4432
323 178321
323 223
4432 178321
178321 223
223 297619
297619 102183
102183 164626
164626 52402
52402 54491
