32935 154700
32935 1852
154700 11141
11141 244122
244122 48453
48453 1906
1906 45017
1906 35934
45017 145333
145333 35934
35934 11854
11854 156410
156410 16452
16452 411462
411462 206
206 145853
206 1274
206 135358
206 19399
206 11339
206 405162
206 30073
206 12916
206 19862
206 1035
206 154616
206 10855
145853 1274
1274 135358
1274 19399
1274 12916
1274 2
1274 1035
1274 154616
1274 48497
135358 14870
14870 41614
41614 22506
22506 19399
19399 1852
19399 2
19399 1035
1852 25274
1852 32065
1852 4027
1852 19862
1852 6807
1852 1035
25274 43131
25274 18319
25274 4027
25274 4236
25274 4718
43131 136181
136181 11339
11339 214174
11339 405162
11339 18319
11339 30073
214174 32065
32065 405162
405162 18319
18319 30073
30073 12916
30073 4236
12916 4027
4027 4236
4027 4718
4236 4718
4718 19862
4718 2
19862 6807
19862 58322
6807 58322
58322 58335
58335 148472
58335 3298
3298 275605
275605 2
2 389462
2 1035
2 154616
389462 1934
1934 1035
1035 154616
154616 1331
1331 48497
48497 10855
