203131 186494
186494 510
510 193772
510 8
510 1274
193772 331
331 255368
331 9209
331 88216
331 43607
331 52059
331 183922
331 123147
331 132627
331 40989
331 79979
331 23569
255368 9209
9209 88216
88216 36841
88216 8
88216 1274
88216 2670
36841 17649
36841 8
17649 18108
17649 8
17649 5716
18108 30797
18108 5716
30797 43607
30797 49033
43607 162265
162265 49033
162265 8
162265 2670
162265 5022
49033 110541
110541 8
110541 9892
8 327550
8 36634
8 123147
8 1274
8 264187
8 40989
327550 36634
36634 946
36634 5716
36634 1274
946 185446
946 5716
185446 52059
185446 5716
185446 1274
52059 77612
52059 5006
77612 215405
215405 223027
223027 5716
5716 183922
5716 44672
5716 9892
5716 79979
5716 23569
183922 5006
5006 123147
5006 48208
5006 44672
5006 79979
123147 1274
123147 9892
1274 427444
1274 2670
1274 58228
427444 11921
11921 84033
11921 40989
84033 2670
2670 132627
2670 58228
132627 28089
28089 25812
25812 58228
58228 5022
5022 264187
264187 171517
171517 127068
127068 40989
40989 48208
48208 41292
41292 44672
44672 9892
9892 79979
79979 23569
23569 217607
