448112 1
1 428843
1 443477
1 404311
1 421449
421449 133455
133455 249052
249052 137354
137354 875
875 10586
875 9331
875 5123
10586 67733
67733 51414
51414 295
295 266341
266341 1276
1276 182518
1276 9331
1276 83
1276 355
1276 5123
1276 2387
1276 13236
1276 3708
1276 42976
1276 54079
182518 74086
74086 191048
74086 59430
191048 59430
191048 83
59430 62631
62631 1858
1858 9331
1858 5123
9331 3654
3654 6294
6294 21917
21917 385
385 1750
385 156506
1750 83
83 156506
156506 355
355 5123
355 3708
355 42976
5123 20718
5123 2373
5123 2387
5123 13236
20718 144546
20718 2216
20718 2373
20718 104686
20718 2387
20718 115225
20718 13236
144546 41089
41089 44524
44524 2216
44524 382002
44524 2373
2216 382002
2216 13236
382002 2373
382002 2387
2373 104686
2373 172264
2373 2387
2373 115225
2373 13236
104686 172264
172264 2387
2387 300786
2387 115225
2387 13236
300786 115225
115225 13236
13236 167255
167255 3708
3708 42976
3708 138134
42976 138134
138134 54079
