259120 7698
7698 342238
342238 4368
342238 352
4368 261862
4368 9914
4368 224586
4368 352
261862 9914
261862 352
9914 224586
9914 68957
9914 95608
9914 227537
224586 68957
224586 352
68957 5752
68957 352
5752 95608
5752 352
95608 108183
95608 352
108183 133197
133197 33990
33990 23685
23685 6887
6887 113598
113598 37671
37671 91
37671 463
37671 5094
91 180114
91 6184
91 25167
91 423117
180114 39810
39810 95197
39810 95198
95197 95198
95198 352
352 227537
352 155572
227537 68898
227537 50052
227537 45657
227537 19419
227537 463
68898 58664
58664 50052
50052 45657
45657 198939
198939 19419
198939 463
19419 237276
19419 463
237276 463
463 155572
155572 5094
5094 6184
6184 25167
423117 14549
423117 14564
14549 243252
14549 14564
14549 310443
14549 40287
14549 318367
14549 31681
14549 116718
14549 16529
14549 119694
243252 14564
14564 310443
310443 40287
310443 31681
40287 318367
318367 31681
31681 116718
116718 16529
16529 341557
341557 69319
69319 119694
69319 65684
