169435 216
216 256812
216 154611
216 93705
216 93160
256812 2347
2347 372083
2347 93705
2347 124383
2347 69647
2347 88
372083 192617
192617 154611
154611 13903
13903 93705
13903 13923
93705 51361
93705 13923
93705 1503
51361 13923
51361 1503
13923 74977
13923 93160
74977 65030
65030 87127
87127 230998
230998 2045
2045 13429
13429 124383
13429 1503
124383 143526
124383 773
124383 138368
124383 93160
124383 40995
124383 93176
124383 11134
124383 108680
124383 70591
124383 69647
124383 13146
124383 1503
143526 773
143526 40995
143526 171808
773 138368
773 93160
773 40995
773 93176
773 126094
773 11134
773 70591
773 88
138368 93160
138368 132855
138368 1503
93160 40995
93160 93176
93160 126094
93160 108680
93160 159839
93160 70591
93160 132855
93160 69647
40995 142587
40995 11134
40995 108680
40995 171808
40995 69647
40995 88
40995 8005
40995 1503
142587 93176
142587 126094
142587 13146
93176 126094
93176 108680
93176 159839
93176 70591
93176 132855
93176 69647
93176 88
126094 11134
126094 13146
11134 108680
108680 159839
159839 95408
159839 88
95408 70591
95408 1503
70591 354136
70591 132855
132855 171808
171808 69647
69647 13146
69647 88
13146 391462
391462 88
88 421438
88 8005
88 171191
421438 8005
8005 150677
8005 1503
150677 1503
1503 171191
171191 41180
41180 142893
142893 235520
142893 142969
142893 53824
142893 91430
235520 142969
142969 228540
142969 53824
142969 91430
228540 53824
53824 91430
