200844 979
200844 352
200844 677
979 126720
979 43304
979 42186
979 7298
979 619
979 321250
126720 352
352 43304
352 42186
352 7298
352 15857
352 17946
352 15927
352 321250
352 677
352 152125
352 308
43304 66546
66546 1252
1252 8437
1252 2000
8437 42186
42186 81364
42186 51094
42186 1037
42186 308
81364 20858
20858 51094
51094 1037
1037 2000
2000 7298
7298 619
7298 677
7298 721
619 15857
619 50142
15857 17946
15857 677
17946 50142
17946 677
17946 88
50142 395
395 15927
395 308
15927 70999
15927 677
15927 308
15927 88
70999 23399
70999 88
23399 321250
23399 677
23399 88
321250 677
677 15121
677 108170
677 88
677 388393
15121 108170
108170 95393
108170 88
95393 11568
11568 152125
152125 308
308 110945
308 88
110945 721
721 18764
721 23709
18764 228
228 38672
228 88
38672 2889
2889 2827
2889 2923
2827 2923
2923 88
88 388393
388393 213536
213536 215482
215482 243894
243894 26079
26079 108108
108108 23709
23709 23379
23379 1854
1854 41835
