360326 321267
321267 341556
341556 198493
198493 20358
20358 220312
220312 268181
268181 111156
111156 110014
110014 398544
398544 26352
26352 138378
26352 39161
138378 33651
33651 242563
242563 39161
39161 151421
151421 91802
91802 155074
91802 155079
91802 43368
91802 43409
155074 161775
155074 155079
155074 43368
155074 43399
161775 155079
161775 43409
155079 43368
155079 43409
43368 43399
43368 43381
43368 43405
43399 149744
43399 43381
43399 435772
43399 43405
43399 166534
149744 43381
43381 435772
43381 43405
43381 166534
435772 43405
43405 166534
43405 43409
166534 43409
43409 345007
345007 33045
33045 345215
345215 36304
36304 374968
374968 4940
4940 47651
47651 159522
47651 654
159522 10299
654 11197
11197 84014
84014 12463
12463 139865
12463 3447
139865 12465
139865 3447
12465 47585
12465 3447
12465 22293
47585 21555
47585 3447
21555 3447
3447 46517
46517 22293
22293 18827
18827 141842
141842 10299
