252860 7594
7594 426482
426482 8767
8767 246387
8767 64265
246387 145514
145514 64265
64265 34935
34935 44961
44961 92631
92631 59308
59308 59948
59948 126275
126275 31335
31335 13763
13763 176504
176504 5087
176504 5011
5087 27617
5087 5011
27617 160353
160353 167522
167522 224431
224431 10444
10444 143665
143665 4271
4271 3804
3804 1906
1906 158774
158774 24006
24006 162923
162923 316
162923 163
316 252715
316 163
316 354357
252715 163
163 354357
354357 36484
36484 77091
77091 7423
7423 164643
7423 5011
164643 5011
5011 392651
392651 22803
22803 16402
22803 44122
16402 16387
16402 22865
16387 22865
22865 44122
22865 85264
44122 20206
20206 20280
20206 85264
20280 187627
20280 85264
20280 121744
187627 85264
85264 121744
85264 213332
121744 213332
