311429 891
891 150008
891 333658
891 214855
150008 16461
150008 16452
150008 6948
16461 219374
219374 31444
219374 16452
31444 333658
31444 248442
31444 16452
333658 8920
8920 248442
248442 16452
248442 6948
16452 37074
16452 275182
16452 214855
37074 128684
37074 6948
128684 334665
334665 251985
251985 58741
58741 275182
275182 56677
275182 57249
56677 6948
57249 58925
57249 65305
58925 65305
58925 14551
65305 73819
73819 14562
14562 14551
14551 57487
57487 100514
100514 93601
100514 98639
93601 98639
98639 79016
98639 6948
79016 61751
61751 57258
57258 61282
61282 35145
35145 444348
35145 6948
444348 6948
6948 214855
214855 91
91 2998
2998 903
903 2299
2299 122
122 453
453 23845
23845 16650
23845 9125
23845 2694
16650 9125
9125 173594
9125 2694
173594 2694
2694 194826
194826 2450
2450 172167
172167 9228
