201940 21296
201940 5628
21296 340203
21296 503
21296 317
21296 339695
340203 76656
76656 63055
76656 58339
63055 58339
63055 71443
63055 90507
58339 71443
71443 90507
90507 85423
85423 26398
26398 103516
26398 47010
26398 54275
26398 25280
26398 4259
103516 47010
47010 54275
47010 25280
54275 25280
54275 689
25280 3298
25280 503
25280 689
3298 176692
3298 14501
176692 82839
176692 24919
82839 503
82839 689
503 241945
503 30556
503 689
503 138826
503 12665
503 213
241945 6168
241945 317
6168 23115
23115 174442
23115 317
174442 14501
174442 317
174442 12665
14501 9349
9349 24919
9349 30556
24919 30556
30556 689
30556 4259
689 136978
689 4259
136978 4259
4259 45477
45477 45475
45477 213
45475 317
317 440611
317 320153
440611 360532
360532 360531
360531 171655
171655 339695
339695 13222
13222 14861
13222 3787
13222 120729
14861 3787
3787 120729
120729 2055
2055 138826
2055 12665
2055 320153
138826 12665
138826 213
138826 5628
12665 320153
12665 213
320153 213
213 220484
220484 5628
5628 74982
74982 75018
