54546 84660
84660 72173
72173 111948
111948 207897
207897 5226
5226 264243
5226 2177
5226 553
264243 174326
174326 149979
174326 331796
331796 8642
8642 989
989 134176
134176 25007
134176 2177
25007 327872
327872 6166
6166 263447
6166 3393
6166 78318
6166 178314
263447 3393
3393 32594
3393 553
32594 2177
2177 553
553 59676
59676 53817
53817 323040
53817 53776
53817 53881
53817 53833
53817 188906
323040 104789
104789 53776
104789 53833
53776 53881
53776 53755
53776 53833
53881 53755
53881 53833
53755 53833
53833 188906
188906 110917
188906 2365
110917 130486
110917 2387
110917 2365
110917 13256
130486 33200
130486 2364
33200 46459
33200 2364
46459 2371
46459 2364
2371 27803
2371 13256
2371 2364
2371 72164
27803 208635
27803 2365
27803 13256
208635 300786
208635 2365
300786 2387
2387 78318
2387 2365
78318 2365
78318 13256
2365 18348
2365 46512
2365 13256
2365 178314
2365 145931
2365 2364
2365 72164
18348 46512
46512 149861
46512 13256
149861 13256
13256 178314
13256 145931
13256 2364
178314 145931
145931 2364
2364 72164
72164 29325
