283915 34283
283915 35365
34283 14683
34283 35036
34283 35365
14683 131103
14683 35365
131103 175557
175557 14591
14591 64283
14591 56069
64283 4881
4881 56069
4881 46617
56069 19572
19572 233769
19572 35036
19572 35365
233769 35036
233769 35365
35036 176337
35036 35365
176337 35365
35365 383463
383463 8942
8942 47911
8942 217139
47911 6338
47911 322
6338 98818
6338 322
6338 677
98818 13929
98818 677
13929 174032
174032 29231
29231 355
29231 322
29231 677
355 46617
355 677
46617 5953
5953 153615
153615 6064
6064 65775
6064 111033
111033 37686
37686 120452
120452 107054
107054 26283
107054 322
26283 50593
50593 322
322 316608
316608 159131
316608 677
159131 7931
7931 191176
7931 677
191176 5762
5762 10394
5762 677
10394 217139
217139 151823
151823 301322
301322 677
677 268173
677 276337
268173 1858
1858 114923
114923 310
310 276337
