164974 44510
44510 61825
61825 28648
28648 115222
28648 78318
28648 28624
78318 13115
13115 225513
13115 5232
225513 13134
13134 186887
186887 19099
19099 130778
130778 43892
130778 572
43892 73614
73614 97879
73614 5232
97879 10580
10580 200278
200278 5232
5232 99393
99393 2339
2339 370139
370139 28624
28624 12088
12088 146365
146365 42022
42022 28535
42022 41978
28535 19967
28535 8997
28535 19966
19967 363646
19967 8997
19967 88523
19967 41978
19967 119059
363646 8997
363646 19966
8997 88523
8997 8868
8997 41978
8997 119059
88523 18445
88523 8868
88523 8767
18445 8868
18445 8767
8868 41978
8868 119059
41978 19966
41978 8767
19966 119059
119059 8767
119059 2347
8767 303867
8767 54119
54119 46637
46637 344807
344807 216
216 421879
216 32113
421879 2347
2347 188373
188373 44185
44185 97365
97365 572
572 4014
4014 32113
32113 1229
