238211 135072
238211 28520
135072 28520
28520 156942
156942 69135
156942 2055
69135 100970
100970 301
301 31144
301 85289
301 213
301 121885
301 43
301 91812
301 12651
301 39808
301 816
301 34404
301 148161
301 88061
31144 212488
31144 3549
212488 317
317 292843
317 91812
317 29574
317 816
317 254673
317 275012
292843 3549
3549 85289
3549 39808
3549 10748
3549 88061
85289 213
213 121885
213 12651
213 114931
213 78774
213 138798
213 816
213 275012
213 34404
121885 43
43 50103
43 12651
43 114931
43 138798
43 34404
43 148161
43 5193
43 88061
50103 56975
56975 114664
114664 18617
114664 76670
114664 816
18617 76670
76670 91812
91812 77083
91812 326
77083 12651
12651 114931
114931 78774
114931 2055
78774 13033
13033 9564
9564 134366
134366 29574
29574 39808
29574 326
39808 10748
39808 5193
10748 138798
138798 326
138798 2055
326 30336
30336 816
30336 2055
816 353736
816 293631
816 2055
293631 6973
6973 254673
6973 352302
352302 39524
39524 432047
432047 35481
35481 275012
275012 2055
2055 34404
2055 148161
148161 5193
5193 88061
