310321 22779
310321 23680
22779 399005
22779 23680
22779 20200
22779 38555
399005 23680
23680 53402
23680 88405
23680 91550
23680 20200
23680 250411
53402 254840
254840 88405
254840 20200
88405 91550
91550 20200
20200 250411
20200 94798
20200 317
250411 94798
94798 38555
38555 94787
94787 10
10 35707
10 104814
10 231702
35707 38187
35707 32469
38187 32469
32469 265597
265597 19922
19922 170515
170515 26354
26354 104814
26354 2515
104814 2515
2515 216574
2515 146581
2515 97102
2515 17365
216574 88776
216574 2417
88776 146581
146581 27378
27378 178502
178502 317
317 382129
317 278530
317 223888
317 206798
317 238158
317 17365
382129 47876
47876 26898
26898 8295
26898 3549
26898 2417
8295 278530
8295 43031
8295 223888
8295 3549
278530 43031
43031 223888
43031 3549
223888 3549
3549 206798
3549 88288
3549 2417
3549 70832
3549 238158
3549 77908
3549 17365
3549 13143
3549 3603
206798 88288
88288 2417
2417 231702
2417 70832
2417 17365
2417 3603
231702 10053
10053 97102
97102 70832
70832 238158
70832 3603
238158 44611
44611 77908
77908 17365
17365 13143
13143 3603
