439239 46193
439239 27076
46193 70914
46193 146947
46193 12264
46193 12313
46193 75679
70914 12259
70914 12389
70914 12264
70914 20103
70914 12265
12259 269386
12259 12264
12259 12313
12259 60445
269386 31695
269386 12389
269386 19908
269386 20103
269386 12265
31695 248715
31695 287585
31695 307990
248715 38387
248715 12454
38387 40610
40610 12389
40610 19908
40610 60445
40610 12265
12389 287585
12389 128928
12389 146947
12389 12264
12389 21570
12389 12472
12389 12313
12389 20091
12389 60445
12389 75679
12389 111134
12389 40634
12389 12288
287585 19908
287585 12265
19908 128928
19908 20103
19908 60445
19908 75679
128928 27076
128928 60445
27076 146947
27076 12264
27076 90651
146947 12264
146947 20103
146947 12265
12264 21570
12264 12472
12264 20103
12264 60445
12264 75679
12264 12321
12264 12288
12264 12265
21570 90651
21570 12472
21570 19898
21570 12288
21570 12265
90651 12472
12472 12454
12472 12288
12454 32708
12454 20091
12454 12288
32708 19893
19893 12199
19893 20091
12199 12313
12199 20091
12199 12288
12313 20091
12313 19898
12313 12288
12313 12265
20091 20103
20091 19898
20091 12606
20091 12288
20103 223650
20103 60445
20103 75679
20103 12321
20103 413739
223650 25428
25428 60445
25428 12265
60445 75679
60445 12321
60445 12265
75679 19898
19898 111134
19898 40634
19898 307990
111134 40634
111134 12606
111134 12265
40634 307990
40634 12288
40634 12265
307990 12219
307990 12606
12219 11022
12219 12288
11022 12606
12606 12321
12321 12288
12288 302360
12288 12265
302360 12265
12265 413739
413739 19
19 66951
66951 352
352 4311
352 154497
4311 3374
3374 154497
154497 26900
26900 24927
