231459 65187
65187 16560
65187 220
16560 31137
16560 220
31137 2042
31137 220
2042 72812
72812 52467
72812 6948
72812 14677
72812 301
52467 56792
52467 19913
52467 6948
52467 14677
56792 19571
56792 19913
56792 6948
56792 14677
56792 301
56792 322
19571 181879
19571 58538
19571 19913
19571 14677
58538 19913
19913 227864
19913 6948
19913 74817
19913 322
227864 206047
227864 6948
206047 6948
6948 74817
74817 14677
14677 155954
14677 71296
14677 301
14677 322
155954 71296
71296 109509
71296 12389
71296 322
109509 75664
109509 12241
109509 46193
109509 12389
109509 301
109509 322
75664 46179
75664 12282
46179 12241
46179 12389
12241 137758
12241 127544
12241 87814
12241 12282
12241 437693
12241 12389
12241 439295
137758 29834
137758 12389
29834 127544
29834 12282
127544 21661
127544 12282
127544 12389
21661 87814
87814 12282
12282 46193
12282 12389
46193 231291
46193 437693
46193 439295
231291 12389
437693 12389
437693 301
12389 439295
439295 220
220 141714
220 128387
220 46170
220 14731
141714 1881
1881 128387
1881 46170
128387 3360
128387 301
128387 322
3360 46170
3360 301
3360 322
46170 12559
12559 149089
12559 14731
149089 16202
149089 14731
16202 248154
16202 14731
16202 322
248154 14731
14731 247267
14731 301
247267 301
301 229891
229891 322
322 35698
