219593 38657
219593 38660
38657 43662
38657 38660
38657 640
43662 38660
640 129080
640 220
640 1881
640 22464
129080 220
220 283063
220 22464
220 58297
220 22470
220 12372
220 117599
220 4411
220 317
220 11872
220 7553
283063 1881
1881 22464
1881 11991
1881 58297
1881 317
1881 177868
1881 7553
22464 11991
22464 317
11991 58297
58297 22470
22470 12372
22470 317
12372 960
12372 11872
960 78870
960 223297
960 47598
960 979
960 11872
960 135070
78870 979
223297 117599
223297 2670
117599 27556
27556 221585
27556 46526
27556 979
221585 46526
221585 9481
46526 413744
46526 9481
46526 364382
413744 9481
9481 364382
364382 157412
157412 47598
47598 4411
47598 317
47598 2179
47598 979
4411 321009
4411 317
4411 2670
321009 79237
321009 317
79237 317
317 250768
317 228665
317 135070
250768 243333
243333 206734
206734 228665
228665 2179
228665 979
2179 177868
177868 979
979 374612
979 135070
374612 2670
2670 85094
2670 3055
2670 6660
85094 11872
85094 3233
11872 135070
11872 252630
135070 147202
147202 57242
147202 7553
57242 7553
7553 3233
3233 3055
3055 6660
6660 252630
6660 39086
252630 39086
