207275 26000
26000 35162
26000 6419
35162 6419
6419 234321
6419 59
234321 57547
57547 100818
100818 432848
100818 36930
432848 36930
36930 14370
36930 857
14370 1353
1353 52233
1353 1267
1353 5
1353 6
52233 91396
52233 1267
91396 9897
91396 59
9897 43695
43695 88015
43695 5195
43695 6
88015 37756
88015 5195
88015 330
88015 857
37756 171778
171778 74099
74099 5195
74099 72219
74099 82042
74099 88030
5195 193304
5195 72219
5195 82042
5195 59
193304 72219
193304 82042
72219 82042
88030 5477
5477 93096
93096 10227
10227 365230
365230 21739
21739 21452
21739 330
21452 330
330 207968
330 144340
207968 1267
207968 857
1267 110253
110253 5
110253 6
5 226493
5 6
226493 6
6 126914
126914 59
59 142572
59 72455
142572 144340
144340 72455
144340 857
72455 9967
9967 857
857 133181
857 53539
857 10709
133181 21382
21382 132878
21382 53539
132878 53539
53539 54703
54703 10709
