251518 372334
372334 89925
89925 264116
89925 264173
89925 68285
89925 228152
264116 112052
112052 157346
157346 264173
264173 68285
68285 272918
68285 228152
68285 1988
68285 138
272918 138
228152 3547
3547 162012
162012 3326
3326 5174
3326 4006
3326 138
5174 30159
5174 689
30159 890
890 4006
4006 16667
16667 689
689 48262
689 19282
689 1988
689 4299
689 37425
689 818
689 10912
689 9101
48262 12755
12755 19282
19282 1988
19282 465
19282 818
1988 377001
1988 465
1988 3581
1988 171
1988 138
1988 4299
1988 37425
1988 124084
377001 465
465 182161
465 9101
182161 3581
182161 138
3581 171
171 101730
171 4120
171 138
171 223
101730 4120
4120 10144
10144 156503
10144 138
156503 138
138 5605
138 818
138 418306
138 223
138 124084
5605 4299
4299 37425
4299 818
37425 818
818 10912
818 9101
818 223
818 480
818 16560
10912 4445
4445 70441
70441 30035
30035 9101
9101 418306
9101 480
418306 223
223 124084
223 480
124084 480
480 16560
16560 303137
303137 11150
11150 170386
