394588 308146
394588 7627
308146 328344
308146 7627
328344 7627
7627 55370
55370 198711
55370 965
198711 965
965 133390
965 41200
133390 45952
45952 145469
145469 20194
20194 22749
20194 26513
22749 7708
22749 68454
7708 22775
22775 68454
22775 26513
22775 20145
68454 28308
28308 26513
26513 20145
20145 88411
88411 6923
6923 136690
136690 622
622 122821
622 5699
122821 5699
5699 41200
41200 956
956 354426
354426 23587
23587 59616
59616 8892
8892 1005
1005 41310
1005 142691
41310 31538
31538 31564
31564 16516
31564 14571
16516 134809
134809 142691
142691 50075
50075 72888
72888 56711
72888 14571
56711 344625
344625 14571
344625 31213
14571 202228
202228 31213
31213 301483
301483 34268
301483 40326
34268 371030
371030 40326
40326 91811
91811 91808
