182473 3237
3237 12674
12674 36160
36160 49778
49778 42
42 406716
406716 318077
318077 97179
97179 270286
97179 101856
97179 133325
97179 44715
97179 68278
97179 179507
97179 239271
270286 36587
270286 101877
270286 97188
270286 101856
270286 59649
270286 122449
270286 68278
36587 315521
36587 83023
36587 179532
315521 157551
315521 101877
315521 122449
315521 68278
157551 378370
157551 364805
157551 157554
378370 83023
378370 68278
83023 299216
83023 101877
83023 122449
83023 68278
299216 101877
299216 47770
299216 133325
299216 59649
299216 68278
101877 97188
101877 101856
101877 47770
101877 133325
101877 122449
101877 423208
97188 101856
97188 47770
97188 122449
97188 68278
101856 364805
101856 133325
101856 59649
101856 122449
101856 293570
101856 68278
364805 47770
364805 68278
47770 133325
47770 122449
133325 59649
133325 68278
59649 122449
122449 293570
122449 68278
293570 180526
180526 340339
340339 44715
340339 157546
340339 205987
340339 110210
340339 179507
340339 239271
44715 157546
44715 205987
44715 325513
44715 179507
44715 325166
44715 239271
157546 352295
157546 205987
157546 269539
352295 205987
352295 256022
352295 157554
205987 269539
205987 325513
205987 157554
205987 239271
269539 256022
256022 260348
260348 179532
179532 192316
179532 68278
192316 79649
79649 311993
79649 68278
311993 68278
68278 446577
68278 423208
68278 420845
68278 410972
68278 325513
446577 110210
110210 423208
420845 179507
410972 325513
325513 308876
308876 179507
179507 325166
179507 239271
325166 157554
157554 239271
