357381 220
220 446600
220 411303
220 93
220 69773
411303 275392
411303 93
93 154251
93 22202
154251 226592
226592 135538
135538 115289
135538 9276
135538 4259
115289 17156
17156 38852
17156 14887
38852 22204
38852 14887
22204 22202
22204 32649
22202 161
22202 4259
161 300483
300483 30965
30965 95574
95574 16107
95574 17871
16107 50612
16107 9276
16107 32649
16107 4259
16107 8005
50612 211137
50612 4259
211137 154498
211137 139223
154498 95660
95660 9276
9276 171881
9276 4259
171881 32649
32649 183168
183168 69773
69773 14887
14887 382038
382038 1574
1574 171053
171053 13107
13107 4259
4259 239265
4259 400982
4259 8005
4259 139223
4259 69390
400982 10457
10457 342180
342180 13660
13660 168274
168274 87681
168274 8005
87681 425985
425985 10030
10030 49217
49217 10031
10031 17871
17871 196162
196162 8005
8005 139223
139223 69390
