37678 25692
25692 75097
25692 1961
1961 12754
12754 11444
12754 4368
12754 1503
11444 210951
11444 156742
210951 4368
4368 156742
4368 26134
156742 25569
156742 1503
25569 323
323 373491
323 26134
323 206
26134 11256
26134 206
11256 79140
79140 206
79140 1503
206 102263
206 155646
206 359985
206 95257
102263 1503
102263 42
1503 47417
1503 155646
1503 359985
1503 95257
1503 89461
47417 155646
155646 78262
155646 88031
78262 88031
88031 359985
359985 82911
82911 3645
3645 46
46 63431
46 78663
63431 27249
27249 1715
1715 55904
55904 68939
68939 95257
95257 42
42 355568
42 38614
355568 32192
32192 78663
78663 204092
204092 89461
204092 20286
89461 127287
89461 22835
89461 178302
89461 20286
22835 192958
22835 20286
192958 178302
178302 356975
356975 3719
356975 20286
3719 42707
42707 22809
42707 269980
42707 51524
22809 269980
22809 38614
22809 20286
269980 38614
269980 51524
38614 51524
51524 20286
