315859 36989
36989 47383
36989 93963
47383 79182
79182 26481
79182 22430
26481 130887
130887 69581
69581 22430
22430 9811
22430 93963
9811 139922
139922 17017
17017 87685
17017 59070
87685 84378
84378 5840
5840 39571
5840 2079
39571 13250
13250 286375
286375 93963
93963 201198
201198 2079
201198 36810
2079 207088
207088 36810
36810 131285
131285 2233
131285 10714
2233 211470
211470 22703
22703 16092
22703 13134
16092 68956
16092 13134
68956 13134
13134 59070
59070 139145
139145 10714
10714 79225
79225 5266
79225 1840
5266 42542
5266 7822
42542 7822
7822 16925
7822 9490
16925 8295
8295 13597
13597 58657
58657 1840
1840 1220
1220 288647
288647 55949
55949 9490
9490 210490
210490 13268
13268 347999
347999 37964
37964 163879
