398627 14431
14431 253340
253340 2353
2353 340643
2353 420112
340643 137
137 57943
137 759
57943 759
57943 891
759 105060
759 31353
105060 891
891 211680
891 303318
891 293040
211680 30223
30223 224254
224254 255928
255928 61110
61110 148249
148249 60146
60146 118352
60146 30218
60146 52329
60146 14682
118352 30218
118352 52329
30218 52329
30218 16530
52329 16530
16530 95346
95346 14682
14682 133256
133256 122319
122319 63528
63528 63541
63541 407148
63541 2670
407148 2670
2670 2697
2670 218210
2670 31353
2697 218210
218210 171
171 303318
303318 31353
31353 6886
6886 13486
13486 136707
13486 5038
13486 4991
136707 5038
5038 435059
5038 4991
435059 4991
4991 144386
144386 218429
218429 234477
234477 293040
234477 132966
293040 132966
293040 241201
132966 81770
132966 241201
81770 241201
241201 21983
21983 420112
420112 14800
