10224 73889
10224 1062
10224 138
73889 156386
156386 10939
156386 7782
10939 98315
10939 44975
98315 35188
35188 79993
79993 3393
79993 7782
79993 10907
79993 138
3393 423931
3393 9702
3393 126693
3393 210942
3393 10907
3393 44975
423931 9702
423931 7782
9702 126693
9702 7782
9702 210942
9702 10907
9702 23569
9702 161260
126693 7782
7782 210942
7782 10907
7782 44975
7782 23569
7782 1062
210942 10907
10907 44975
10907 23569
10907 161260
44975 23569
23569 161260
161260 280
280 375180
375180 32928
32928 153464
32928 374
153464 374
153464 1062
153464 138
374 93582
93582 18375
18375 33585
33585 317813
317813 8920
8920 228179
228179 16440
16440 347467
16440 62720
16440 233873
347467 8732
8732 8830
8732 19914
8732 75198
8732 62720
8830 19914
19914 56392
19914 8598
56392 75198
75198 125124
75198 62720
75198 8598
125124 221087
221087 102054
102054 216
216 286116
286116 43
286116 1062
43 259149
43 1062
43 233873
259149 1062
1062 62720
1062 233873
62720 157293
62720 8598
157293 64651
64651 8598
8598 233873
233873 289611
233873 138
