251222 4444
4444 282745
282745 5418
5418 391158
391158 2044
2044 28370
28370 1500
1500 28425
1500 28348
1500 10473
28425 28348
28425 10473
28348 10473
28348 396
10473 88280
88280 176189
176189 136432
176189 396
136432 9177
9177 59646
9177 396
59646 197233
59646 396
197233 396
396 343937
396 345792
396 14376
343937 2042
2042 442934
442934 6951
6951 157531
6951 242157
6951 110258
6951 36386
6951 345792
6951 19947
6951 202975
157531 242157
242157 110258
110258 32398
32398 28496
28496 36386
36386 109821
109821 160503
160503 41747
160503 98800
160503 19947
41747 345792
41747 66021
41747 14376
41747 136471
41747 19947
345792 77510
345792 31917
345792 14376
345792 19947
77510 85358
77510 19947
85358 263749
85358 77495
263749 77495
263749 98800
263749 203921
263749 66021
263749 31917
263749 19947
77495 98800
77495 203921
77495 66021
77495 31917
77495 14376
77495 19947
98800 203921
98800 31917
98800 14376
98800 19947
203921 66021
203921 31917
203921 14376
203921 19947
66021 30485
66021 31917
30485 189347
30485 31917
30485 14376
30485 19947
189347 31917
189347 14376
189347 19947
31917 161420
31917 136471
31917 19947
161420 14376
161420 19947
14376 136471
14376 169907
14376 100230
14376 19947
136471 169907
136471 19947
169907 100230
169907 19947
100230 19947
19947 202975
19947 19977
202975 19977
