151265 1801
1801 90796
90796 494
494 57877
494 15090
494 1284
494 5125
494 27864
494 23018
57877 9787
57877 5125
57877 3273
9787 15090
9787 166454
15090 278958
278958 42198
42198 75102
75102 11565
11565 144667
144667 33067
144667 1284
144667 439
144667 5125
144667 23018
33067 160749
160749 43768
43768 162160
162160 93052
93052 139921
139921 60315
60315 287359
60315 56128
287359 50710
50710 160784
50710 56128
50710 112862
160784 56128
56128 216593
56128 112862
216593 112862
112862 1284
1284 65514
1284 45383
1284 155640
1284 5125
1284 27864
1284 23018
1284 48310
1284 3273
65514 45383
45383 10222
45383 166454
45383 71108
10222 166454
166454 71108
71108 124547
124547 11220
11220 439
439 175186
439 68
175186 68
68 155640
155640 5125
155640 16618
5125 27864
5125 23018
27864 23018
23018 48310
23018 4344
48310 4344
4344 69390
4344 4289
4344 384167
4344 8005
69390 54990
54990 4289
4289 384167
4289 8005
384167 8005
8005 3273
3273 16618
16618 270965
