242176 847
847 9644
9644 12007
9644 93
9644 1267
9644 867
12007 15477
12007 2670
12007 459
15477 2670
15477 459
15477 9914
2670 64021
2670 18702
2670 7675
2670 136911
2670 29377
2670 193965
2670 95608
64021 20798
20798 34830
34830 7399
34830 6019
7399 24594
7399 1267
7399 95625
24594 18702
24594 21945
18702 459
18702 21945
18702 193965
18702 185247
459 109305
459 21945
459 4929
459 9903
459 37388
109305 2487
2487 72577
2487 1267
72577 59851
59851 45278
59851 187060
45278 187060
187060 93
93 164856
93 1267
164856 1267
1267 24570
1267 6019
1267 207966
1267 52083
24570 6019
6019 180048
6019 4929
180048 108619
108619 207966
207966 3419
3419 408806
3419 95608
3419 9903
3419 12158
408806 867
867 52083
52083 7675
52083 4929
52083 9903
7675 136911
7675 4929
7675 9903
136911 9903
29377 21945
21945 193965
21945 185247
193965 185247
185247 95625
95625 151020
151020 37708
37708 95608
95608 4929
95608 9914
4929 133181
4929 9903
133181 9903
9903 37388
37388 9914
9914 142504
9914 12158
9914 219393
142504 12158
12158 219393
219393 138704
