162719 264709
162719 53817
162719 53652
162719 200923
264709 53817
264709 25646
53817 53747
53817 398964
53817 99433
53817 53652
53817 118620
53817 25646
53817 52450
53817 53653
53817 79439
53817 53788
53817 200923
53817 156729
53817 258301
53817 53859
53817 109557
53817 88
398964 99433
398964 53652
99433 415329
99433 118620
99433 52450
415329 53652
53652 118620
53652 25646
53652 52450
53652 79439
53652 200923
53652 109557
118620 25646
25646 52450
25646 79439
25646 53755
25646 53788
25646 3197
52450 53653
52450 79439
52450 88
53653 79439
53653 53755
53653 53859
53653 109557
79439 53755
79439 156729
79439 109557
53755 53788
53755 53859
53788 200923
53788 88
200923 156729
200923 93838
156729 258301
258301 53859
258301 93838
53859 93838
93838 109557
109557 80962
109557 3197
109557 88
80962 27652
27652 24477
24477 3197
3197 153268
153268 15373
153268 88
15373 156953
156953 156994
156994 72807
72807 405895
405895 6948
6948 302122
6948 389321
6948 88
6948 31678
6948 146776
6948 14621
6948 18223
389321 88
88 213413
88 114147
88 298236
88 114314
213413 9110
213413 3393
9110 83456
83456 3393
3393 114147
114147 30207
30207 58601
58601 298236
114314 35290
35290 31678
31678 146776
146776 14664
146776 14621
14664 14621
14621 18223
