151276 4344
151276 816
4344 219674
4344 7785
4344 74837
4344 1274
4344 18916
4344 18119
4344 10128
4344 2417
4344 383
4344 335
219674 7785
219674 10128
219674 383
219674 335
7785 74837
7785 10128
7785 383
7785 2071
7785 335
74837 1274
74837 10128
74837 2417
74837 383
1274 369463
1274 247347
1274 2417
1274 241922
1274 383
1274 998
1274 12380
1274 1093
369463 2696
369463 383
2696 231251
2696 383
231251 1206
231251 1276
231251 383
1206 13030
1206 26280
1206 383
13030 9564
13030 998
9564 134366
9564 26280
9564 105892
134366 26280
26280 105892
105892 5232
105892 1276
5232 142110
5232 1276
5232 247347
5232 141027
5232 84737
5232 383
5232 2185
5232 21521
142110 1276
142110 92784
1276 92784
1276 247347
1276 84737
1276 140605
1276 241922
1276 21521
92784 247347
141027 15769
141027 2417
15769 84737
15769 36203
84737 140605
140605 18916
140605 84557
140605 10128
140605 383
140605 2185
140605 2071
18916 10128
18916 335
84557 100365
100365 18119
18119 10128
18119 2417
18119 335
10128 170976
10128 2417
10128 335
170976 2417
170976 335
2417 241922
2417 383
2417 335
241922 383
241922 335
383 348496
383 12315
383 374646
383 2071
383 58514
383 335
348496 816
348496 335
816 36203
816 1093
36203 2185
2185 21521
2185 58514
21521 367088
21521 12606
21521 12315
367088 12606
12606 313758
12606 12315
313758 12315
12315 374646
12315 12380
374646 2071
374646 335
2071 58514
2071 335
58514 335
335 185578
185578 998
998 12380
12380 1093
