382318 23517
382318 19153
23517 125493
23517 35356
125493 35356
125493 19153
35356 312663
35356 183670
35356 1274
312663 19913
19913 183670
19913 58565
183670 19153
19153 91712
91712 1274
91712 6
1274 217536
1274 176578
1274 1267
1274 292793
1274 58565
1274 317
1274 58725
1274 21196
1274 362401
1274 24755
217536 5117
5117 176578
176578 1267
176578 6
1267 274814
1267 177185
1267 235526
1267 158267
274814 9110
9110 365913
365913 69417
69417 245660
69417 96664
69417 6969
245660 96664
96664 177185
96664 6969
177185 230051
177185 6969
177185 317
230051 292793
292793 58570
292793 6969
58570 58565
58565 6969
6969 449786
6969 189144
189144 317
317 58725
317 158267
58725 828
828 235526
235526 128546
128546 158267
158267 6
6 107937
6 362401
107937 9822
107937 73939
107937 73950
107937 24755
9822 21196
9822 107939
9822 9997
9822 73939
9822 73950
9822 129128
9822 24755
9822 145402
21196 111491
111491 107939
111491 73950
111491 129128
111491 24755
107939 9997
107939 73939
107939 73950
107939 129128
107939 24755
9997 120887
9997 73939
9997 362401
9997 24755
120887 73939
120887 73950
120887 24755
73939 362401
73939 73950
73939 129128
73939 24755
73939 307796
73939 145402
362401 142316
362401 24755
142316 73950
142316 24755
73950 129128
73950 24755
73950 307796
73950 145402
129128 24755
24755 307796
24755 145402
