446714 263505
263505 246144
246144 124225
124225 220889
220889 27397
220889 53785
27397 122761
27397 53785
122761 53785
53785 258596
53785 142915
53785 69477
53785 142997
53785 150769
53785 202105
53785 222346
53785 119804
53785 79454
53785 183654
53785 118610
53785 53800
53785 25648
53785 225786
53785 228519
258596 142915
258596 53741
142915 53857
142915 177231
142915 53741
142915 25648
53857 69477
53857 79435
53857 142976
53857 222346
53857 79454
53857 177231
53857 143229
53857 177255
53857 53800
53857 143001
53857 25648
69477 141052
69477 104781
69477 53741
69477 53800
69477 93838
141052 142997
141052 79455
142997 79435
142997 150769
142997 190589
142997 202105
142997 156731
142997 177231
142997 53866
142997 118610
142997 53741
142997 143003
142997 53800
142997 143001
79435 150769
79435 190589
79435 142976
79435 202105
79435 156731
79435 222346
79435 143000
79435 119804
79435 177231
79435 53863
79435 118610
79435 104789
79435 143003
79435 93820
79435 53800
79435 143001
79435 25648
79435 225786
79435 93838
150769 190589
150769 156731
150769 177255
150769 93838
190589 142976
190589 156731
190589 177236
190589 119804
190589 104781
190589 118610
190589 53741
190589 53800
190589 143001
190589 25648
190589 93838
142976 202105
142976 156731
142976 177236
142976 53863
142976 53866
142976 53741
142976 143003
142976 93820
142976 143001
142976 25648
142976 93838
202105 156731
202105 53863
202105 53741
156731 222346
156731 143000
156731 119804
156731 177231
156731 104781
156731 53863
156731 177245
156731 53866
156731 53741
156731 104789
156731 93820
156731 53800
156731 143001
156731 25648
156731 93838
156731 228519
222346 143000
222346 177231
222346 53863
222346 53800
143000 177236
143000 104781
143000 53863
143000 53866
143000 53741
143000 104789
143000 93820
143000 53800
143000 93838
177236 119804
177236 177231
177236 53800
119804 79454
119804 104781
119804 53800
79454 159007
79454 79455
79454 26729
79454 177231
79454 143229
79454 53741
79454 93820
79454 53800
159007 79455
79455 126213
79455 53741
126213 26729
126213 53741
26729 177231
26729 53741
177231 142963
177231 104781
177231 183654
177231 53866
177231 118610
177231 53741
177231 53800
177231 25648
142963 104781
142963 53741
142963 53800
104781 143229
104781 183654
104781 53863
104781 177245
104781 53866
104781 118610
104781 53741
104781 177255
104781 104789
104781 93820
104781 53800
104781 143001
104781 225786
104781 93838
143229 183654
143229 53866
143229 53741
143229 93820
143229 93838
183654 53863
183654 53866
183654 104789
183654 53800
183654 25648
183654 228519
53863 177245
53863 53866
53863 118610
53863 53741
53863 177255
53863 104789
53863 143003
53863 93820
53863 53800
53863 93838
53863 228519
177245 53866
177245 104789
177245 25648
177245 93838
53866 118610
53866 177255
53866 93820
53866 225786
53866 93838
53866 228519
118610 53741
118610 53800
118610 143001
118610 93838
53741 177255
53741 104789
53741 93820
53741 53800
53741 25648
53741 192641
53741 93838
53741 228519
177255 93838
104789 143003
104789 93820
104789 53800
104789 143001
104789 93838
143003 93820
143003 53800
143003 25648
143003 93838
93820 53800
93820 93838
93820 228519
53800 143001
53800 25648
53800 225786
53800 93838
143001 25648
25648 225786
25648 93838
25648 228519
225786 192641
225786 93838
93838 228519
