69160 19153
19153 359878
19153 65650
19153 198320
19153 39257
19153 66093
19153 133838
19153 70690
19153 391622
359878 52341
52341 34214
52341 409172
52341 451209
52341 370423
34214 409172
451209 34977
34977 56733
34977 39257
34977 57526
34977 82206
34977 34228
34977 275534
34977 102525
56733 50361
56733 16529
56733 30639
50361 453636
50361 80711
50361 198320
50361 66093
50361 133838
50361 70690
453636 16529
16529 80711
16529 65250
80711 29937
29937 65650
29937 139306
29937 198320
29937 48776
65650 6958
6958 351475
6958 6973
6958 308885
6958 57889
351475 6973
6973 308885
308885 50299
50299 197461
50299 87429
50299 139306
50299 198320
197461 87429
197461 139306
87429 139306
87429 198320
139306 198320
198320 42934
42934 57889
57889 48776
48776 39257
39257 57526
39257 19158
57526 82206
82206 370423
82206 34312
370423 19158
19158 66093
66093 34228
34228 65250
65250 275534
65250 30639
275534 102525
102525 30639
30639 133838
30639 70690
133838 70690
70690 261803
261803 34312
34312 391622
391622 46193
46193 328652
328652 23675
23675 51066
51066 107058
51066 4
107058 4
4 213042
