66414 66497
66497 21083
21083 61115
61115 89234
89234 24519
24519 205238
205238 153729
205238 89
153729 15806
15806 89
89 11671
11671 35404
35404 10013
10013 26434
26434 166129
166129 271674
271674 82906
82906 26
26 145723
145723 46012
46012 63686
63686 15484
15484 202065
202065 202060
202060 202063
202063 176416
176416 93562
93562 76696
76696 372092
372092 55465
55465 78649
78649 78642
78642 78646
78642 38809
78642 78645
78642 9556
78646 38809
38809 78645
38809 9556
78645 122133
78645 9556
122133 9556
9556 11968
11968 46265
46265 13821
13821 257298
257298 310
310 274705
274705 102516
102516 150926
150926 273718
273718 109796
109796 273716
273716 35481
35481 258798
