324344 104941
324344 1503
104941 171897
104941 1503
171897 135536
171897 1503
135536 13128
135536 1503
13128 2172
2172 29588
2172 26164
29588 16627
16627 187864
16627 1984
16627 23576
16627 206
187864 104955
104955 1
1 412967
1 23576
412967 45779
45779 127528
45779 206
127528 251285
127528 206
251285 59043
59043 12306
12306 27045
12306 12240
27045 12240
12240 142086
142086 1984
142086 23576
1984 126947
1984 23576
126947 26164
126947 1503
26164 193000
26164 295263
26164 23576
26164 1503
193000 3453
193000 206
3453 295263
3453 240243
295263 23576
295263 1503
295263 206
23576 380653
380653 16318
380653 1503
16318 95363
95363 1503
1503 320344
1503 191925
1503 72336
1503 240243
320344 206
206 191925
206 72336
206 240243
206 193783
206 24297
191925 27386
27386 19409
19409 148164
148164 113692
113692 10123
10123 72336
72336 46527
46527 240243
240243 4628
4628 193783
193783 42648
42648 24297
24297 12684
12684 16176
16176 46337
46337 46339
