199937 13483
13483 68259
13483 502
13483 27794
68259 11950
68259 11986
68259 18038
68259 502
68259 15
68259 3708
11950 11986
11950 502
11950 15
11986 153009
11986 18038
11986 27794
11986 19837
153009 186277
153009 18038
153009 15
186277 18038
186277 15
18038 48039
18038 502
18038 27794
48039 502
48039 1564
48039 15
502 54299
502 27794
502 3443
54299 30383
30383 66152
30383 91536
30383 27794
66152 91536
91536 27794
27794 1564
27794 15
1564 87669
1564 28959
1564 3443
87669 28959
28959 84785
84785 118814
118814 619
619 93367
619 287083
93367 139406
139406 50194
139406 15
50194 167420
167420 15
15 351558
15 11981
15 249471
351558 11981
11981 249471
249471 3708
3708 167257
167257 2361
2361 46514
2361 11462
2361 1450
2361 19837
2361 155277
2361 32191
2361 100026
46514 11462
46514 1450
46514 28651
11462 1450
1450 125070
1450 19837
1450 2232
125070 19837
125070 28651
19837 155277
155277 32191
155277 28651
32191 117354
117354 100026
100026 79539
79539 2232
2232 287083
287083 232320
232320 28651
28651 140220
28651 12389
140220 12389
140220 3443
12389 21690
12389 3443
21690 3443
