282876 236
236 80
80 309395
309395 16452
309395 21018
16452 252313
16452 49020
16452 33485
16452 269144
16452 21018
16452 19986
16452 117470
252313 7585
7585 67988
67988 16535
67988 7551
67988 44446
16535 163684
163684 49020
163684 7551
49020 61509
49020 7551
61509 7551
61509 33485
61509 34248
7551 99164
7551 102416
7551 53345
7551 33485
7551 56743
7551 20948
7551 187754
7551 58153
7551 108153
7551 89254
7551 44446
7551 44032
7551 34248
99164 102416
102416 31955
102416 34248
31955 53345
31955 33485
31955 108153
31955 40317
31955 274256
31955 44032
31955 34248
31955 125814
31955 27754
53345 33485
33485 78505
33485 56743
33485 35361
78505 56743
56743 291549
56743 20948
56743 187754
291549 20948
291549 21018
20948 187754
20948 269144
20948 56031
20948 21018
20948 108153
20948 35361
187754 269144
187754 34248
269144 58153
269144 56031
269144 35361
269144 44446
58153 56031
56031 21018
56031 108153
56031 35361
21018 108153
108153 40317
108153 35361
40317 274256
274256 35361
35361 89254
89254 44446
44446 53611
53611 44032
44032 34248
34248 125814
125814 37545
37545 373795
373795 27754
27754 294139
294139 8925
8925 406149
8925 8606
8925 19986
406149 8606
8606 19986
19986 33736
33736 414761
414761 7531
7531 117470
117470 117478
