433502 4350
4350 183102
4350 38086
4350 11981
183102 90797
90797 428330
428330 36926
36926 105435
105435 828
105435 8
828 13473
828 22687
828 8140
13473 22687
13473 8
22687 15594
15594 90486
15594 122190
15594 15592
15594 11140
15594 8
90486 122190
90486 18069
122190 121326
121326 19209
19209 15592
15592 11140
15592 38086
15592 317
11140 38086
11140 73071
38086 142087
38086 73071
38086 317
142087 73071
73071 303211
303211 103256
103256 60693
60693 205216
205216 204656
204656 92910
92910 317
92910 3471
317 436059
317 85599
436059 85599
85599 435186
435186 847
847 251576
251576 120516
120516 111956
120516 97460
111956 81088
81088 97460
97460 10928
10928 18069
18069 11981
11981 307370
307370 8
8 123957
8 33151
8 8140
8 2000
123957 37802
37802 18169
18169 44758
44758 33151
33151 3471
3471 8140
3471 431
8140 2000
2000 431
