197854 243804
243804 123431
243804 2278
123431 178808
178808 2278
2278 132738
2278 8414
2278 102843
102843 109373
109373 385180
109373 370
385180 370
370 34868
370 34799
370 14571
34868 32977
34868 31549
34868 7533
34868 6948
32977 383976
32977 31549
32977 319292
32977 7533
32977 6951
32977 31028
32977 6948
383976 31549
383976 31528
383976 14571
383976 7533
383976 31028
31549 319292
31549 422470
31549 31528
31549 7533
31549 6948
319292 7533
319292 6951
422470 31528
422470 7533
31528 359933
31528 354142
359933 34799
34799 300884
34799 14571
34799 7533
34799 6951
34799 6948
300884 34178
300884 96671
300884 8984
34178 96671
34178 34181
34178 8984
34178 312787
96671 34181
96671 8984
34181 386261
34181 8984
386261 8984
8984 312787
8984 134218
8984 30860
8984 116318
312787 134218
312787 6951
134218 30830
134218 6951
134218 6948
30830 55713
30830 125635
30830 79687
55713 40121
55713 125635
55713 6948
40121 125635
40121 79687
125635 79687
79687 30860
30860 189526
189526 294284
189526 6951
189526 6948
294284 30992
294284 6948
30992 74624
30992 354142
74624 37091
74624 6948
37091 120813
37091 7533
37091 6951
37091 6948
120813 14571
120813 7533
120813 6948
14571 386409
14571 7533
386409 7533
386409 6948
7533 354142
7533 31028
7533 6948
354142 6951
354142 31028
354142 6948
6951 342655
6951 116318
342655 31028
31028 116318
116318 6948
6948 381054
