261345 335
335 212317
335 5740
335 93171
335 1062
335 111571
212317 8
212317 352
212317 327
212317 1062
5740 369
5740 8
5740 352
5740 327
5740 1062
5740 206
369 175252
369 327
369 1062
369 206
175252 6753
175252 327
6753 16988
6753 49548
6753 150368
16988 49548
16988 8122
49548 208664
49548 8122
8122 18052
8122 93171
18052 139922
18052 8
139922 3288
139922 1062
139922 206
3288 75304
75304 8
75304 327
75304 1062
8 172707
8 39900
8 2989
8 77673
8 18789
8 327
8 1062
172707 206
39900 2989
2989 21861
2989 7638
2989 1062
21861 84106
21861 9797
84106 44258
44258 10100
10100 10925
10925 7643
10925 77673
10925 138904
7643 93178
7643 30061
7643 7640
7643 7638
7643 77673
7643 93171
93178 184322
93178 30061
93178 7640
93178 7638
93178 77673
93178 93171
184322 30061
184322 7638
30061 7640
30061 7638
30061 77673
30061 93171
7640 7638
7640 77673
7640 93171
7638 77673
7638 93171
77673 93171
77673 327
77673 206
93171 352
93171 327
93171 7932
93171 1062
93171 206
352 159813
352 138904
352 191936
352 157342
159813 18789
159813 327
18789 150368
18789 327
150368 83382
83382 138904
138904 327
138904 7932
327 175860
175860 9797
175860 1062
9797 191936
9797 223850
9797 1062
191936 7932
7932 223850
223850 1062
223850 206
1062 111571
1062 206
111571 206
206 157319
157319 29452
29452 157342
