94920 84680
84680 82137
82137 33166
82137 15736
82137 81
33166 15736
15736 857
857 105033
857 5078
857 317
857 979
105033 88139
105033 979
88139 40385
40385 5078
40385 81
40385 979
5078 11357
5078 979
11357 27288
27288 47379
47379 965
47379 979
965 413199
965 81
413199 67396
67396 120105
120105 312040
120105 979
312040 317
317 269872
317 340625
317 31957
317 233160
269872 61260
61260 176147
176147 133088
133088 126232
126232 31219
126232 34280
126232 31957
126232 14549
126232 6940
31219 340625
31219 34280
31219 14549
340625 34280
34280 301331
34280 116522
34280 14549
301331 116522
116522 406966
116522 14549
406966 320426
320426 320807
320807 211691
320807 320809
320807 14549
211691 320809
211691 31957
211691 14549
320809 31957
31957 314745
314745 14549
14549 115418
14549 6940
115418 6940
6940 81
81 3262
3262 5278
5278 87828
87828 204610
204610 170070
204610 979
170070 240870
170070 233037
240870 233037
233037 233036
233036 979
979 233160
