342844 34625
342844 37523
34625 14571
34625 126232
14571 121575
14571 102324
14571 57429
14571 35356
14571 243882
14571 19163
14571 113838
14571 100988
14571 126232
121575 97223
97223 390747
390747 34282
34282 186345
34282 4895
34282 243882
34282 14590
34282 113838
34282 125317
34282 39517
34282 283929
34282 40285
34282 263145
34282 54039
34282 126232
34282 57257
34282 40271
186345 4895
186345 14590
186345 34312
186345 54039
4895 102324
4895 125317
4895 39517
4895 283929
4895 54039
4895 126232
4895 57257
4895 40271
4895 355163
102324 295987
102324 31213
295987 57429
295987 31213
295987 14590
57429 359606
57429 35356
57429 14590
57429 233776
359606 37523
359606 31213
359606 14590
37523 443882
37523 322354
443882 60620
60620 367510
60620 40285
60620 34312
367510 367511
367511 35356
35356 288709
35356 113838
35356 126232
288709 31213
288709 14590
31213 243882
31213 50308
31213 19163
31213 113838
31213 125317
31213 283929
31213 322354
31213 126232
31213 57409
31213 233776
243882 14590
243882 19163
14590 50308
14590 19163
14590 113838
14590 39517
14590 283929
14590 322354
14590 126232
14590 233776
14590 57257
14590 40271
50308 118523
118523 19163
19163 113838
113838 100988
113838 125317
100988 125317
100988 57216
125317 59411
125317 39517
125317 40285
125317 70105
125317 40271
125317 108022
59411 95220
95220 39517
95220 70105
95220 57216
39517 283929
39517 40285
39517 263145
39517 126232
39517 40271
283929 184039
283929 40285
283929 34312
184039 40285
40285 263145
40285 34312
40285 322354
40285 54039
40285 126232
40285 233776
263145 34312
263145 54039
34312 322354
34312 54039
34312 233776
322354 54039
54039 126232
126232 70105
126232 57257
126232 40271
126232 57216
70105 413163
413163 57409
57409 233776
233776 57257
233776 40271
57257 40271
108022 39191
39191 57216
57216 355163
