18841 34600
34600 158340
158340 2153
2153 35156
2153 3013
35156 32806
35156 2634
32806 21719
21719 11832
11832 16417
16417 3582
3582 71178
71178 716
716 58716
58716 22534
22534 218292
218292 857
857 73554
73554 137366
137366 67159
67159 116838
116838 79343
79343 2193
79343 1276
2193 185021
2193 160236
185021 160236
160236 2634
2634 121640
2634 93754
2634 3013
2634 76164
121640 1276
1276 7717
1276 3013
1276 235555
7717 197937
7717 3013
197937 49226
49226 181714
181714 95747
95747 93754
93754 385819
93754 18097
385819 18097
18097 175716
175716 3013
3013 73485
73485 235555
235555 78246
235555 68093
78246 68093
78246 107514
78246 78239
78246 221777
78246 68306
68093 163184
68093 107514
68093 74421
68093 68306
163184 107514
107514 74421
107514 221777
107514 68306
74421 76164
74421 78239
74421 68306
76164 78239
76164 68306
78239 221777
78239 68306
221777 136168
221777 277613
221777 68306
136168 277613
277613 68306
