158269 88
88 214292
88 2156
88 52434
88 689
88 28343
88 143185
88 19050
88 146606
88 20520
88 20488
214292 2156
2156 85206
85206 8396
85206 5011
85206 18178
8396 16923
8396 4304
8396 52434
8396 4365
8396 20383
8396 689
8396 35829
8396 18178
16923 4304
4304 52434
4304 2765
4304 4365
4304 20383
4304 689
52434 2765
2765 131438
2765 689
131438 5011
5011 190376
190376 4365
4365 20383
20383 689
689 35829
35829 18178
35829 2780
18178 2780
2780 250330
250330 27030
27030 113400
113400 48773
48773 72866
72866 57176
57176 199491
199491 42787
42787 21873
42787 13450
21873 13450
13450 90548
90548 21966
21966 228521
21966 143206
21966 119766
21966 93813
21966 28343
21966 164052
21966 143185
143206 119766
119766 93820
119766 53741
93820 142819
93820 53741
93820 93813
142819 53741
53741 162473
53741 93813
53741 28343
53741 143185
162473 93813
93813 28343
93813 143185
93813 19050
28343 164052
28343 143185
164052 143185
143185 19050
19050 15204
15204 56674
15204 146606
146606 146609
146606 39021
146609 39021
39021 20520
20520 20488
