428284 2288
2288 93284
2288 1112
2288 383
93284 7416
7416 21933
21933 166598
166598 1351
1351 6183
6183 1112
1112 15436
1112 1871
15436 1945
15436 1871
15436 352
15436 383
1945 175423
1945 252556
1945 352
175423 1871
175423 352
1871 252556
1871 352
252556 352
352 338781
352 81405
352 200530
352 112368
352 219069
352 68958
338781 14169
338781 965
338781 88
14169 24353
24353 76927
24353 242943
76927 242943
242943 965
965 90420
965 138770
965 200530
965 112368
965 219069
965 198008
965 68958
90420 52634
52634 88907
88907 383
383 146043
146043 88
88 138770
88 258530
88 22475
88 133008
88 81405
88 45745
88 85800
138770 258530
258530 22475
22475 133008
133008 106570
133008 571
106570 81405
81405 571
571 28558
28558 45745
28558 85800
28558 6835
45745 85800
85800 6835
6835 200530
200530 67325
200530 82262
67325 325971
325971 325970
325971 82262
82262 112368
112368 219069
112368 160073
112368 4991
219069 160073
219069 4991
160073 4991
4991 198008
198008 68958
68958 9358
