208094 1298
1298 227991
1298 2417
1298 9110
227991 2417
2417 210194
2417 148381
2417 173131
2417 28503
2417 8603
210194 7533
7533 148381
7533 80864
7533 252564
7533 14648
7533 36247
7533 28503
7533 162959
7533 160304
7533 8598
7533 8603
7533 254190
7533 14640
7533 35123
7533 61509
7533 29233
7533 318761
7533 171308
148381 71395
71395 80864
80864 252564
252564 136529
252564 14648
14648 366310
366310 9110
9110 301281
9110 330
9110 36202
9110 351569
301281 173131
173131 330
330 279863
330 3216
330 42324
330 1945
279863 3216
3216 42324
42324 1945
1945 36202
351569 6971
6971 63005
6971 28503
6971 162959
63005 36247
36247 28503
36247 162959
28503 162959
162959 36393
36393 36406
36406 61377
61377 253620
253620 192573
192573 226278
226278 163408
163408 160304
160304 8598
8598 365759
8598 8603
8598 8815
8598 254190
365759 8603
8603 8815
8603 8768
8603 254190
8603 29233
8815 8768
8768 254190
254190 42022
254190 29233
42022 72739
72739 14640
72739 29233
14640 35123
14640 29233
35123 61509
61509 29233
29233 318761
