159420 2568
2568 137228
2568 39774
137228 11443
11443 39774
11443 12699
39774 112732
39774 521
112732 64935
112732 12699
64935 9849
9849 521
9849 12699
521 12699
12699 19641
19641 106181
106181 335
335 53350
335 139786
53350 102482
53350 14549
53350 34797
53350 325581
53350 56711
102482 109294
109294 40267
109294 40283
40267 40283
40267 235478
40267 14549
40267 293457
40283 103723
40283 235478
40283 124211
40283 14549
103723 235478
103723 14549
235478 124211
124211 19913
124211 37563
19913 201454
19913 83211
19913 110326
19913 94996
19913 102982
201454 14549
201454 37563
14549 293457
14549 348523
14549 83211
14549 20920
14549 50368
293457 302618
302618 37563
37563 324222
37563 324221
324222 324221
324221 348523
324221 58171
58171 381567
381567 34797
34797 83211
34797 381280
34797 325581
34797 102982
83211 24144
83211 20920
24144 305657
24144 20920
305657 139786
139786 36217
36217 360439
360439 20920
20920 110326
20920 94996
110326 50368
50368 94996
94996 53497
53497 48183
48183 381280
48183 325581
48183 102982
381280 34950
34950 325581
325581 56711
56711 102982
