115219 2987
2987 171507
171507 65041
171507 206
171507 88
171507 8
65041 390163
390163 2055
390163 206
390163 205
390163 88
390163 10
390163 8
2055 268187
2055 147382
2055 177801
2055 420929
2055 17244
2055 9833
2055 226307
2055 10
2055 173102
268187 49210
268187 88
49210 78558
78558 147382
147382 160262
147382 206
147382 205
147382 8
160262 261975
160262 177801
261975 121233
261975 177801
121233 177801
121233 234609
177801 101856
177801 206
101856 234609
234609 51444
234609 206
51444 114162
114162 10111
114162 205
10111 420929
420929 218
420929 88
218 203621
218 70567
218 39727
203621 70567
70567 253397
70567 39727
253397 39727
39727 98882
98882 8463
8463 17244
17244 561
17244 6358
17244 206
17244 10
17244 8
561 23088
561 206
23088 54188
23088 6358
23088 206
23088 10
23088 3604
54188 6358
54188 88
54188 8
6358 9833
9833 226307
9833 206
9833 205
9833 88
9833 8
9833 2244
226307 206
226307 205
226307 8
226307 2244
206 354793
206 71686
206 2502
206 10
354793 205
205 71686
205 173102
71686 88
71686 8
88 2502
88 8
88 173102
88 4526
88 13603
88 3604
2502 10
10 341930
10 8
341930 8
8 173102
173102 4526
173102 2244
4526 66541
4526 13603
66541 2244
2244 264824
264824 13603
13603 3604
