256289 29233
29233 266826
29233 89439
29233 209524
29233 153344
29233 73410
266826 89439
266826 14677
89439 209524
89439 153344
89439 73410
209524 326562
209524 14598
326562 249829
326562 34810
326562 31219
249829 14677
34810 310760
34810 85768
34810 31219
310760 133355
133355 186821
186821 85768
85768 397026
397026 80252
80252 82214
82214 40295
40295 14598
14598 31958
14598 14677
31958 31219
31958 14677
31219 122681
122681 14677
14677 153344
153344 73410
153344 1416
73410 101152
73410 1416
101152 114415
114415 109860
109860 489
109860 216
489 92077
489 43294
92077 1416
1416 15694
15694 3141
3141 2298
2298 7529
7529 196152
196152 34864
34864 33873
33873 372
372 136039
136039 43294
43294 126074
43294 51551
43294 157199
43294 78
126074 51551
51551 157199
157199 216
216 175802
216 78
175802 78
78 28392
78 9563
78 365516
28392 9563
9563 19411
19411 365516
365516 386713
