260657 2278
260657 306
2278 361207
2278 27842
2278 133603
2278 16160
361207 27842
361207 16160
27842 133603
27842 16160
133603 16160
16160 52423
52423 523
52423 84070
523 84070
84070 2121
2121 3011
3011 84475
3011 1988
84475 735
735 308688
735 127128
735 18529
735 38956
308688 306
306 202515
306 10783
202515 7395
7395 1530
1530 22653
22653 10783
10783 263808
10783 1988
263808 150689
150689 1285
1285 158437
158437 4378
4378 11711
11711 99015
99015 3571
3571 88813
88813 30042
88813 38
38 127128
38 18529
18529 38956
38956 490
490 132911
132911 1988
1988 366936
1988 6948
366936 50361
366936 6948
50361 359729
50361 78503
50361 6948
359729 14665
359729 6948
14665 70822
70822 169398
70822 7533
169398 78503
78503 7533
78503 6948
7533 71029
7533 28476
7533 202295
7533 6948
7533 430580
71029 28476
71029 6948
28476 202295
202295 6948
6948 430580
