396869 396868
396868 806
806 314379
806 429974
806 857
806 409
314379 310
429974 39754
39754 4033
39754 4018
4033 4018
4018 77407
77407 107242
107242 25190
25190 1878
1878 92899
92899 310
310 62248
62248 45406
62248 857
45406 9008
9008 39292
39292 36065
36065 165943
165943 71322
71322 102016
102016 132948
132948 24676
24676 338694
338694 857
857 422951
857 28760
857 409
422951 93
93 370100
93 28760
93 129015
93 106225
28760 149359
149359 129015
129015 409
409 7453
7453 18678
18678 69568
18678 5087
69568 7401
7401 267349
267349 174034
174034 11881
11881 5087
5087 106225
106225 10369
10369 48741
48741 963
963 143743
143743 34391
34391 23202
23202 944
944 52155
