354684 8956
8956 138588
8956 64676
138588 328927
328927 64676
64676 98138
64676 16783
98138 403678
403678 55955
403678 16783
55955 130842
55955 337869
55955 50386
55955 14070
55955 16783
130842 14070
337869 101141
337869 16783
101141 50386
101141 58196
101141 71488
101141 14070
101141 16783
50386 56715
50386 16783
56715 58196
58196 71488
58196 16783
71488 14070
71488 16783
14070 115661
115661 90062
115661 16547
90062 268305
90062 94419
90062 116752
90062 16783
268305 94419
268305 116752
268305 4446
94419 116752
116752 16547
116752 101171
16547 101171
101171 16783
101171 95086
16783 320141
16783 307905
320141 6963
320141 31248
6963 307905
6963 31248
6963 251732
6963 39377
6963 266657
6963 82550
307905 31248
31248 251732
31248 39377
251732 39377
39377 237201
237201 266657
266657 95086
95086 72814
72814 82550
82550 13328
82550 33772
13328 39578
13328 79189
39578 37220
37220 125557
37220 220
125557 436496
436496 4446
4446 251573
251573 220
220 162234
220 30933
162234 79189
79189 33772
33772 127048
127048 30933
30933 136635
136635 225547
