369410 61697
61697 133066
61697 48736
133066 274571
274571 48736
274571 332294
332294 310
310 38639
38639 86790
86790 152222
86790 42689
152222 163888
163888 221611
221611 248455
248455 20253
20253 167244
20253 42689
20253 42679
167244 42689
42689 22757
22757 42679
42679 28286
42679 1062
28286 218821
28286 2161
218821 10444
10444 210950
10444 2161
210950 2161
210950 17885
210950 9905
2161 17885
2161 9905
17885 64462
17885 9905
17885 1062
64462 9905
9905 463
463 237923
463 26164
463 1062
237923 26164
26164 139706
139706 91591
91591 214353
91591 1062
214353 162612
162612 42799
42799 47185
42799 1062
47185 343369
343369 1062
1062 55875
55875 48
48 19911
48 38476
19911 38476
38476 8472
8472 26269
8472 330
26269 2939
2939 10315
10315 142130
10315 330
142130 54847
142130 330
54847 330
330 30539
330 50031
30539 50031
