319696 6983
6983 165
6983 759
165 5165
165 8531
5165 8531
8531 18431
18431 48304
18431 8385
18431 352
48304 8385
48304 352
8385 24883
8385 137192
8385 759
24883 69259
24883 352
69259 15196
15196 38796
38796 137192
38796 352
137192 21432
137192 352
21432 142273
21432 352
142273 352
352 182000
182000 748
748 19826
19826 56963
56963 759
759 24646
24646 157024
24646 171575
157024 171575
171575 29581
29581 66019
66019 31300
31300 19947
31300 80712
19947 175173
19947 90421
19947 105588
19947 76003
19947 80712
19947 168945
19947 16452
19947 41329
175173 141992
175173 16452
141992 359216
359216 55291
55291 268919
268919 346031
346031 159365
159365 153086
159365 267265
153086 16452
267265 7592
7592 90421
90421 31915
90421 76003
90421 80712
90421 16452
31915 105588
31915 16452
105588 76003
76003 80712
80712 16452
168945 200833
200833 377242
377242 16452
16452 281762
16452 41329
281762 41329
41329 72323
