273580 956
956 23373
956 408
956 63
23373 957
23373 1503
957 91850
957 1503
957 170558
957 81
91850 408
91850 4368
91850 1503
91850 3549
408 165114
408 4368
408 3549
408 7898
408 81
408 465
165114 4368
165114 1503
165114 81
4368 414058
4368 3549
4368 220479
4368 88
4368 11266
4368 465
4368 8006
414058 1503
414058 88
414058 465
1503 244486
1503 220479
1503 170558
1503 90240
1503 204246
1503 7428
1503 1274
1503 214237
1503 385
1503 215910
1503 217168
1503 8006
244486 3549
244486 88
244486 465
3549 220479
3549 88
3549 217168
3549 8006
170558 46012
170558 63
170558 1274
46012 90240
90240 7898
7898 95248
95248 63
63 204246
63 2328
63 154559
204246 365
204246 88
204246 463
365 76161
365 34838
365 88
365 2328
365 15489
365 217168
76161 7428
76161 463
76161 465
7428 34838
7428 1274
7428 139408
34838 175118
34838 88
34838 15489
34838 139408
34838 463
34838 465
175118 421593
175118 88
88 318303
88 3423
88 18743
88 15489
88 463
88 465
88 217168
318303 81
81 3423
81 11266
81 2328
81 385
81 15489
3423 1274
1274 11266
1274 2328
1274 139408
11266 43504
43504 278357
43504 7262
278357 7262
7262 214237
214237 40523
40523 155851
155851 2328
2328 18743
2328 463
18743 385
385 154559
154559 15489
15489 139408
15489 463
139408 153129
139408 463
153129 463
463 215910
215910 465
465 217168
217168 8006
