2727 2728
2727 1292
2728 73229
73229 504
73229 1503
73229 2697
504 217932
217932 43732
43732 137382
137382 25968
25968 157253
157253 43
157253 1503
157253 30477
43 365490
43 418855
43 408418
43 355
43 171205
43 521
43 112737
43 148887
43 17754
418855 1503
418855 2697
1503 408418
1503 79448
1503 119781
1503 355
1503 15927
1503 18126
1503 42422
1503 144386
1503 6080
1503 2671
1503 521
1503 112737
408418 2697
408418 2671
2697 79448
2697 359710
2697 2671
2697 148887
79448 119781
119781 93816
119781 141439
93816 141439
141439 93812
93812 206225
206225 355
206225 15926
355 15926
355 15927
355 1292
15926 15927
15927 26130
15927 1292
26130 91932
91932 18126
91932 6080
18126 10461
18126 8385
18126 18178
10461 42422
10461 8385
42422 8385
8385 144386
8385 6080
8385 42803
144386 6080
6080 42803
42803 58277
42803 18178
58277 18178
18178 51413
51413 90389
90389 199081
199081 1292
1292 359710
359710 2671
2671 171205
171205 521
521 112737
112737 148887
112737 30477
148887 30477
30477 17754
17754 102286
102286 197079
197079 182915
