206075 242076
206075 152888
242076 266848
242076 177801
152888 152919
152919 67774
152919 121553
67774 314519
67774 314496
67774 101856
67774 179557
67774 159456
67774 445488
67774 222045
67774 121553
67774 145094
67774 99240
67774 260401
67774 177801
67774 95905
314519 89018
314519 89000
314519 101856
89018 314496
89018 101856
89018 159456
89018 121553
89018 260401
314496 89000
314496 101856
89000 393032
89000 101856
393032 299226
299226 101856
299226 95927
299226 146259
299226 95905
101856 179557
101856 95927
101856 222045
101856 299220
101856 121553
101856 177801
101856 350709
179557 157543
179557 121553
157543 315293
157543 201333
157543 123253
157543 99240
157543 177801
201333 159456
201333 124851
201333 146259
159456 124850
159456 95905
124850 124851
124851 145712
145712 88579
145712 95905
88579 301512
88579 322308
88579 292200
88579 160971
88579 177801
88579 419841
88579 95905
301512 445488
301512 95905
445488 95927
95927 312068
95927 322308
312068 79647
292200 160971
292200 99229
292200 79647
160971 99229
160971 99240
160971 146259
160971 79647
160971 350709
99229 290405
290405 222045
222045 258632
222045 121553
258632 358797
258632 266848
258632 99240
266848 299220
266848 121553
266848 177801
266848 95905
299220 123253
299220 121553
123253 317787
317787 121553
121553 145094
121553 99240
145094 237725
237725 99240
99240 260401
260401 177801
177801 146259
177801 79647
177801 95905
146259 352527
146259 419841
146259 95905
419841 79647
79647 453532
79647 95905
79647 350709
453532 95905
95905 350709
