304517 304515
304515 253737
253737 292766
292766 43985
43985 300368
43985 16348
43985 14577
300368 52351
300368 75849
300368 16348
300368 34248
52351 99031
99031 102485
99031 7539
99031 14577
99031 14549
99031 34248
102485 133101
102485 14549
133101 280467
133101 101169
101169 36075
101169 14577
36075 55952
55952 28144
55952 37532
55952 55955
55952 34248
28144 7539
7539 7554
7539 71139
7539 14549
7554 30843
30843 128468
128468 57889
128468 14549
57889 71312
57889 58025
57889 14577
71312 58025
58025 75849
75849 116475
75849 14577
75849 31681
75849 34248
116475 116479
116475 16348
116479 16348
116479 40305
16348 208439
16348 14549
16348 34248
208439 71139
208439 34248
71139 49179
71139 37532
71139 14577
49179 37532
49179 394689
37532 394689
394689 14577
394689 31681
14577 99153
14577 56815
14577 55955
14577 303330
99153 430015
99153 14549
99153 40305
99153 22642
430015 14549
14549 328564
14549 295994
14549 40305
14549 399242
14549 22642
14549 56815
14549 31681
14549 303330
328564 295994
295994 40305
40305 399242
40305 22642
399242 22642
22642 56815
22642 34248
56815 55955
56815 31681
56815 34248
55955 340981
55955 206726
55955 31681
340981 206726
340981 31681
206726 31681
31681 303330
31681 177290
303330 352150
352150 78528
78528 177290
177290 34248
