286688 34719
34719 162484
34719 40305
34719 343326
162484 31222
31222 420789
420789 40290
40290 40305
40305 343326
343326 68516
68516 2233
2233 145176
145176 2765
145176 29259
2765 41189
2765 75260
2765 70735
2765 51079
2765 18126
41189 75260
41189 34618
41189 70735
41189 18126
75260 34618
75260 18126
34618 70735
34618 18126
70735 51079
51079 18126
18126 80186
80186 48
48 752
752 56414
56414 1415
56414 11907
1415 16494
16494 26551
26551 436751
26551 11907
11907 9676
9676 10331
10331 23242
10331 29710
29710 27923
27923 10557
10557 354501
354501 2360
2360 133693
2360 323626
2360 382809
2360 29259
2360 50662
2360 2387
133693 223708
133693 29259
223708 48130
48130 323626
48130 160741
48130 11523
323626 225738
323626 29259
225738 160741
225738 75794
160741 194342
194342 11523
11523 59869
59869 160725
59869 75794
160725 75794
75794 382809
75794 29259
382809 29259
29259 50662
29259 2387
50662 2387
