150853 7533
150853 2342
7533 178606
7533 350478
178606 19153
19153 350478
350478 350479
350479 2353
2353 95712
95712 1284
95712 1503
1284 453438
1284 8065
1284 301
453438 1503
453438 301
1503 119759
1503 85100
1503 8065
1503 2152
1503 1988
1503 51654
1503 301
1503 166162
1503 90441
119759 85100
119759 301
85100 60695
85100 1988
85100 335
85100 301
60695 333877
60695 97626
333877 29196
29196 324891
29196 8065
29196 245504
29196 1988
324891 8065
324891 301
8065 245504
8065 5464
8065 301
245504 5464
245504 335
5464 173716
173716 2342
2342 8817
8817 23685
8817 335
23685 177355
177355 97626
177355 335
97626 35794
35794 24428
24428 891
891 2152
891 1988
891 393942
2152 3604
2152 301
3604 89801
3604 1988
89801 1988
1988 360566
1988 166162
360566 335
335 434585
335 393942
335 51654
335 301
335 166162
393942 162459
393942 301
393942 762
162459 45646
162459 301
45646 51654
51654 301
301 166162
301 2193
166162 762
166162 308
762 151256
762 90441
151256 24565
151256 2193
151256 308
24565 441812
24565 2193
441812 2193
2193 207009
207009 308
308 90441
