110785 220
220 32163
220 30102
220 49242
220 24291
220 24259
220 658
220 149680
220 317
32163 8381
8381 30102
8381 339768
8381 25114
8381 718
339768 12440
12440 109552
109552 855
855 268279
268279 59
59 25114
59 11438
59 51112
59 8583
25114 28993
25114 11438
28993 11438
11438 47929
11438 317
47929 18282
18282 57613
18282 317
57613 718
718 51112
51112 335
335 201115
201115 5628
5628 440834
5628 24259
440834 49242
49242 202767
49242 24291
24291 24259
24259 70738
70738 658
70738 317
658 149680
149680 8738
8738 64498
64498 8583
8583 53560
53560 317
317 183111
183111 46627
46627 361974
46627 100638
100638 59427
59427 66701
59427 89226
66701 89226
66701 16452
89226 16452
16452 310991
310991 146123
146123 34538
34538 30787
30787 106459
106459 7401
7401 97493
