125859 5438
125859 8
5438 420290
5438 138
5438 383
5438 15445
5438 4526
420290 5694
5694 10434
10434 13662
10434 8
10434 2417
13662 9683
9683 2233
9683 138
2233 179036
179036 170608
170608 3158
3158 436155
3158 194234
3158 112672
3158 77634
3158 419
3158 99783
436155 1881
436155 138
436155 2676
1881 194234
1881 138
1881 381268
194234 8
8 112672
8 77634
8 29523
8 419
8 2417
8 108093
8 212251
8 227847
8 43594
8 99783
112672 77634
112672 138
112672 383
112672 2417
77634 847
77634 138
77634 383
77634 2417
847 226947
847 108093
226947 138
138 227625
138 88029
138 29523
138 109391
138 419
138 2417
138 381268
138 108093
138 30102
138 99783
227625 383
227625 27672
383 88029
383 29523
383 419
383 2417
383 99783
88029 77244
88029 419
88029 2417
77244 103992
77244 2417
103992 21345
103992 419
21345 29523
21345 419
29523 15445
29523 419
29523 2417
15445 109391
109391 419
419 134086
419 2417
419 2676
134086 2417
2417 381268
2417 108093
2417 133786
2417 537
108093 330
330 212251
227847 161
227847 2676
161 30102
30102 43594
30102 2676
43594 171386
43594 2676
171386 2676
2676 195907
195907 4526
4526 177046
4526 133786
177046 23569
23569 133786
133786 537
537 99783
99783 27672
