156590 965
965 221956
965 12780
965 389522
965 155044
965 120314
965 22692
221956 11655
11655 125996
125996 12780
125996 2138
12780 36594
12780 178752
36594 178752
36594 352
36594 1988
178752 352
178752 7905
352 407774
352 80905
352 42335
352 132819
352 167818
352 384717
352 4446
352 389522
352 11443
352 155044
352 22692
352 2138
352 11442
352 1988
80905 104228
104228 42211
42211 42335
42211 137411
42335 79241
79241 137411
137411 1284
1284 154754
154754 1881
1881 132819
1881 116190
1881 4336
1881 137456
1881 124354
1881 1988
132819 93176
132819 1988
93176 164910
164910 167818
384717 4446
4446 389522
389522 11443
389522 2138
11443 155044
155044 37443
155044 1988
37443 37437
37443 36487
37443 116190
37443 124354
37443 2138
37437 120314
37437 36487
37437 124354
120314 36487
36487 116190
36487 75139
36487 4336
36487 124354
36487 1988
116190 75139
116190 4336
116190 1988
75139 4336
75139 124354
75139 1988
4336 3606
4336 7905
4336 214902
4336 124354
4336 22692
4336 18875
4336 2138
4336 1988
3606 137456
3606 18875
3606 1988
3606 6
137456 7905
137456 18875
137456 1988
7905 214902
7905 1988
7905 6
214902 124354
214902 1988
124354 22692
124354 18875
124354 1988
22692 18875
22692 2138
22692 1988
18875 2138
18875 1988
2138 11442
2138 1988
11442 11400
11400 11344
11344 1988
1988 63302
1988 6
63302 6
6 450733
