330365 263676
263676 290413
290413 136151
136151 110344
110344 294890
110344 101856
110344 30799
294890 110205
110205 326379
326379 247760
247760 353190
353190 122449
353190 67774
122449 270286
122449 308353
122449 101856
122449 30799
122449 67774
270286 121551
270286 101856
270286 30799
270286 67774
121551 308353
121551 101856
121551 381211
308353 293590
308353 101856
308353 30799
308353 67774
293590 101856
293590 67774
293590 91
101856 232135
101856 30799
101856 381211
101856 67774
232135 30799
232135 67774
30799 381211
30799 333254
381211 67774
67774 333254
67774 124507
124507 91
91 256544
256544 33480
256544 14590
33480 301524
33480 49017
33480 78527
33480 14590
33480 101732
33480 73666
33480 262103
33480 44015
301524 49017
49017 78527
78527 28166
78527 14590
78527 101732
78527 39240
28166 37131
28166 14590
37131 14590
14590 394701
14590 101732
14590 101422
14590 57968
394701 101732
101732 73666
101732 119110
262103 112014
112014 119110
119110 95216
95216 101422
95216 39240
101422 39240
39240 57968
57968 178551
178551 44015
44015 85517
44015 161
44015 34
85517 34713
34713 161
161 411792
411792 17261
17261 34
34 40574
