406045 11792
11792 318696
11792 79814
11792 70047
11792 396
11792 2417
318696 87177
87177 96858
96858 79814
79814 307524
307524 8956
8956 118073
8956 64559
8956 8889
8956 65139
118073 8973
8973 64559
64559 8889
64559 1276
8889 65139
8889 1276
65139 319957
319957 71711
71711 63697
63697 64199
63697 1276
64199 7549
7549 275742
275742 1276
1276 195978
1276 9955
195978 4441
195978 396
4441 365806
4441 12654
4441 121195
365806 69263
69263 12654
12654 121195
12654 48579
48579 63081
63081 2153
63081 7414
2153 180364
2153 95737
2153 160668
2153 13486
2153 70047
2153 2417
180364 414238
414238 57782
57782 265431
57782 83650
83650 68142
83650 2417
68142 94238
94238 95691
95691 95737
95737 160668
95737 70047
160668 13486
160668 396
13486 70047
70047 7414
70047 396
7414 32119
7414 9955
32119 12875
32119 396
32119 2417
12875 11393
11393 115055
115055 396
396 370972
396 2417
396 9955
370972 2417
2417 9955
