120 1435
1435 118194
1435 4362
1435 57791
118194 4362
4362 57791
4362 43115
57791 184963
184963 166121
184963 7953
184963 960
7953 250822
250822 10942
10942 135083
135083 147479
147479 67144
67144 414
414 189390
414 50984
414 9536
189390 1940
1940 253
253 94043
253 10
253 7617
94043 25995
94043 8463
25995 8463
8463 50984
50984 960
960 69893
69893 15754
15754 53531
53531 32324
32324 4923
4923 43115
4923 31184
43115 67
43115 31184
43115 29945
43115 40975
67 120361
67 70492
67 29945
67 40975
67 3011
120361 9536
9536 105169
9536 10
105169 31184
31184 70492
31184 29945
70492 29945
70492 40975
29945 40975
29945 3011
40975 3011
3011 22625
22625 10
10 67503
10 103827
67503 103827
103827 114221
114221 219652
219652 51611
51611 177264
177264 11132
11132 1052
1052 1962
1962 7617
7617 40904
