337194 216070
216070 132740
132740 6644
132740 301
6644 317321
6644 26099
317321 68161
68161 335
68161 301
335 63887
335 34426
335 20379
335 301
335 132745
63887 37626
63887 2014
37626 37637
37637 93
37637 301
93 171974
93 26426
93 137411
93 54274
171974 77847
171974 301
77847 75569
75569 360921
75569 26426
75569 137411
360921 26426
26426 137411
137411 45547
45547 54274
54274 3264
54274 4
54274 10923
54274 8396
54274 9914
54274 352
54274 1988
3264 9764
3264 4
3264 10923
3264 20379
3264 352
9764 13989
13989 17332
17332 54974
17332 9914
54974 4
54974 352
54974 1988
4 34426
4 301
4 40974
34426 37411
34426 301
34426 1988
37411 9974
37411 1988
9974 35161
9974 79167
9974 10275
9974 352
35161 10923
35161 1988
10923 79167
10923 20379
10923 11830
10923 1988
79167 10275
10275 8396
10275 301
10275 352
8396 20379
8396 1988
20379 11830
20379 301
20379 9914
20379 1988
11830 26099
11830 9914
11830 1988
26099 16653
26099 1988
16653 132644
16653 1988
132644 145789
132644 301
132644 2014
145789 301
301 75917
301 132745
75917 9914
9914 431620
431620 352
352 373286
352 1988
352 148691
373286 2014
2014 40974
40974 1988
1988 148691
148691 132745
