363350 287453
363350 97179
363350 36558
287453 362612
362612 291069
291069 450689
291069 68282
450689 324125
324125 313329
313329 297817
297817 358795
297817 199185
297817 68278
297817 68282
358795 150195
150195 202740
150195 199185
150195 79651
202740 155262
202740 199185
202740 266832
199185 97179
199185 79651
97179 214704
97179 68278
97179 36558
97179 88859
214704 68278
214704 36558
68278 266832
68278 315512
68278 270012
68278 68282
68278 179475
68278 79649
68278 417680
68278 270410
266832 57543
266832 36558
266832 79649
57543 310196
57543 88999
57543 36558
310196 88999
310196 36558
88999 315512
315512 36558
315512 68282
36558 88859
36558 192316
36558 95917
36558 270012
36558 68282
36558 179475
36558 79649
36558 417680
88859 192316
88859 68282
88859 79649
192316 95917
192316 181774
192316 79649
95917 270012
95917 79651
95917 79649
270012 79651
79651 438115
438115 181774
181774 385052
385052 68282
68282 179475
68282 79649
179475 79649
79649 417680
270410 1062
1062 250623
1062 25843
250623 50
50 269903
269903 42
42 25843
42 6356
42 41434
42 308
25843 108403
108403 6356
6356 41434
41434 63562
63562 308
308 310222
308 283079
283079 2507
2507 25691
