154222 352
352 177024
352 8208
352 6879
352 180015
177024 43520
177024 6753
43520 392898
392898 8208
8208 225469
8208 15
225469 6879
6879 177625
6879 15
6879 6014
177625 6753
6753 169501
169501 15
15 30595
15 14376
15 30511
15 289703
15 159425
15 31740
15 53246
30595 52633
52633 6817
6817 180015
180015 6014
6014 102580
102580 31528
102580 7533
31528 315444
31528 19947
31528 14376
31528 30511
31528 136634
31528 31740
31528 20915
315444 6963
315444 7533
6963 130913
6963 19947
6963 277283
6963 14376
6963 30511
6963 197900
6963 136634
6963 35121
6963 31740
6963 53246
130913 150590
130913 19947
130913 14376
150590 41474
150590 19947
150590 14376
150590 30511
41474 19947
41474 14376
19947 277283
19947 14376
19947 30511
19947 197900
19947 136634
19947 7533
277283 14376
277283 30511
277283 7533
14376 30511
14376 197900
14376 7533
30511 197900
30511 7533
197900 289703
197900 7533
289703 136634
136634 7533
35121 303002
35121 7533
303002 324452
324452 159425
324452 7533
159425 63393
159425 7533
63393 31951
31951 325937
31951 57414
31951 4867
325937 57414
57414 4867
4867 31740
4867 7533
31740 31749
31740 53246
31740 60001
31740 20915
31740 7533
31749 53246
31749 20915
31749 7533
53246 60001
53246 7533
60001 20915
60001 7533
20915 41240
20915 7533
41240 7533
7533 405334
405334 42679
42679 72289
