145478 28707
145478 160748
28707 203686
28707 50679
28707 29316
28707 160748
28707 19843
28707 152278
203686 75789
75789 30804
30804 7710
30804 2360
7710 162365
7710 2361
162365 50679
162365 2367
162365 2360
50679 79266
50679 29316
50679 2367
79266 29316
29316 160748
160748 19843
160748 2360
19843 11484
19843 2367
19843 152278
19843 2361
19843 41095
11484 2367
11484 2361
2367 152278
2367 2361
2367 2360
152278 2361
152278 2360
2361 41095
41095 2360
2360 225050
2360 442017
225050 39872
39872 442017
442017 465
465 87992
465 13069
87992 28128
28128 4891
4891 35014
4891 27709
4891 100000
35014 27709
27709 57978
57978 78523
57978 100000
57978 36118
78523 100000
78523 95060
100000 83227
100000 95060
100000 58070
100000 14648
83227 95060
83227 14648
95060 58070
58070 27720
58070 14648
27720 83213
83213 36118
36118 116146
116146 111086
116146 14648
111086 214162
214162 14648
14648 65088
65088 33743
33743 183687
183687 71996
71996 8605
71996 9077
8605 9077
9077 122314
122314 145596
145596 7057
7057 13069
