141064 2353
2353 215102
215102 9110
9110 417143
417143 7533
417143 6948
7533 138589
7533 53302
7533 31770
7533 90616
7533 27712
7533 30977
7533 295234
7533 32977
7533 6948
138589 15
138589 88
138589 6948
15 101917
15 130768
15 12635
15 339984
15 58634
15 490
15 295234
101917 577
577 197428
577 130768
577 375230
197428 167025
167025 88
130768 9928
130768 88
9928 44316
9928 1705
44316 453
453 12635
12635 68491
12635 12625
68491 12625
12625 375230
375230 88
88 146725
88 2156
88 339984
88 1705
88 7523
88 53302
88 6948
146725 2156
146725 78
2156 339984
2156 7523
2156 6948
339984 78
78 58634
78 1705
78 7523
78 295234
78 6948
58634 1705
1705 7523
7523 35100
35100 10541
10541 908
908 124343
124343 5686
5686 179032
179032 35098
35098 53302
53302 4887
53302 6948
4887 53290
4887 31770
53290 31770
31770 8811
8811 90616
90616 27712
90616 6948
27712 30977
30977 490
490 295234
295234 32977
32977 253896
32977 6948
253896 6948
6948 144945
144945 46386
