21996 315622
21996 118989
21996 27639
21996 27041
315622 23690
315622 22349
315622 27041
315622 12311
23690 118989
23690 242682
23690 280923
23690 12416
23690 27639
23690 40653
23690 12493
23690 79793
23690 27041
118989 12606
118989 40680
118989 96530
118989 12270
118989 12493
118989 27041
118989 12311
12606 26605
12606 12270
26605 24038
26605 22349
26605 40680
26605 96530
26605 12416
26605 12270
26605 12493
26605 12311
26605 26164
24038 78626
24038 34068
78626 34068
78626 258643
34068 75649
34068 76708
34068 40680
34068 27080
34068 96530
34068 12270
75649 76708
75649 22349
75649 27080
75649 12270
75649 12311
76708 22349
76708 258643
76708 96511
76708 27080
22349 258643
22349 115503
22349 96530
258643 40680
258643 86807
258643 12416
40680 269019
40680 56411
40680 115503
40680 86807
40680 96530
269019 242682
269019 12270
269019 12311
242682 96511
242682 12270
242682 12493
96511 32715
96511 27080
96511 56411
32715 27080
27080 56411
27080 12311
56411 115503
56411 12311
115503 86807
86807 96530
96530 280923
280923 12416
280923 12311
12416 295598
12416 27639
12416 12311
12416 280044
295598 27639
295598 12311
27639 40653
27639 12270
27639 12493
27639 12311
40653 12270
40653 12493
12270 208989
12270 12493
12270 79793
12270 27041
208989 12493
12493 79793
12493 27041
12493 12311
79793 27041
79793 12311
27041 32717
27041 12311
32717 12311
12311 280044
280044 26164
26164 304651
304651 7698
304651 354
7698 219770
219770 134671
134671 26838
26838 253
253 305
305 1993
1993 354
354 119532
119532 1014
1014 27569
27569 93
