70975 70971
70971 174441
174441 2157
2157 34465
34465 15240
34465 3549
15240 19527
19527 35169
35169 52090
35169 1298
52090 185837
185837 10032
185837 10264
10032 67494
10032 10264
10032 1896
67494 10264
67494 3549
10264 2687
10264 463
2687 133231
2687 463
133231 148196
148196 463
463 55879
463 88670
463 296059
55879 88670
88670 4214
88670 3549
4214 97538
4214 174603
4214 296059
4214 1298
97538 32391
97538 3549
97538 7932
32391 447747
447747 3549
3549 83642
3549 41736
3549 174603
3549 296059
3549 164976
83642 41168
83642 20053
41168 41736
41736 174603
41736 20053
174603 20053
20053 296059
296059 1896
1896 179904
1896 93709
1896 78760
1896 10368
179904 577
577 93709
577 78760
577 10368
93709 78760
78760 13163
13163 10368
10368 164976
164976 7932
7932 205315
205315 68432
68432 196949
196949 283824
283824 1298
1298 146484
146484 62668
62668 48131
62668 59871
48131 59871
59871 153768
59871 11509
153768 11509
