299642 314608
299642 314605
314605 332776
314605 14590
332776 140753
140753 260210
260210 35251
260210 14590
35251 75103
75103 7415
75103 9574
7415 136393
7415 9574
136393 53276
136393 9574
53276 96771
53276 9574
96771 9574
9574 38852
38852 96291
96291 69608
69608 9912
69608 3298
9912 76902
76902 16702
16702 3798
3798 179835
3798 18784
179835 43095
179835 147653
43095 147653
147653 18784
18784 22449
22449 98456
98456 65041
65041 363888
363888 159460
159460 316264
159460 420690
316264 171180
316264 67792
171180 420690
420690 67792
67792 244344
67792 359344
244344 121238
121238 359344
359344 3298
3298 54841
54841 30476
30476 159303
159303 31949
159303 14590
31949 268306
31949 14590
31949 40293
31949 166095
31949 39497
31949 61237
268306 14590
268306 26352
14590 88482
14590 39497
14590 61237
88482 26352
26352 77753
77753 40293
40293 166095
40293 39497
40293 61237
166095 39497
39497 61237
