190254 979
979 114394
979 322099
979 7271
979 218725
979 167489
979 150611
114394 169590
114394 965
114394 6749
169590 13669
169590 965
13669 2765
2765 322099
2765 46590
2765 138
2765 4259
2765 2662
2765 689
322099 26109
322099 965
322099 2662
26109 126309
126309 174843
174843 115516
115516 46590
115516 2347
115516 18536
46590 64794
46590 965
46590 6749
46590 689
64794 2347
2347 370412
2347 292810
2347 167489
370412 54603
54603 27
27 179319
27 292810
27 378
27 168348
179319 101325
179319 7271
101325 158265
101325 197407
101325 7271
158265 197407
158265 7271
197407 7271
7271 67005
67005 5795
5795 168911
5795 463
5795 78
5795 138
168911 18536
168911 463
168911 78
168911 138
168911 2662
18536 183068
183068 463
463 354390
463 207489
463 292810
354390 78
354390 138
354390 4259
354390 2662
78 207489
78 292810
78 168348
207489 138
207489 16452
138 334784
138 292810
138 16452
334784 36232
334784 16452
36232 292810
36232 16452
292810 16452
292810 2662
16452 110123
110123 378
110123 4259
378 168348
378 4259
168348 184112
168348 4259
184112 965
965 228792
965 150611
965 689
228792 4259
4259 218725
4259 214024
4259 689
218725 2662
2662 167489
167489 214024
214024 6749
6749 150611
6749 689
150611 689
