129849 221188
221188 105157
105157 131206
105157 15
131206 97580
97580 9798
9798 170016
170016 170026
170016 240865
170016 170028
170026 240865
170026 170013
170026 153995
170026 170014
170026 170010
240865 322595
240865 153995
240865 170028
240865 170010
170013 322595
170013 153995
170013 170028
322595 153995
322595 170014
153995 336685
153995 170028
153995 275962
153995 233112
153995 352846
153995 170014
336685 170028
170028 233112
170028 170014
170028 170010
275962 233112
275962 352846
275962 170014
170014 170010
170010 289399
289399 82323
82323 148753
148753 65215
65215 73838
73838 169370
169370 402481
169370 50361
402481 50361
50361 301839
301839 8959
301839 19999
8959 8886
8959 44339
8959 114706
8959 239045
8959 108512
8959 72016
8959 263535
8886 44339
8886 8868
8886 95107
8886 108512
44339 8885
8885 199241
8885 19999
199241 9003
199241 19999
9003 114706
9003 239045
9003 8868
9003 108512
9003 263535
114706 239045
114706 8868
114706 19999
239045 8868
239045 19999
8868 95107
8868 263535
95107 108512
108512 19952
108512 19999
19952 72016
72016 19999
19999 263535
263535 6148
6148 316126
316126 15
15 270461
270461 67774
67774 332104
332104 30799
