168776 1286
168776 378
1286 48310
1286 65984
1286 4
1286 48376
48310 13134
48310 17870
13134 62691
13134 20626
13134 107559
13134 43445
13134 10197
13134 81701
13134 130896
13134 219419
13134 160639
13134 8005
62691 4289
62691 11444
62691 8005
4289 25851
4289 33546
4289 43445
4289 5762
4289 97574
4289 187739
4289 12748
4289 8005
4289 13695
4289 146834
4289 30619
25851 11444
25851 965
11444 33546
11444 187739
11444 12748
11444 8005
11444 47371
33546 20626
33546 12748
33546 8005
20626 79753
20626 79169
20626 43445
20626 5762
20626 965
20626 12748
20626 21427
79753 107559
107559 79169
79169 43445
79169 5762
43445 34460
43445 965
34460 10197
34460 62448
34460 130896
34460 5762
10197 62448
10197 81701
62448 81701
81701 130896
130896 5762
130896 965
5762 93090
5762 965
5762 187739
5762 12748
5762 8196
5762 8005
5762 65984
5762 11261
93090 141683
141683 97574
97574 17870
17870 219419
219419 27484
219419 8005
27484 425380
425380 965
965 187739
965 12748
965 42574
187739 12748
187739 8005
12748 8196
12748 8005
12748 65984
12748 146834
8196 1311
1311 160639
1311 4
160639 8005
8005 47371
47371 48194
48194 46082
46082 65984
65984 21427
21427 11261
11261 13695
11261 30619
13695 146834
13695 30619
146834 30619
30619 42574
42574 4
4 378
4 2063
378 2477
2477 25399
25399 2063
2063 48376
