159420 2353
2353 349264
2353 352
2353 224857
2353 231294
349264 212587
349264 352
212587 155889
212587 220
212587 2179
155889 10460
155889 2138
155889 2179
155889 352
10460 2138
10460 220
2138 168720
2138 17163
2138 13553
2138 221785
2138 89062
2138 2179
2138 23413
2138 352
2138 224857
2138 9964
168720 17163
168720 2179
168720 352
17163 59672
17163 89062
17163 352
59672 7658
59672 2179
7658 220
220 403246
220 424341
220 9964
220 231294
220 26621
220 33865
424341 13821
13821 153197
153197 10228
10228 199446
10228 383
10228 205
199446 383
383 67937
383 205
383 221785
383 2179
383 231294
383 86283
383 26621
383 73769
383 5330
383 30990
67937 205
205 401625
205 13553
205 221785
205 231294
205 86283
205 26621
205 233257
205 38155
401625 13553
401625 2179
13553 221785
13553 2179
221785 40006
221785 2179
221785 352
40006 89062
40006 2179
89062 2179
2179 23413
2179 9964
2179 86283
23413 352
352 224857
352 231294
352 5330
224857 9964
9964 231294
231294 86283
86283 26621
26621 11563
26621 1798
11563 74565
11563 1798
74565 73769
73769 51426
51426 233257
233257 1798
1798 5330
5330 30990
5330 33865
5330 30950
30990 74468
74468 38155
38155 33865
33865 30950
30950 4883
4883 170902
170902 54024
54024 388861
