441000 121551
121551 312688
312688 153318
153318 84348
84348 58053
58053 57964
58053 31248
57964 2156
57964 2687
2156 451490
2156 13811
2156 183496
2156 2687
2156 63143
451490 13811
451490 11852
451490 2687
13811 183496
13811 11852
183496 11852
11852 225507
225507 2687
2687 168912
2687 63801
63801 63143
63143 118526
118526 14551
14551 124112
14551 31957
124112 256448
124112 30230
256448 286169
286169 286172
286169 31957
286172 31957
31957 375035
31957 30230
31957 240380
31957 34265
375035 30230
30230 240380
30230 53487
30230 29233
30230 75749
240380 240387
240380 29233
240387 34265
34265 53487
53487 29233
53487 10152
29233 30773
29233 138049
30773 75749
30773 10152
75749 116127
116127 151592
151592 10152
10152 379469
379469 28066
28066 35438
28066 759
35438 138049
138049 31248
31248 254522
31248 76021
31248 359567
254522 76021
76021 359567
359567 83901
83901 27997
27997 759
759 128756
128756 4715
4715 18262
