118398 256
256 158294
158294 158295
158295 335849
335849 27074
27074 181820
181820 1852
181820 4991
181820 9702
181820 677
181820 979
181820 3549
181820 354
181820 15924
181820 352
1852 33122
1852 19237
1852 156771
1852 354
33122 173374
33122 4991
173374 103841
103841 25582
103841 2676
25582 19237
25582 2676
25582 9702
25582 677
25582 979
25582 253
25582 352
19237 156771
19237 677
19237 3549
156771 2676
2676 141882
141882 980
141882 677
141882 979
141882 3549
141882 352
980 289100
289100 4991
289100 9702
289100 677
289100 979
289100 3549
289100 352
4991 237088
4991 9893
237088 43632
237088 9702
237088 979
237088 352
43632 9893
9893 9702
9893 677
9893 3549
9893 352
9702 379168
9702 677
9702 3549
9702 9813
9702 111848
9702 352
379168 677
379168 3549
677 401870
677 3549
677 106586
677 100162
677 140055
677 111848
677 229016
677 352
401870 979
401870 3549
401870 352
979 222267
979 140055
979 9813
979 135813
979 18226
979 111848
222267 9363
222267 3549
9363 261532
9363 3549
261532 3549
3549 106586
3549 100162
3549 9813
3549 98275
3549 18226
3549 111848
3549 352
106586 354
354 27526
354 352
27526 253
253 100162
100162 140055
100162 352
140055 9813
9813 135813
9813 18226
9813 352
135813 21380
21380 155984
155984 17739
17739 24848
17739 352
24848 98275
98275 15924
98275 352
15924 18226
18226 111848
111848 229016
111848 352
229016 352
352 382803
