340041 15261
15261 94023
15261 1274
15261 138
94023 1274
94023 138
1274 127671
1274 67206
1274 40973
1274 83031
1274 234213
1274 118897
1274 2417
1274 138
1274 245090
127671 11328
11328 67484
67484 5192
67484 2417
67484 138
5192 89084
89084 10819
89084 40973
89084 2417
89084 1416
10819 100423
10819 69582
10819 67206
10819 77734
10819 123165
10819 18103
10819 40973
10819 168621
10819 2417
69582 67206
69582 40973
67206 77734
67206 77731
67206 138
77734 137227
77734 77731
77734 123165
77734 18103
77734 40973
77734 168621
137227 77731
137227 123165
137227 40973
77731 123165
77731 40973
123165 18103
123165 40973
18103 40973
18103 138
40973 168621
40973 138
168621 82762
168621 138
82762 83031
83031 4434
83031 138
4434 41692
41692 42692
42692 143656
143656 136470
136470 234213
136470 138
234213 316
316 118897
316 1416
118897 15799
118897 2417
118897 138
15799 171879
15799 2417
171879 152202
152202 2417
2417 55711
2417 124237
2417 138
2417 245090
55711 124237
55711 138
124237 215666
215666 20799
20799 148665
148665 138
138 171207
138 245090
171207 18736
171207 71108
18736 245090
245090 71108
71108 357785
357785 328447
357785 357783
328447 357784
328447 357783
357783 55034
55034 1416
