67091 16393
16393 22826
22826 72574
22826 46530
72574 46530
46530 416293
416293 14600
416293 16607
14600 331524
14600 77140
14600 241779
14600 283520
14600 16607
331524 77140
77140 43853
43853 241779
43853 283520
43853 16607
241779 283520
283520 53417
53417 117063
117063 16607
16607 124897
124897 16540
124897 6948
124897 29233
16540 44947
16540 20966
16540 19159
16540 327163
44947 178970
44947 29233
44947 16783
44947 14584
178970 20966
20966 14549
20966 19159
20966 29233
20966 16783
14549 312857
14549 53501
14549 327163
14549 35137
14549 249329
14549 323942
14549 234619
312857 53501
312857 19163
312857 19159
312857 6948
312857 29233
312857 16783
312857 14584
53501 19163
53501 19159
53501 16783
19163 263411
19163 19159
19163 16783
19163 14584
263411 19159
263411 14584
19159 327163
327163 35137
327163 6948
327163 29233
327163 16783
327163 14584
35137 249329
35137 6948
35137 16783
249329 11956
249329 16783
11956 47816
47816 27545
27545 127084
27545 1773
127084 120507
120507 1773
1773 6967
6967 44171
44171 19956
19956 410224
19956 238615
410224 6948
6948 327970
6948 67536
6948 14584
6948 238615
327970 323942
327970 16783
323942 113731
113731 234619
234619 29233
29233 338855
29233 67536
29233 238615
338855 16783
16783 67536
16783 238615
67536 14584
14584 238615
