416915 327
416915 2055
416915 1553
327 240460
327 28403
327 5126
327 168666
240460 2055
2055 83858
2055 238095
2055 432437
2055 168666
83858 979
979 222883
979 6166
979 960
979 28403
979 4278
979 13617
979 168666
979 3447
222883 7698
7698 401225
7698 12783
401225 6166
6166 267974
267974 960
960 28403
960 4278
960 12754
960 1254
4278 12783
12783 12754
12754 50
12754 1254
50 33920
33920 5126
5126 311
311 17467
17467 4106
4106 238095
238095 25039
25039 1254
1254 162954
162954 23
23 432437
432437 13802
13802 17093
17093 4580
4580 43769
43769 22688
22688 8329
8329 1169
1169 160620
160620 1553
1553 379688
1553 6653
1553 13610
1553 75350
379688 6653
6653 13610
6653 13617
6653 75350
13610 13617
13617 9251
9251 75350
75350 1959
1959 168666
1959 3447
168666 11309
11309 89885
89885 3447
3447 26567
3447 99401
26567 99401
