368020 146717
146717 31775
31775 4990
31775 8598
4990 22909
22909 35481
35481 152152
152152 37049
37049 30730
30730 44951
44951 57294
57294 8899
8899 308697
8899 238855
8899 44350
308697 8598
238855 8590
8590 75888
8590 291
8590 26
75888 8598
8598 126849
8598 97429
126849 64562
64562 44350
64562 9027
44350 279524
44350 9027
9027 97429
97429 291
291 1051
291 44
291 340
291 26
291 4304
291 2423
1051 2087
1051 44
1051 26
2087 18274
2087 44
18274 3383
3383 11950
11950 5226
11950 7639
5226 165279
5226 550
165279 25669
165279 550
25669 44
44 7639
44 340
44 26
44 4304
7639 50292
7639 340
50292 340
340 4007
340 26
4007 24015
4007 24021
24021 26
26 550
26 49082
26 4304
26 2423
550 49082
550 4304
49082 4304
4304 2423
2423 32667
32667 7756
7756 261863
261863 980
980 234552
234552 979
