223095 41167
223095 4214
41167 83650
83650 4214
4214 100401
100401 36301
100401 13486
36301 13486
13486 19265
19265 30525
30525 36322
36322 172
36322 86
36322 117749
36322 6581
172 82411
172 86
82411 148743
82411 86
148743 86
148743 6
86 43364
43364 23921
43364 6
23921 23923
23921 43382
23921 43405
23923 43382
23923 6
43382 43405
43405 6
6 33756
6 61389
6 13780
6 110696
33756 44353
44353 121484
121484 107214
107214 38712
38712 38699
38699 235
235 197077
235 247585
235 120657
120657 3227
3227 159931
159931 275874
275874 401683
275874 21279
401683 267486
267486 232830
267486 9008
232830 61389
61389 21279
21279 13780
13780 117749
6581 1158
1158 547
547 267843
267843 9008
9008 110696
110696 6119
6119 12848
12848 1446
1446 5958
