310565 7437
7437 217130
7437 223266
7437 93326
7437 42442
217130 4289
217130 7782
4289 233916
4289 7782
4289 8306
233916 7782
7782 212931
7782 8306
7782 88013
212931 8306
8306 25062
25062 2687
2687 197264
2687 90850
2687 261729
197264 36294
36294 185258
185258 67048
67048 137496
137496 5062
137496 1247
5062 125205
5062 90850
125205 208
208 27093
208 1247
27093 90850
90850 178921
178921 750
750 8804
8804 65099
8804 8902
65099 261621
261621 8902
8902 275765
275765 50242
50242 120458
120458 5226
5226 46961
5226 1247
5226 287373
46961 1247
1247 296565
1247 168024
1247 287373
1247 261729
296565 9192
9192 168024
9192 9191
9192 27856
9192 223266
9192 27862
9192 93326
168024 9191
9191 287373
9191 27856
9191 93326
9191 88013
287373 27856
27856 223266
27856 93271
27856 261729
223266 27862
27862 93271
27862 261729
27862 93326
93271 58883
93271 93326
58883 261729
261729 93326
93326 88013
88013 93130
93130 42442
42442 1996
1996 93222
93222 77688
