424635 177834
177834 411294
411294 57782
57782 132017
57782 205
132017 218543
132017 133771
132017 1881
218543 209140
218543 133771
209140 133771
133771 247641
247641 2417
247641 220
2417 269768
2417 142905
2417 214029
2417 205
2417 31191
2417 174977
2417 1062
2417 201550
269768 2008
269768 205
269768 12265
269768 22349
269768 4
2008 142905
2008 220
2008 4
142905 1881
1881 214029
1881 31191
214029 205
205 142630
205 3443
205 443468
205 31191
205 163896
142630 12265
142630 3443
142630 22349
12265 337114
12265 3443
12265 452338
12265 22349
12265 12366
12265 70095
12265 12444
12265 443468
337114 3443
3443 452338
3443 146894
3443 70095
3443 12444
3443 1062
452338 22349
22349 146894
146894 55048
146894 12366
146894 12444
55048 83999
83999 12366
12366 70095
70095 12444
70095 1062
12444 443468
443468 54760
54760 220
220 392004
220 31191
220 78124
220 37004
220 13968
392004 206957
206957 31191
206957 1062
31191 174977
31191 1062
174977 53764
53764 17575
17575 79443
79443 1062
1062 201550
1062 163896
201550 13993
13993 78124
13993 4
78124 93373
78124 37004
93373 37004
37004 13968
13968 1731
1731 4
4 163896
163896 3233
3233 2100
