203280 55387
203280 2703
55387 50436
55387 17164
55387 387
17164 38881
17164 2236
38881 23960
23960 2164
23960 4393
2164 115065
2164 132825
2164 143379
2164 54258
2164 4393
115065 463
132825 7643
7643 322802
7643 143379
143379 154550
154550 54258
54258 154244
154244 8136
154244 383
8136 4393
4393 197420
4393 463
197420 463
463 279587
463 383
463 14572
279587 756
756 4843
756 383
4843 387
387 195199
195199 383
195199 335
195199 57
383 352280
383 335
383 2703
383 31418
383 5016
383 14572
383 14630
352280 335
335 10570
335 32399
335 31418
335 120571
335 259722
335 14572
10570 5943
5943 32399
32399 2703
2703 315129
315129 31418
31418 5016
5016 120571
120571 266913
266913 120539
120539 2236
2236 222337
222337 57
57 354393
354393 142749
142749 259722
259722 115239
259722 14572
115239 210368
210368 14572
14572 361880
14572 14630
361880 14630
14630 63806
63806 3787
