352202 22779
22779 79953
22779 268835
79953 14021
79953 461
79953 750
79953 1503
14021 185469
185469 253621
253621 253611
253611 37953
37953 84891
84891 89738
89738 192559
192559 461
192559 750
192559 1503
461 23956
461 33819
461 285802
461 1503
23956 157601
23956 88
23956 2179
157601 88
88 37502
88 197725
88 238804
88 268835
88 3791
88 126007
37502 116386
116386 83977
83977 26190
26190 64272
64272 264119
264119 75179
75179 9731
9731 197725
9731 750
9731 92900
197725 750
750 92900
750 94091
750 3791
750 41627
92900 14210
92900 14158
92900 1503
14210 416818
14210 237831
14210 14185
237831 14158
14158 9918
9918 238804
268835 2179
2179 73737
2179 84486
2179 1503
73737 84486
84486 33819
84486 1503
33819 285802
285802 13001
285802 1503
13001 94091
94091 1503
1503 42945
42945 14197
14197 14221
14221 3791
14221 14185
3791 14185
3791 1961
14185 126007
126007 1961
1961 2495
2495 41627
