291240 226384
291240 35597
291240 31443
291240 35561
226384 35597
226384 31443
226384 1274
35597 314045
35597 261457
35597 352818
35597 35520
314045 31443
314045 1274
31443 322710
31443 35561
31443 261457
31443 352818
322710 35561
35561 261457
35561 1274
35561 352818
35561 35520
261457 1274
261457 35520
1274 152086
1274 171199
1274 220962
1274 285107
1274 8868
1274 71545
1274 352818
1274 35520
1274 15979
1274 4730
1274 88124
1274 55339
152086 205001
205001 276812
276812 96195
96195 171199
171199 220962
220962 58270
220962 13894
220962 20358
58270 285107
285107 13894
13894 89532
13894 288333
13894 271308
13894 56572
89532 152828
89532 288333
152828 288333
152828 271308
288333 271308
56572 20358
20358 442243
20358 116780
116780 36216
36216 227718
36216 8868
36216 97435
227718 8868
8868 97435
97435 34922
34922 71545
34922 157712
71545 117691
71545 157712
117691 21044
117691 207035
21044 207035
207035 157712
157712 418333
418333 35248
35248 353182
353182 50361
50361 352818
352818 35520
35520 15979
15979 184486
184486 7627
7627 412432
7627 238455
238455 4730
4730 88124
88124 55339
