90111 18169
18169 4257
18169 2179
18169 158
4257 17565
4257 4
17565 17569
17565 7353
17569 7353
7353 30392
30392 62513
62513 126893
62513 108110
126893 40481
126893 4
126893 138
40481 180970
180970 27409
27409 245147
245147 220670
245147 108110
108110 415
415 101901
415 57
415 4
101901 2362
101901 383
101901 4
2362 60679
2362 195453
60679 60690
60679 57
60690 241802
241802 26514
26514 260580
260580 359708
359708 2680
359708 383
359708 138
2680 233135
2680 195453
2680 383
233135 318
233135 57
233135 4
233135 138
318 157085
318 138
157085 2179
2179 57834
2179 383
57834 158
158 195453
158 4
158 138
195453 383
195453 57
195453 4
195453 138
383 409419
383 88771
383 399980
409419 67774
67774 273437
67774 331896
273437 273434
273434 273435
273435 331896
331896 57
57 121658
57 4
121658 4
4 148715
4 138
148715 88771
148715 138
88771 156245
156245 1267
1267 373680
1267 399980
373680 2676
2676 399980
399980 138
