377720 220173
220173 301
220173 1503
301 36895
301 12766
301 12130
301 63599
301 5661
301 1274
301 148514
301 1503
301 136943
301 383
36895 1984
36895 1503
1984 130447
1984 12766
1984 280
1984 1274
1984 51781
1984 5427
130447 12766
130447 3549
12766 3188
12766 51781
12766 1503
3188 19227
3188 11240
3188 3549
3188 53725
19227 11240
11240 6768
11240 3549
6768 132885
132885 280
280 12130
280 1274
280 79426
12130 63599
12130 3549
12130 1503
63599 4735
63599 1274
63599 1503
4735 369051
4735 3549
369051 3549
3549 412877
3549 51781
3549 5427
412877 2353
412877 1503
2353 219858
219858 41196
41196 5661
5661 5667
5661 5666
5661 1274
5661 1503
5667 5666
5667 1274
1274 33463
1274 5974
1274 53697
1274 148514
1274 1503
1274 383
33463 23688
23688 78202
23688 167122
23688 5974
23688 28445
23688 14522
23688 53725
78202 167122
78202 5974
167122 5974
5974 28445
28445 14522
53725 53705
53725 53697
53725 1503
53705 79431
53705 53697
53705 53738
79431 53697
53697 79475
53697 53738
53697 79426
53697 199003
79475 53738
53738 85104
53738 199003
85104 79426
85104 199003
85104 148514
79426 199003
79426 5427
79426 383
199003 148514
148514 53663
148514 1503
148514 383
53663 51781
51781 33983
33983 5427
5427 1503
1503 136943
136943 383
