234670 326033
326033 63525
63525 20794
20794 9132
20794 11888
20794 3252
9132 215726
215726 53276
53276 94410
94410 19
19 47975
19 759
19 1828
19 1062
47975 3644
47975 352
3644 185609
185609 36524
185609 1062
36524 95401
95401 26900
26900 35297
35297 759
759 1651
759 179917
1651 55269
55269 2091
2091 1238
1238 10548
1238 32872
32872 1828
1828 19008
19008 352
352 274606
274606 800
800 287386
800 1062
287386 179917
179917 309100
179917 11239
309100 11239
11239 287851
287851 291453
291453 287844
287844 11888
11888 72676
11888 39256
11888 52109
72676 8867
8867 202133
8867 1062
202133 39256
39256 33853
33853 7534
7534 23517
23517 52109
52109 56741
56741 56828
56828 144291
144291 1062
1062 289873
289873 3252
