12650 4424
12650 18825
4424 311055
4424 70372
4424 70987
4424 32236
4424 93
311055 4427
4427 136657
4427 70987
4427 121195
4427 11443
4427 51637
136657 18825
136657 11443
136657 138
18825 24308
18825 93141
18825 88835
18825 70372
18825 70987
18825 32236
24308 93141
93141 88835
88835 70372
88835 70987
70372 70987
70372 121195
70372 138
70987 32236
32236 121195
32236 138
121195 11443
11443 51637
11443 8738
11443 138
51637 8738
8738 86062
86062 956
956 44393
44393 80834
80834 17689
80834 138
17689 11912
17689 138
11912 11854
11854 85889
85889 937
85889 52030
937 84546
937 55181
84546 91456
91456 58390
58390 52030
52030 55181
55181 55167
55167 27436
27436 93
93 63909
63909 74202
74202 11549
11549 246157
246157 138
138 202953
138 1574
138 341756
138 6703
138 261251
138 8425
202953 91163
91163 44524
44524 38296
44524 78328
78328 419375
419375 1574
1574 341756
1574 6703
1574 261251
341756 6703
6703 261251
6703 8425
261251 8425
8425 318458
