190235 1
1 313232
1 443212
1 256767
256767 238230
238230 1274
238230 1503
1274 227913
1274 223
1274 51278
1274 96746
1274 317
1274 998
1274 199427
1274 241021
1274 1503
1274 65935
227913 223
227913 317
227913 1503
223 141806
141806 75252
141806 317
75252 47501
47501 51278
51278 96746
96746 160860
96746 1503
160860 14401
14401 1439
14401 6910
14401 1503
1439 6910
6910 10783
10783 39987
10783 34
39987 31
39987 34
31 34
31 141
34 257896
34 141
34 998
257896 141
141 440110
141 317
141 396
440110 317
317 235753
317 241021
317 147213
317 154602
317 65935
235753 3419
3419 134457
3419 132767
134457 42807
42807 79377
79377 129249
129249 998
998 199427
199427 396
199427 1503
396 241021
241021 1503
1503 201433
1503 178370
1503 124643
1503 132767
1503 154602
201433 178370
178370 124643
178370 132767
124643 132767
132767 10746
10746 147213
147213 147215
147215 48370
48370 133761
133761 94496
94496 154602
154602 39665
39665 65935
