382211 211
211 11278
211 42875
211 3336
211 122066
11278 42875
42875 3336
3336 122066
122066 51
122066 1093
51 1363
1363 167623
167623 1093
1093 85778
85778 55014
55014 58399
58399 36993
36993 33780
36993 52909
36993 34348
36993 85817
36993 49454
36993 49492
36993 48705
33780 49383
33780 966
33780 52909
33780 34348
33780 84536
49383 966
49383 52909
49383 34348
49383 84536
966 52909
966 34348
966 84536
52909 34348
34348 84536
84536 27967
27967 23364
23364 85817
85817 49454
49454 49492
49454 48705
49492 48705
48705 21966
21966 53744
21966 53630
53744 53630
53630 131630
131630 236169
236169 310
310 368707
368707 95912
95912 261996
95912 383778
95912 95924
95912 95916
95912 265978
95912 68279
261996 79647
261996 95905
261996 95924
261996 95916
79647 431490
79647 95905
79647 265978
79647 68279
79647 434591
79647 92570
431490 95905
95905 383778
95905 95924
95905 95916
95905 265978
95905 434591
95905 404274
383778 95924
95924 95916
95924 265978
95924 434591
95916 265978
95916 68279
95916 434591
265978 68279
265978 92570
68279 434591
434591 248701
434591 248706
248701 340339
340339 248706
248706 329949
329949 404274
404274 92570
