12213 52176
12213 21531
52176 12241
12241 21531
12241 100888
12241 12494
12241 12327
12241 151055
12241 12444
12241 139500
12241 294015
12241 21639
12241 206
21531 12463
21531 12494
21531 27086
21531 12270
21531 12444
21531 21652
21531 206
12463 100888
12463 12494
12463 294015
12463 21652
100888 12494
100888 12270
100888 12444
100888 206
12494 436755
12494 122225
12494 12270
12494 12444
12494 206
122225 12606
122225 12270
122225 76722
12606 12327
12606 27086
12606 12270
12327 79781
12327 12270
79781 27086
79781 66423
79781 76722
27086 12270
27086 66423
27086 21639
12270 86820
12270 12444
12270 139500
12270 294015
12270 21639
12270 206
86820 66423
66423 76722
76722 151055
151055 12444
12444 139500
139500 206
294015 162665
21652 21639
21652 206
21639 77259
21639 206
77259 35966
35966 68970
35966 206
68970 33955
68970 206
68970 42574
33955 58218
33955 956
58218 150791
58218 206
58218 956
150791 286110
286110 2668
2668 5982
2668 151015
2668 237854
5982 132221
5982 206
132221 582
582 151015
582 237854
151015 237854
237854 206
206 47023
206 7014
206 701
206 145254
206 188594
206 408
47023 7014
7014 956
956 42574
956 145254
956 408
42574 701
701 145254
145254 5123
5123 188594
188594 95
188594 408
95 32298
32298 408
408 10695
