234623 14590
14590 330746
14590 44993
14590 66090
14590 60996
14590 118279
14590 20938
14590 60430
14590 106811
14590 16518
14590 14570
14590 72751
14590 28091
14590 53318
330746 44993
44993 66090
44993 14075
44993 31696
66090 8711
66090 31836
66090 14075
66090 14570
66090 14602
8711 66414
8711 60996
8711 118279
8711 20938
8711 14075
8711 14570
8711 58028
8711 28091
66414 60996
66414 14570
60996 14075
60996 14570
60996 31696
60996 28091
118279 31836
31836 80375
31836 184735
31836 14570
31836 31696
31836 66597
80375 75846
80375 75842
80375 14602
75846 75842
75846 14602
75846 66597
75842 184735
184735 21065
184735 14602
21065 20938
20938 60430
20938 14075
60430 280082
60430 14075
280082 60527
60527 371545
60527 106811
371545 106811
106811 16518
16518 118816
118816 14075
14075 286793
14075 14570
14075 34906
14075 31696
14075 31839
14075 144529
14075 37510
14075 128108
14075 58028
14075 28091
286793 14570
14570 60033
14570 14602
14570 28091
60033 60155
60155 34906
60155 14602
34906 31797
31797 31696
31696 125400
31696 31839
31696 144529
31696 26195
125400 31839
125400 37510
31839 144529
144529 37510
37510 72751
72751 14602
14602 66597
66597 26195
26195 102354
102354 36065
36065 387873
387873 82333
82333 128108
128108 58028
58028 124098
58028 104376
124098 104376
104376 104370
104370 28091
28091 53318
