356730 7698
7698 351511
351511 677
351511 3549
677 7742
677 14514
677 13106
677 137953
677 10895
677 167303
677 47692
677 19219
677 32675
677 18490
677 13889
677 157521
677 259784
677 3549
677 370499
677 2350
677 103556
677 401916
677 170635
677 161833
7742 14514
7742 13106
7742 3549
14514 13106
14514 13119
14514 24961
13106 137953
13106 13119
13106 1503
137953 19255
137953 1503
137953 3549
19255 10895
19255 19219
19255 8396
19255 1503
10895 167303
10895 10906
10895 19219
10895 18490
10895 13889
10895 1503
167303 10906
167303 3549
10906 47274
10906 16092
10906 13889
10906 1503
10906 3549
47274 47692
47692 13119
47692 3549
13119 9305
9305 71150
9305 18490
71150 531
531 931
931 5
931 8396
931 1503
5 19219
5 461
19219 8396
19219 461
19219 1503
19219 3549
8396 461
8396 18490
461 38361
461 1503
461 11677
38361 275341
38361 1503
275341 24961
24961 89111
89111 32675
32675 16092
32675 1503
16092 18490
18490 13889
13889 157521
13889 3549
157521 1503
1503 199244
1503 370499
1503 2350
1503 11677
1503 83282
1503 170635
199244 259784
259784 3549
3549 370499
3549 2350
3549 170635
370499 2350
2350 103556
103556 11903
103556 11677
11903 41511
11903 50026
41511 11677
11677 401916
401916 83282
83282 170635
170635 50026
50026 308772
308772 161833
161833 2266
2266 249328
