274287 3549
3549 236042
3549 255012
3549 3419
3549 110102
3549 9798
236042 7932
7932 382180
7932 253374
7932 3419
7932 5963
382180 3146
3146 103166
3146 3298
3146 25973
103166 310
103166 3298
103166 19
310 100131
100131 55639
100131 89001
100131 29057
100131 106951
55639 89001
89001 106761
106761 157136
157136 29057
157136 68278
29057 204363
29057 122095
204363 122095
122095 436620
122095 68278
122095 36556
436620 68278
68278 265984
68278 149210
68278 293193
68278 106951
68278 284073
265984 149210
149210 293193
293193 106951
106951 284073
106951 36556
284073 36556
36556 302176
36556 88847
302176 88847
88847 3298
3298 255012
3298 230738
3298 207762
255012 857
857 25973
857 510
857 207762
857 27
25973 510
25973 3419
25973 19
25973 27
510 253374
510 19
510 27
253374 3419
3419 83096
3419 5963
3419 110102
3419 213090
3419 9798
83096 5963
5963 22999
5963 27
22999 104222
104222 64599
64599 83678
83678 110102
110102 19
19 230738
19 27
230738 3979
3979 207762
207762 4446
4446 288144
288144 5307
5307 27
27 213090
213090 9798
