375788 368042
375788 441936
441936 68430
68430 175672
175672 6148
175672 1062
6148 326727
326727 1062
1062 185313
1062 416385
1062 9138
1062 2249
1062 310727
1062 43705
1062 45229
1062 42904
1062 119867
1062 4141
185313 7956
185313 12759
7956 416385
7956 12759
416385 12759
12759 290080
12759 8420
12759 137836
8420 9138
8420 8421
8420 2278
9138 2249
9138 8421
9138 2278
9138 5200
2249 261837
2249 27848
2249 2278
2249 267790
2249 5200
261837 27848
261837 8421
27848 311627
27848 267790
311627 8421
8421 257618
8421 2278
257618 2278
2278 267790
2278 5200
267790 5200
5200 310727
5200 43705
310727 43705
43705 74099
74099 45229
45229 67351
45229 5393
67351 42904
67351 12897
67351 11379
42904 11379
42904 689
12897 25259
12897 11379
25259 11378
25259 11379
11378 108595
11378 11379
108595 29191
108595 11379
108595 689
29191 28981
28981 5393
28981 689
5393 137836
137836 11379
11379 191130
191130 107989
107989 16097
16097 227469
227469 13303
13303 191247
191247 689
689 119867
119867 4141
4141 214749
214749 5957
