176945 10924
10924 166965
10924 11668
10924 10922
166965 23410
23410 156847
156847 11668
11668 98964
11668 32663
11668 10726
98964 29546
98964 13556
98964 10907
98964 10726
29546 36300
36300 13556
36300 2662
13556 32663
13556 11211
32663 26120
32663 10726
26120 7052
26120 2662
7052 12119
7052 2662
12119 10907
12119 2662
10907 36314
10907 10726
10907 55436
36314 10922
10922 169123
169123 10726
10726 11211
11211 55436
55436 2662
2662 41285
2662 142114
41285 383
383 52667
383 142114
383 195335
383 3443
383 40692
383 12493
52667 174739
174739 100297
100297 704
704 74851
74851 19623
19623 7427
7427 142114
195335 3443
195335 12281
195335 12493
3443 433857
3443 118839
3443 24036
3443 228266
433857 12425
433857 12493
12425 146967
12425 24036
146967 12281
12281 391477
12281 40692
12281 118839
12281 21605
12281 27632
12281 207337
391477 60456
60456 40692
60456 118839
60456 12493
40692 118839
40692 24036
40692 12493
118839 24036
118839 21605
24036 21605
21605 90865
21605 27632
21605 207337
90865 27632
27632 207337
207337 12493
12493 228266
228266 47827
