53186 26188
26188 39113
26188 52492
26188 6948
39113 56748
56748 292
56748 6929
56748 6948
292 338342
292 135695
292 297381
292 6929
292 312446
338342 35306
35306 37561
35306 35315
35306 31955
35306 6929
35306 6948
37561 380031
37561 368315
37561 34306
37561 31955
37561 286071
380031 35315
380031 60529
380031 34306
380031 31955
380031 6929
35315 255713
35315 386056
35315 170779
255713 34268
255713 6948
34268 386056
34268 60529
34268 34306
34268 170779
34268 31955
34268 40558
386056 46273
386056 6948
46273 368315
368315 60529
368315 34306
368315 6948
60529 378173
60529 34306
60529 396237
60529 40558
378173 34306
34306 396237
34306 31955
34306 286071
34306 40558
34306 344453
396237 97214
396237 16783
396237 6948
97214 34965
97214 16783
97214 290942
34965 63131
34965 170779
63131 170779
63131 40558
170779 31955
170779 16783
170779 6948
31955 135695
31955 312446
135695 16783
16783 45464
16783 297381
16783 57425
16783 128743
16783 106510
16783 83146
16783 33355
16783 290942
16783 119196
16783 275005
45464 297381
45464 6948
297381 21057
21057 57425
57425 6929
6929 121338
6929 119196
121338 128743
121338 6948
128743 106510
128743 73337
128743 6948
106510 286071
106510 290942
106510 6948
286071 40558
40558 312446
312446 52492
312446 6948
52492 78671
78671 83146
83146 138079
83146 6948
138079 33355
33355 53435
33355 290942
33355 6948
53435 51686
51686 290942
51686 119196
290942 119196
290942 73337
290942 6948
119196 73337
119196 6948
73337 344453
344453 6948
6948 275005
