129512 62047
62047 240514
240514 7105
240514 6
7105 24357
7105 6
7105 94273
24357 208782
24357 10442
208782 10442
10442 60238
60238 4055
4055 85206
4055 52301
4055 25765
4055 12899
4055 39668
4055 52193
4055 52297
4055 94867
4055 4061
4055 11434
4055 124787
4055 9107
4055 28974
4055 9100
4055 9923
85206 15210
15210 52301
15210 132867
15210 22465
52301 4929
52301 25765
52301 39668
52301 52297
52301 4061
52301 124787
52301 9100
4929 25765
4929 39668
4929 52297
4929 94867
4929 4061
4929 11434
4929 124787
4929 9107
4929 29005
4929 9100
4929 9923
25765 12899
25765 39668
25765 133130
25765 9107
25765 9100
12899 39668
12899 4061
12899 9107
12899 28974
12899 29005
12899 9100
12899 28993
12899 9923
12899 6
12899 26
39668 52193
39668 4061
39668 9100
52193 52297
52193 124787
52193 9100
52297 94867
52297 9100
52297 13916
94867 4061
94867 29005
94867 9100
4061 385132
4061 11434
4061 124787
4061 29005
4061 9100
385132 11434
11434 124787
11434 9923
124787 133130
124787 9100
133130 9107
133130 9100
9107 28974
9107 9100
9107 28993
9107 9923
28974 29005
29005 9100
29005 6
9100 28993
9100 9923
9100 6
28993 9923
9923 2041
2041 17261
17261 75581
17261 6
17261 63
75581 13916
13916 383495
13916 141125
13916 22465
383495 6
6 126165
6 28770
6 5918
6 26
126165 141125
141125 94273
141125 11888
94273 28770
28770 11888
11888 132867
132867 22465
22465 83805
83805 128183
128183 72666
72666 1960
1960 5918
1960 26
5918 26
26 63
