430661 11692
430661 677
11692 100303
11692 77937
11692 74776
11692 677
11692 1478
100303 77937
100303 74776
100303 677
100303 1478
77937 246359
77937 74776
77937 677
77937 1478
77937 3393
246359 74776
246359 1478
246359 322
74776 88491
74776 677
88491 2138
88491 2353
88491 677
88491 9110
88491 3393
88491 6749
88491 23197
88491 979
88491 12748
88491 3802
2138 154434
2138 59098
2138 677
2138 12093
2138 1478
2138 175705
2138 3393
2138 19087
2138 6749
2138 131827
2138 2153
2138 211141
2138 219866
2138 12748
154434 44817
44817 233913
44817 3393
44817 6749
44817 12748
233913 95683
233913 677
233913 9110
95683 51478
95683 1478
51478 22722
22722 29477
22722 322
22722 979
29477 59098
29477 677
29477 3393
29477 6749
29477 2153
29477 979
29477 12748
59098 39493
59098 677
59098 3393
59098 6749
59098 23197
59098 2153
59098 322
59098 12748
39493 184982
39493 677
39493 2153
184982 2353
184982 677
184982 979
2353 295979
2353 12093
2353 6749
2353 131827
2353 219866
2353 182343
295979 677
677 12093
677 1478
677 175705
677 3393
677 19087
677 6749
677 211141
677 12748
12093 1478
12093 3393
12093 12748
1478 175705
1478 3393
175705 9110
175705 3393
175705 3802
9110 323535
323535 3393
323535 2153
3393 19087
3393 6749
3393 12748
3393 98701
19087 6749
19087 12748
19087 3802
6749 23197
6749 12748
23197 131827
23197 12748
131827 2153
2153 67133
2153 322
2153 211141
2153 98701
67133 18584
18584 163185
18584 9508
163185 9508
9508 50798
50798 322
322 211141
211141 979
979 219866
979 12748
979 98701
219866 12748
219866 3802
12748 98701
12748 3802
98701 155012
98701 3802
3802 182343
182343 6720
6720 9467
9467 126798
126798 366
