223366 216
216 389667
216 180260
216 4836
389667 166707
166707 219652
219652 62027
219652 67219
62027 75921
62027 71665
75921 81280
81280 180260
180260 1062
1062 88276
1062 29799
1062 257081
1062 704
1062 3972
1062 102947
1062 95757
88276 29799
29799 491
29799 704
491 111770
111770 1426
1426 215327
1426 50960
1426 409
1426 29407
1426 3323
215327 67219
67219 257081
67219 141327
257081 141327
141327 38071
38071 130718
38071 50157
130718 50960
130718 50157
50960 41520
50960 3297
41520 107144
107144 704
704 17632
17632 11076
11076 4318
4318 5704
5704 3972
5704 409
3972 71665
71665 29415
29415 409
409 381260
409 2567
381260 2567
2567 11072
11072 102947
102947 95757
95757 3297
3297 39305
3297 50157
3297 37663
3297 14480
39305 94086
39305 3323
94086 4836
94086 3323
4836 50157
4836 29407
4836 14480
50157 51852
51852 29407
29407 3323
3323 37663
37663 65933
65933 14480
14480 163661
