296409 339836
339836 42927
42927 138111
42927 41931
138111 43677
138111 206
43677 41931
41931 2662
2662 55434
2662 10290
2662 8312
2662 12906
2662 15362
2662 1503
2662 66893
2662 69199
55434 9977
9977 10290
9977 8312
9977 3298
10290 8312
8312 12906
8312 10016
8312 1503
12906 27544
12906 10016
12906 206
27544 10016
27544 206
10016 3298
10016 43
10016 1503
3298 351307
351307 19
19 15362
19 330
19 43
19 1503
15362 330
15362 220
15362 43
15362 1503
15362 206
330 225727
330 7453
330 262366
330 220
330 45400
330 73428
7453 37150
37150 3389
3389 262366
262366 220
220 45400
45400 43
45400 206
43 399814
399814 93140
399814 1503
93140 146597
146597 11571
11571 7017
7017 18601
18601 1503
1503 73428
1503 66893
1503 69199
1503 54214
73428 206
206 66893
206 69199
206 54214
66893 98975
66893 69199
66893 304446
66893 312291
98975 69199
98975 54214
69199 160493
69199 176866
69199 281081
69199 54214
160493 176866
176866 281081
281081 321712
281081 54214
321712 54214
54214 332973
54214 312291
54214 73034
54214 109648
332973 304446
332973 334587
304446 334587
334587 312291
312291 73034
73034 109648
