144963 12021
144963 301
12021 392795
12021 816
392795 301
301 228977
301 82706
301 42
301 16607
301 181104
301 816
301 16690
301 201361
301 492
301 4345
301 15164
301 6237
228977 9656
9656 82706
82706 26086
82706 816
26086 138182
138182 49122
138182 5226
138182 474
49122 115038
49122 5226
49122 1988
49122 492
115038 5226
115038 1988
115038 3549
115038 4345
5226 17340
5226 1988
5226 3549
5226 249635
5226 492
5226 13235
5226 4345
5226 57699
17340 1988
1988 313173
1988 1405
1988 16607
1988 816
1988 20013
1988 80068
1988 201361
1988 689
1988 3549
1988 8005
1988 249635
1988 492
1988 13235
1988 4345
1988 57699
313173 8018
313173 3549
8018 603
603 32787
603 3549
32787 1405
1405 24813
24813 42
42 16607
16607 131978
16607 9481
131978 9481
131978 979
9481 92576
92576 20775
20775 181104
181104 816
816 244455
816 15164
816 474
244455 979
979 177079
979 433413
177079 16690
177079 689
177079 3549
16690 20013
16690 201361
16690 689
20013 80068
80068 201361
80068 689
201361 689
201361 3549
689 433413
689 3549
689 8005
433413 3549
3549 305784
3549 8005
3549 15164
305784 8005
8005 249635
492 13235
492 4345
492 57699
492 15164
492 6237
13235 4345
13235 6237
4345 57699
4345 15164
4345 6237
57699 15164
15164 6237
6237 474
474 75856
75856 33469
