9225 855
9225 3177
855 345888
345888 92154
92154 317336
92154 427047
427047 12708
12708 80081
80081 513
513 983
513 327
983 74722
74722 3177
74722 248
74722 268
74722 236
74722 16313
3177 122279
3177 2804
3177 75384
122279 268
122279 16313
2804 75384
2804 248
75384 248
248 271755
248 268
248 236
248 274
248 291734
271755 268
271755 274
268 294223
268 236
268 274
268 291734
268 16313
294223 236
236 292101
236 296430
236 274
236 291734
292101 296430
292101 107334
292101 274
296430 107334
296430 274
107334 367200
107334 274
367200 274
274 171098
274 291734
274 16313
171098 40225
40225 291734
291734 16313
16313 276186
276186 57059
57059 334352
334352 431
431 114726
431 327
114726 2940
2940 214992
214992 327
214992 677
214992 3549
327 11344
327 868
11344 72
72 9390
9390 4026
4026 84387
4026 3549
84387 44627
84387 677
44627 677
677 286305
677 3549
286305 78654
286305 3549
78654 181424
181424 3549
3549 15642
15642 868
