135446 2639
2639 89358
89358 515
89358 965
515 197500
515 503
515 3368
515 1503
515 44659
515 211
515 40698
197500 503
197500 330
197500 965
197500 1503
503 214058
503 330
503 965
503 16294
503 1503
503 9110
503 44659
503 211
503 252911
214058 330
214058 965
214058 1503
214058 206
330 6212
330 3368
330 8473
330 70272
330 1884
330 9110
330 211
330 252911
330 56946
6212 5943
6212 857
6212 211
6212 206
5943 1059
1059 18915
18915 44292
18915 857
18915 211
18915 206
44292 53538
44292 857
53538 965
53538 857
965 387498
965 16294
965 171657
965 8473
965 44659
965 211
965 40698
965 86866
965 83
387498 16294
16294 171657
16294 857
16294 1503
16294 206
171657 857
171657 1503
857 3368
857 44659
857 129156
3368 221073
3368 1503
3368 206
221073 1503
1503 66664
1503 70272
1503 338854
1503 1884
1503 40698
1503 129156
1503 218399
1503 285597
1503 83
1503 293832
1503 14577
66664 42072
42072 8473
42072 206
8473 70272
8473 1884
338854 1884
1884 370665
1884 211
1884 206
370665 9110
9110 44659
9110 211
9110 206
44659 211
211 252911
252911 67165
67165 56946
56946 40698
56946 83
40698 86866
86866 32318
86866 206
32318 129156
129156 206
206 218399
206 83
206 14577
285597 83
83 293832
293832 6961
6961 34874
34874 33450
33450 64921
64921 14577
14577 280865
