204168 3283
204168 33827
3283 15739
15739 71048
71048 46348
46348 5193
5193 43074
5193 187839
5193 519
43074 2989
43074 6
2989 66199
2989 6
66199 5571
5571 50771
5571 6
50771 9569
50771 6
9569 173556
9569 6
173556 24961
24961 160254
24961 4646
160254 4646
4646 17333
17333 33827
33827 187839
187839 519
519 116505
519 6948
519 402621
116505 76003
116505 6948
76003 229476
76003 39369
39369 46621
39369 107401
39369 6948
46621 107401
107401 86978
86978 301822
86978 59271
301822 63898
63898 182518
63898 6948
182518 59271
59271 9466
9466 156974
156974 6969
6969 375659
6969 117700
375659 6948
6948 276056
6948 276057
6948 117700
6948 6
276056 276057
276056 59127
276057 59127
59127 110352
110352 7531
110352 9008
7531 38547
7531 156423
38547 8811
38547 6
8811 34196
8811 14369
34196 14369
14369 156423
156423 117700
156423 9008
117700 9008
9008 402621
402621 6
