337545 62903
337545 2347
62903 315149
62903 340661
62903 16452
315149 82643
315149 40774
82643 40774
40774 340661
340661 117712
340661 15
117712 255135
255135 60209
255135 16452
60209 227705
60209 211214
60209 322217
227705 465
227705 323
465 147491
465 382822
465 211214
465 93171
465 40967
465 270831
147491 74837
74837 21731
74837 7932
74837 689
74837 2161
74837 15
21731 382822
21731 7932
21731 689
21731 2161
21731 93171
382822 7932
382822 689
382822 2161
382822 323
7932 439889
7932 2161
7932 212012
7932 93171
439889 689
439889 2161
439889 15
689 131568
689 2161
689 7921
689 323
689 3323
689 93171
131568 2161
2161 55447
55447 7921
7921 212012
7921 323
7921 2347
212012 323
212012 2347
323 423264
323 26481
323 132936
323 3323
323 32247
323 93171
323 40967
323 270831
423264 15
15 257307
15 304140
15 322217
15 312762
15 70276
15 93171
15 40967
15 270831
257307 191717
191717 27182
191717 16452
27182 150858
150858 304140
304140 35567
304140 16452
35567 301127
301127 2347
2347 211214
2347 70276
322217 16452
16452 312762
312762 166202
166202 26481
26481 132936
26481 32247
26481 70276
132936 3327
3327 3323
3323 51848
3323 93171
51848 32247
32247 70276
32247 40967
70276 10815
10815 93171
10815 40967
93171 40967
40967 270831
