293043 335
335 264449
335 1062
335 17630
335 4718
335 994
335 1298
335 2153
335 256155
264449 1062
1062 106647
1062 4718
1062 994
1062 1298
1062 223596
1062 256155
106647 10309
106647 2153
10309 13895
10309 2690
13895 12272
13895 2543
13895 994
12272 246367
12272 207006
207006 42064
42064 2543
2543 2152
2152 163
2152 994
163 17630
163 4718
163 994
17630 43463
43463 26279
26279 7283
7283 4718
4718 994
4718 679
994 134739
994 679
134739 33392
33392 74533
74533 39398
39398 46282
39398 1298
46282 132650
132650 182034
132650 1298
182034 1298
1298 436540
436540 12748
12748 275285
12748 267662
12748 48768
12748 71162
12748 8005
12748 392321
12748 223596
12748 146314
12748 149691
275285 112333
275285 48768
112333 267662
112333 48768
112333 8005
48768 225310
225310 71162
225310 2179
71162 216865
216865 8005
8005 392321
8005 2153
8005 2179
8005 679
392321 2153
392321 2179
392321 679
2153 164976
2153 2179
2153 679
2153 256155
2153 149691
164976 2179
2179 223596
2179 146314
2179 679
223596 146314
146314 679
679 256155
256155 39562
39562 187554
187554 2690
2690 149691
