62417 431668
431668 36156
431668 1274
431668 138
36156 390926
36156 1274
36156 138
390926 56316
56316 57778
57778 43530
43530 20026
20026 3508
3508 183488
3508 25045
3508 673
3508 3506
25045 673
673 3495
673 1274
3495 146569
146569 3506
3506 50020
50020 347992
347992 11894
347992 1274
347992 138
11894 27478
11894 1274
11894 70246
11894 138
27478 1274
27478 138
1274 340494
1274 239403
1274 79133
1274 70246
1274 138
239403 59397
239403 138
59397 98617
98617 15554
98617 138
15554 165327
165327 79133
79133 29407
79133 138
29407 70246
70246 210635
70246 138
210635 13418
13418 86468
86468 223567
223567 138
138 389126
389126 396866
396866 21020
21020 36070
36070 156997
156997 203289
203289 159304
159304 44010
44010 99084
99084 193930
99084 65284
99084 176096
193930 58173
58173 65284
65284 49152
65284 83220
49152 21073
21073 176096
176096 83220
