446101 90869
446101 12251
90869 367622
367622 60450
367622 12251
60450 27639
60450 27635
27639 19898
27639 27635
27639 12251
27639 26612
27639 20359
27639 12440
27639 46193
19898 111340
19898 12195
111340 27068
111340 20359
111340 12440
27068 172384
27068 24084
27068 40637
27068 40651
172384 24084
172384 20359
24084 40694
24084 40637
24084 27635
24084 12440
40694 92722
92722 40637
92722 109550
40637 197154
40637 27635
40637 12251
40637 12440
197154 27635
27635 20502
27635 112715
27635 21689
20502 12251
20502 847
12251 40651
12251 112715
12251 12195
40651 228678
40651 12440
40651 46193
228678 26612
26612 112715
112715 12195
12195 847
847 276208
847 237100
276208 806
276208 223
806 383932
806 443774
806 1080
443774 223
223 14156
223 98891
14156 99898
99898 98891
98891 1080
1080 10121
10121 7460
7460 140503
140503 124739
124739 93133
93133 21323
21323 81970
81970 95647
95647 19118
19118 237100
237100 109550
109550 21689
109550 12440
21689 275497
21689 20359
275497 20359
275497 12440
20359 324886
20359 314962
324886 12440
12440 314962
314962 46193
