391211 5245
391211 308
5245 41854
5245 3976
5245 75907
5245 2156
5245 321949
41854 13020
13020 103517
103517 9972
103517 308
103517 2156
9972 229780
9972 13894
229780 86585
86585 4427
86585 327
4427 408199
408199 140641
140641 225767
225767 308
308 128841
308 164278
308 3976
308 83031
128841 327
327 85684
327 515
327 131583
327 82071
327 64941
327 30595
327 55310
85684 7270
7270 164278
164278 79342
79342 26815
79342 515
26815 52379
52379 515
515 131583
515 83031
131583 3976
3976 83031
83031 82071
82071 75907
75907 88100
75907 2156
75907 13894
88100 36611
88100 64941
36611 53126
36611 2156
36611 13894
53126 64941
53126 13894
64941 30595
64941 13894
30595 2156
2156 102699
2156 321949
102699 13894
13894 275713
13894 151499
275713 151499
275713 57142
151499 350597
151499 57142
350597 274078
274078 57142
57142 381300
381300 31534
31534 55310
55310 87501
87501 87506
87506 25012
25012 321949
321949 6929
6929 117114
117114 9048
