384242 1
1 327561
1 449307
1 158295
1 2357
1 12311
158295 138492
138492 2357
2357 107429
107429 2399
2399 60550
60550 16796
16796 51437
51437 5098
51437 94
5098 1315
5098 138
5098 220
1315 418731
418731 138
138 292237
138 75430
292237 220
220 180224
180224 983
983 262082
262082 55845
55845 1253
1253 54511
54511 60657
60657 15706
15706 94
94 133220
133220 23708
133220 12311
23708 305498
305498 12311
12311 265820
12311 27624
12311 100901
12311 60466
12311 195345
12311 75430
265820 415757
265820 119454
119454 27624
27624 100901
100901 12510
12510 60466
12510 195345
12510 235383
60466 21656
21656 166895
21656 135501
21656 195345
21656 75638
21656 87354
21656 75430
21656 96712
166895 135501
166895 275191
166895 87355
275191 195345
195345 87355
195345 87354
87355 75638
75638 87354
87354 75430
75430 96712
75430 75437
96712 75437
75437 235383
