68163 68102
68163 66879
68163 20751
68163 65378
68163 54207
68163 68853
68163 48624
68163 1267
68102 225448
225448 66879
225448 65378
225448 15
66879 107102
66879 20751
107102 20751
20751 154827
20751 65378
20751 54207
20751 68853
20751 66886
154827 65378
154827 54207
65378 156660
65378 66886
156660 54207
54207 298371
54207 66886
54207 69287
298371 68853
68853 73496
73496 70963
70963 66886
66886 48624
48624 69287
69287 1988
1988 55694
1988 37826
1988 13345
1988 553
1988 13141
1988 218141
1988 15
1988 319517
1988 7639
1988 78204
1988 88219
1988 214
55694 16772
55694 15
16772 37826
16772 18076
37826 15994
37826 11180
37826 553
37826 15
15994 13345
15994 10679
13345 10668
10668 8126
8126 11180
8126 10679
11180 19290
19290 189305
19290 10679
10679 553
553 13141
553 7639
553 214
13141 218141
218141 15
15 319517
15 7639
15 78204
15 122756
15 251068
15 5022
319517 7639
7639 78204
7639 214
7639 1267
78204 22926
22926 122756
122756 18076
18076 88219
88219 214
214 438836
214 1267
214 251068
438836 1267
1267 75858
1267 251068
75858 280
280 94686
94686 251068
251068 5022
5022 81108
81108 25810
