417234 95924
417234 256872
417234 110210
95924 436593
95924 95921
95924 320597
95924 79653
436593 95921
95921 320597
95921 242891
320597 256872
320597 110210
256872 263733
256872 208498
263733 124861
263733 88572
124861 179509
124861 179553
124861 234286
124861 205
124861 121238
179509 179553
179509 208498
179553 291073
179553 291052
179553 234286
291073 317215
291073 291052
317215 208498
317215 88572
317215 121238
208498 291052
291052 234286
234286 365943
365943 204037
204037 344911
344911 240841
240841 176398
176398 79653
79653 417448
79653 88572
79653 242891
417448 428126
417448 110210
417448 67792
428126 110210
110210 365308
110210 280911
365308 88572
88572 428632
428632 67792
67792 242891
242891 242893
242891 6
242891 121238
242893 205
242893 121238
205 140386
205 192833
205 41976
140386 6
6 192833
6 280911
192833 190
192833 206
190 309873
309873 121238
121238 280911
280911 206
206 128021
206 33409
206 312090
206 41976
206 37074
206 37035
128021 35481
35481 33409
35481 312090
35481 30740
35481 37074
33409 312090
312090 30981
30981 41976
41976 195020
41976 37035
195020 69507
69507 30740
69507 37074
69507 37035
30740 37074
37074 37035
