381245 55330
55330 80708
55330 226548
80708 383
80708 396
80708 31248
383 390738
383 430077
383 41886
383 243768
383 99106
383 56756
383 59951
383 31480
383 48501
390738 396
396 186978
396 243768
396 56756
396 8820
186978 3205
3205 430077
3205 357
430077 357
357 119705
119705 119703
119703 99313
99313 41886
99313 50361
41886 31248
31248 226548
31248 31271
31248 39377
31248 243768
31248 6928
226548 31271
31271 39377
39377 243768
243768 6928
6928 73847
6928 8780
73847 34971
34971 99106
99106 14591
99106 26352
99106 39172
99106 50361
14591 290820
290820 26352
26352 135048
26352 55946
26352 59951
26352 8785
135048 63750
63750 39172
39172 55946
55946 56756
56756 59951
59951 31480
59951 50361
31480 48501
31480 50361
48501 73186
73186 50361
50361 114892
114892 8784
114892 19995
114892 8604
114892 19999
8784 8820
8784 8780
8784 8785
8784 9078
8784 8604
8820 8780
8820 8604
8780 8785
8780 19995
8780 19999
8785 9078
8785 19995
8785 8604
9078 361065
9078 8604
361065 19995
361065 8604
19995 406149
19995 371596
19995 81490
406149 8604
8604 392854
8604 19999
8604 371596
8604 81490
392854 19999
19999 371596
