427264 26164
26164 27308
26164 13768
26164 40620
27308 50329
27308 13768
50329 101308
101308 4365
101308 465
4365 148860
4365 10125
4365 18678
4365 16005
4365 8294
4365 8396
4365 50620
4365 13768
148860 94256
94256 10125
10125 14467
10125 8294
14467 18678
18678 59085
18678 465
18678 8294
59085 59790
59790 23119
23119 280
280 4949
280 142567
280 1274
4949 142567
142567 465
465 294152
465 158681
465 89401
465 95696
158681 89401
89401 37386
37386 103760
37386 8294
103760 16005
16005 306330
16005 8396
16005 50620
306330 13928
13928 211327
13928 274970
13928 6872
211327 67200
67200 274970
274970 6872
6872 137046
137046 318757
318757 8294
8294 95696
8294 50620
8294 48305
95696 8396
8396 50620
50620 13768
50620 7411
13768 48305
13768 7411
48305 339984
48305 7411
339984 1274
1274 238236
238236 7411
7411 40620
40620 46818
40620 12259
46818 29832
46818 12357
29832 12357
12357 12259
12357 12389
12259 429437
429437 12389
12389 412537
