264173 89925
89925 345396
89925 197114
345396 171180
171180 415012
171180 234286
171180 293421
415012 287852
287852 234286
287852 153890
234286 293421
234286 153890
293421 153890
153890 274854
274854 204035
204035 296093
204035 237148
296093 299336
296093 271842
299336 271842
299336 271859
299336 352392
271842 271859
271859 352392
271859 254449
352392 254449
254449 349729
349729 254452
254452 376278
254452 237148
376278 286482
286482 237148
237148 277632
277632 284888
284888 120070
120070 6331
120070 213
6331 197114
6331 51285
6331 762
6331 213
197114 2697
197114 762
197114 213
2697 51285
51285 11956
51285 762
51285 213
11956 182641
182641 762
182641 213
762 75082
75082 2999
75082 875
2999 390619
2999 875
390619 875
875 339313
339313 41517
41517 75554
75554 4014
4014 52293
52293 136911
136911 213
213 67353
67353 77897
77897 400791
400791 21296
21296 71412
71412 142503
142503 126691
