103430 3393
103430 519
103430 13808
3393 401952
3393 189187
3393 35154
3393 49992
3393 5762
401952 31213
31213 135746
31213 340937
31213 354200
31213 30244
31213 49182
135746 979
979 50954
979 189187
979 123073
979 35154
979 49992
979 5762
50954 286121
286121 519
519 189187
519 39219
519 62531
519 13808
519 2188
519 220
519 90055
519 49992
189187 39219
189187 220
189187 330
39219 62531
62531 62534
62534 322394
322394 374798
374798 340937
374798 49182
340937 54796
340937 49182
54796 332543
54796 333516
54796 49182
332543 34268
332543 49182
34268 339564
34268 399446
34268 30244
34268 333516
34268 49182
34268 340676
339564 14564
14564 354200
354200 301717
301717 85766
85766 399446
399446 30244
30244 333516
333516 49182
49182 340676
340676 23587
23587 123073
123073 13808
13808 35154
35154 161684
35154 2188
35154 5762
161684 2188
161684 220
2188 51921
2188 220
2188 330
2188 90055
51921 22463
51921 330
22463 22446
22446 22468
22446 220
22468 220
220 417650
220 330
220 69260
220 90055
417650 330
330 91981
330 69260
330 4433
330 5762
91981 4430
4430 69260
4430 4433
69260 4433
4433 90055
90055 49992
49992 5762
5762 129525
