99190 31955
99190 14549
31955 202338
31955 40295
31955 14625
31955 170495
31955 34306
31955 14549
202338 40295
40295 230348
40295 34306
40295 132240
40295 14549
230348 14625
230348 14549
230348 31213
14625 170495
14625 34306
14625 14549
170495 34306
170495 14549
34306 132240
34306 14549
34306 106478
132240 57105
132240 31223
132240 7592
57105 59893
57105 30639
57105 53351
59893 252564
59893 30639
59893 14549
252564 30639
252564 53351
252564 31213
30639 77568
30639 53351
30639 49180
77568 53351
53351 31654
53351 14549
53351 31223
53351 49180
53351 31213
31654 31665
31665 53472
53472 115573
115573 102326
102326 254831
254831 132122
254831 60158
132122 60158
60158 45419
45419 14549
14549 82192
14549 31223
14549 31213
82192 31223
82192 31213
31223 365747
365747 49180
365747 31213
49180 122700
122700 99063
99063 39183
39183 88485
39183 61331
61331 359373
359373 106478
106478 31213
31213 35113
35113 1005
1005 351644
351644 107261
351644 75213
351644 8605
351644 9014
107261 75213
75213 110359
75213 8605
75213 9014
110359 8605
110359 9014
8605 117025
117025 9014
9014 299730
299730 19947
19947 306537
306537 7592
