233696 759
759 240514
759 155807
759 135949
759 66573
759 88003
759 113190
759 254761
759 138711
759 1292
240514 155807
155807 6362
6362 135949
135949 287
287 66573
66573 1961
1961 85156
85156 14731
85156 1468
85156 1292
14731 88003
14731 4994
14731 99901
14731 183332
14731 90641
14731 249844
14731 1468
14731 109020
14731 5516
88003 37727
88003 1468
88003 5516
37727 13610
37727 1468
13610 4994
13610 5516
4994 151486
4994 1468
151486 99901
151486 5516
99901 183330
99901 90641
183330 183335
183335 183332
183332 214544
183332 90641
214544 90641
90641 249844
90641 1468
90641 5516
249844 1468
1468 94516
94516 109020
109020 135350
135350 5516
5516 271218
5516 342820
271218 42666
42666 342820
342820 11109
11109 43100
43100 376
376 39873
39873 113190
39873 254761
113190 267022
267022 160687
267022 254761
160687 28627
28627 254761
254761 216802
254761 11558
216802 11558
11558 28721
28721 180131
180131 138711
138711 36992
36992 152961
152961 1292
1292 143811
143811 5986
