298424 7937
7937 79742
79742 47218
47218 15823
15823 6166
6166 344312
6166 201313
344312 201313
201313 353087
353087 148396
148396 154624
154624 158590
158590 165778
165778 162697
162697 190876
190876 70436
70436 114507
114507 12241
114507 162666
114507 27071
114507 87814
12241 134988
12241 162666
12241 169078
12241 87814
12241 67026
12241 162662
134988 162666
134988 67026
162666 27071
162666 87814
162666 67026
27071 169078
27071 67026
27071 40613
169078 96514
96514 87814
87814 67026
67026 127527
67026 46206
127527 46206
46206 40613
40613 162662
162662 192214
192214 50361
50361 275714
50361 351189
50361 72780
275714 14577
14577 121132
14577 14075
14577 116813
14577 36233
121132 31949
31949 190698
31949 40267
31949 112481
190698 40267
40267 351189
351189 14075
14075 106767
106767 60561
60561 112481
112481 72780
72780 98671
98671 105131
105131 18451
18451 5022
5022 116813
116813 64150
64150 36233
