193006 168932
193006 1880
168932 86306
168932 16865
86306 257086
86306 23376
257086 16865
16865 66047
66047 23376
23376 133556
133556 11868
11868 32944
32944 17265
32944 987
32944 1459
17265 1056
1056 987
1056 1880
987 422
987 11652
987 11657
987 1051
987 1459
422 7296
422 1459
7296 27663
27663 261042
261042 7782
7782 11652
11652 79567
79567 11657
11657 17704
11657 80
17704 92454
92454 4193
4193 36292
36292 44751
44751 38976
44751 1051
38976 1476
1476 1051
1051 268120
268120 1880
268120 80
1880 437768
1880 80
1880 1459
437768 80
80 259285
80 309818
259285 1459
1459 35475
35475 181516
35475 27180
35475 6968
181516 178331
181516 6968
178331 232877
232877 27180
232877 6968
27180 309818
309818 6968
6968 57870
57870 156759
156759 75388
75388 8261
8261 42059
42059 8481
8481 78389
78389 3336
