448731 67774
67774 401742
401742 357
357 454441
357 6
454441 171
171 17046
171 122174
171 4668
17046 122174
17046 6
122174 13638
13638 131505
131505 37734
131505 6
37734 6
6 34167
6 701
6 2989
6 4668
6 105820
6 1298
34167 4372
4372 152442
152442 105357
152442 382695
105357 382695
105357 2183
382695 2183
2183 701
701 17117
17117 17115
17115 178817
178817 3298
3298 215680
3298 93132
3298 89515
3298 142587
3298 2989
215680 93104
93104 93132
93104 89515
93104 132853
93132 89515
89515 132853
89515 13321
132853 142587
142587 13321
13321 18043
18043 2989
2989 28850
2989 4668
28850 2008
2008 4668
4668 26231
26231 105820
105820 23242
105820 1298
23242 265165
265165 1298
1298 414753
414753 16464
16464 155185
16464 114415
155185 114415
114415 50226
50226 1005
1005 69731
69731 153569
153569 182607
182607 2347
