7638 179629
7638 93165
7638 168621
7638 114421
7638 109907
179629 93165
179629 220
179629 138
179629 1852
93165 168621
93165 114421
93165 220
93165 25481
168621 114421
168621 2188
168621 138
114421 357989
114421 220
357989 220
220 443049
220 25481
220 117964
220 11326
220 2188
220 147240
220 26755
220 169030
220 420054
220 5199
220 107455
220 123311
220 12931
220 136147
220 150448
220 40775
443049 25481
25481 117964
117964 11326
117964 2188
11326 109907
11326 2188
11326 12931
109907 2188
2188 9912
9912 147240
147240 26755
26755 169030
169030 15538
15538 420054
420054 5199
420054 138
5199 408185
5199 8764
5199 266846
5199 1852
408185 4910
4910 63702
4910 33295
63702 33295
33295 107455
107455 107457
107457 279593
279593 49712
49712 114703
114703 8764
114703 138
114703 1291
8764 19968
8764 138
19968 139058
139058 123311
123311 138
138 241416
138 12931
138 266846
138 59649
138 445470
138 1291
138 7569
138 447169
138 6951
241416 12931
12931 266846
266846 59649
266846 1291
266846 1852
59649 445470
445470 1291
1291 136147
136147 1852
1852 150448
150448 40775
40775 37958
37958 62943
62943 82574
82574 7569
82574 6951
7569 447169
7569 6951
447169 6951
