157310 1426
157310 43
157310 330
1426 8318
1426 330
8318 36203
8318 352
8318 330
36203 132833
36203 330
132833 96136
96136 40231
96136 70308
96136 352
96136 330
70308 43
70308 330
43 218999
43 51840
43 88615
43 48143
43 398826
218999 15301
218999 322
15301 4730
4730 279561
279561 11572
11572 292567
292567 352
292567 330
352 415193
352 330
415193 5245
5245 140381
140381 42561
42561 322
322 27585
322 398826
322 59702
27585 251387
27585 983
983 390508
983 44402
390508 330
330 159346
159346 6014
6014 51840
6014 48143
51840 44402
51840 88615
51840 48143
44402 88615
44402 48143
88615 48143
48143 11894
11894 398826
398826 248
398826 59702
248 341663
248 16323
248 388968
248 263805
341663 59702
341663 250
341663 3235
59702 278892
59702 263326
278892 3235
263326 283876
283876 16323
16323 388968
16323 250
16323 3235
388968 250
250 256875
250 3235
250 400507
250 263805
256875 3235
3235 400507
3235 263805
263805 1764
1764 47537
1764 1361
47537 1361
