236374 34
34 39827
39827 15484
39827 335
39827 1062
15484 43815
15484 71
43815 335
43815 71
43815 1062
335 126439
335 100950
335 71
335 148622
335 94269
335 106654
335 1062
335 22630
335 145612
126439 5203
126439 138
126439 1062
126439 2055
5203 208166
5203 100950
5203 71
5203 1062
208166 100950
208166 138
208166 1062
100950 71
100950 1062
71 148622
71 49129
71 407
71 94269
71 138
71 1062
71 22630
71 2055
148622 49129
148622 407
148622 465
148622 138
148622 1062
148622 2055
49129 26398
49129 407
49129 465
26398 54912
26398 14166
26398 1062
54912 14166
14166 4367
14166 1062
4367 3002
4367 407
3002 8702
8702 3385
3385 158056
158056 16086
158056 138
158056 2055
16086 176729
176729 105336
176729 1062
105336 198638
198638 407
407 252560
407 8835
407 465
252560 8835
252560 465
8835 140848
8835 465
8835 31732
140848 465
465 94269
94269 23430
94269 138
94269 1062
94269 2055
23430 138
138 183904
138 2271
138 2238
138 61504
138 145612
138 2055
183904 2271
2271 62074
2271 77332
2271 2238
2271 1062
62074 16214
16214 77332
77332 106654
77332 1062
106654 196335
106654 1062
196335 2259
196335 1062
2259 2238
2238 1062
1062 61504
1062 22630
1062 145612
1062 2055
61504 31781
61504 2055
31781 31732
31732 34945
34945 22630
22630 145612
145612 2055
