24536 2244
2244 98929
2244 209249
2244 228076
2244 82966
98929 9328
98929 4991
98929 138
98929 206
9328 209249
209249 4991
209249 138
209249 759
209249 206
4991 228076
4991 82966
228076 177556
228076 138
177556 214358
214358 23576
23576 79615
23576 27800
79615 27800
27800 4188
4188 3637
4188 138
4188 759
4188 206
3637 44290
3637 12853
44290 7163
44290 9097
7163 9097
9097 21302
9097 12853
9097 138
9097 206
21302 83404
21302 12853
83404 19164
19164 12853
19164 206
12853 20368
20368 210402
20368 206
210402 9274
9274 455934
455934 138
455934 206
138 286862
138 28896
138 369043
138 176597
286862 759
759 82966
82966 112360
112360 219027
112360 10914
10914 83387
10914 12030
10914 33546
83387 12030
12030 33546
33546 163027
163027 206
206 28896
206 176597
176597 226403
226403 110701
226403 136773
226403 111331
110701 220315
110701 136773
110701 111331
220315 136773
136773 111331
111331 151098
151098 125456
125456 174521
174521 71040
71040 74237
