56780 6089
6089 23098
23098 12884
12884 52291
52291 28937
28937 101605
101605 58294
58294 42485
42485 84393
84393 7428
7428 271358
271358 16440
16440 202633
16440 28493
16440 65598
202633 40797
40797 70650
40797 139786
70650 139786
70650 28493
139786 28493
139786 6948
28493 233920
28493 306
233920 249003
249003 65598
65598 75892
75892 185870
75892 759
185870 35535
35535 61346
61346 145372
145372 31502
31502 59140
31502 6948
59140 33835
33835 31746
33835 59142
33835 6948
33835 759
31746 59142
31746 6935
59142 6948
6948 290554
6948 117665
6948 57996
290554 392625
392625 57452
57452 56794
56794 331734
331734 56860
56860 117665
117665 20968
20968 57996
20968 14555
57996 14555
14555 34918
34918 26043
26043 6935
6935 248502
248502 759
759 89032
89032 122320
89032 306
122320 306
