100140 484
100140 762
484 107172
484 9540
107172 29450
107172 15
107172 762
29450 17277
17277 76267
17277 15
17277 762
76267 51903
51903 9540
9540 2185
2185 344100
2185 677
2185 3549
344100 8565
344100 677
344100 3549
8565 133339
133339 3541
3541 658
3541 44804
3541 673
658 44804
44804 677
677 84917
677 12975
677 16366
677 223557
677 3549
677 8518
677 113351
84917 3158
84917 3549
3158 12432
3158 56418
12432 56418
12432 27643
12432 233817
12432 26577
12432 38361
56418 27643
56418 21537
27643 122227
27643 21537
122227 165234
165234 70930
70930 21537
21537 233817
233817 26577
26577 38361
38361 673
38361 15
38361 762
673 12975
673 67197
12975 16366
12975 3549
16366 223557
223557 3549
3549 293238
293238 12552
12552 394725
394725 15
15 196680
15 8518
15 67197
15 363448
15 11891
15 75079
15 113351
196680 8518
8518 67197
8518 762
8518 75079
67197 762
762 363448
762 11891
363448 11891
11891 94486
94486 75079
75079 91383
91383 113351
113351 426
426 9303
9303 127991
