154739 154732
154739 15427
154739 94292
154739 136854
154732 15427
154732 136854
15427 94292
15427 136854
94292 136854
136854 7782
7782 190920
7782 93482
7782 9702
7782 67802
7782 15844
7782 1062
190920 8294
8294 18678
8294 96332
8294 67802
18678 11342
18678 51364
11342 51364
51364 12713
12713 13359
13359 96332
13359 1062
96332 9276
96332 1062
9276 86197
9276 15844
9276 1062
86197 15290
15290 93482
15290 9702
93482 93481
93482 9702
93481 23910
23910 9702
23910 21979
9702 67802
9702 15844
9702 226239
67802 15844
15844 189219
15844 1062
189219 53954
53954 106226
106226 21979
21979 23208
23208 3628
3628 75111
75111 104453
104453 1062
1062 159748
1062 226239
1062 288539
1062 37494
159748 72140
159748 12021
72140 371828
371828 12021
12021 286755
286755 91485
91485 78419
78419 78422
78419 4424
78422 4424
4424 226239
226239 11369
11369 133177
133177 21296
21296 288539
21296 12775
12775 14648
14648 37494
14648 34247
37494 34247
