168611 168610
168611 41817
41817 238646
238646 308
308 310022
308 223
310022 310021
310022 4134
310022 223
4134 320994
4134 223
4134 172847
320994 223
223 46971
223 3013
223 177387
223 143358
46971 2199
2199 73620
2199 89
73620 1061
1061 149091
149091 756
756 17428
756 749
756 404688
756 1834
17428 379144
17428 749
749 404688
404688 89
89 88374
89 3013
88374 960
960 172847
960 80272
960 979
172847 172849
172849 21312
21312 93866
21312 21314
93866 21314
93866 979
21314 21334
21314 205
21334 32134
32134 111437
32134 6720
111437 6720
6720 3013
3013 5011
3013 205
5011 142971
5011 205
142971 142918
142971 143237
142918 141046
141046 183637
141046 143237
183637 143237
143237 80272
80272 979
80272 205
979 42407
979 177387
42407 7295
7295 7202
7202 205
205 177387
205 143358
205 74131
177387 143358
143358 1834
1834 74131
74131 4717
