157456 301
157456 206
301 236783
301 112620
301 86207
301 42
301 6
301 343492
301 159811
301 206
301 194827
301 972
301 191987
301 16864
236783 1806
236783 39002
1806 112620
1806 86207
1806 58630
1806 102041
1806 2619
112620 39002
39002 86207
39002 102041
86207 26078
86207 42
86207 2244
86207 6
86207 206
86207 972
26078 158436
26078 42
158436 30880
158436 220
158436 2244
158436 6
158436 4393
158436 7782
30880 44815
44815 62785
44815 7782
62785 98590
62785 2138
98590 220
220 329387
220 42648
329387 13811
13811 403954
403954 25094
403954 206
25094 439866
439866 42
42 129728
42 194827
129728 2244
2244 135013
2244 4393
2244 16864
135013 6
6 24512
6 343492
6 58628
6 191987
24512 28586
28586 343492
343492 93584
343492 206
93584 58630
93584 102041
102041 2462
2462 58628
58628 4393
58628 2619
4393 26182
4393 206
26182 101787
101787 2138
2138 159811
2138 7782
2138 972
159811 7782
159811 42648
7782 386091
7782 972
386091 206
206 194827
206 972
206 115831
206 16864
194827 972
972 191987
191987 12759
12759 174204
174204 2619
2619 115831
115831 42648
42648 5198
5198 16864
