265713 4368
4368 196806
4368 7942
196806 7942
7942 304432
304432 4134
4134 78170
4134 197671
4134 64105
78170 197671
64105 155461
64105 1906
64105 891
155461 37161
155461 6971
37161 262508
37161 6971
262508 76959
76959 53268
53268 42927
53268 6969
42927 222603
222603 6969
222603 6971
6969 279272
279272 6971
6971 59378
6971 92505
6971 55571
59378 5245
59378 383
5245 32988
32988 92505
32988 36426
32988 55571
32988 55562
32988 72948
32988 35496
32988 383
92505 36426
92505 55571
92505 55562
36426 54172
36426 72948
54172 54156
54172 35496
54156 102614
102614 55571
102614 54105
55571 55562
55571 72948
55562 72948
55562 35496
55562 383
72948 35496
35496 54105
54105 2739
54105 891
2739 43470
2739 9629
2739 25468
2739 15315
2739 15360
2739 32767
43470 9629
43470 15315
9629 25468
9629 15315
9629 15360
25468 15315
15315 15360
15360 32767
32767 3491
3491 93919
93919 1906
1906 2598
2598 82603
82603 324572
324572 891
891 409216
409216 383
383 39492
39492 75464
