132474 16090
132474 2353
132474 3419
16090 108648
16090 2353
108648 2353
108648 3549
108648 3419
2353 250657
2353 3419
2353 46806
250657 3549
3549 210280
3549 3419
3549 13839
3549 875
3549 5859
3549 46806
3549 63925
210280 159993
210280 3419
159993 3419
3419 13839
3419 159631
13839 195596
195596 335
335 129528
335 256770
335 5247
335 5079
335 2668
335 60496
335 143390
129528 875
129528 15
875 351379
875 12934
351379 45657
351379 15
45657 436153
436153 15
436153 2668
15 256770
15 5247
15 67504
15 63925
15 60496
15 143390
256770 5247
5247 67913
5247 5079
67913 67637
67637 8586
8586 32867
32867 66227
66227 67504
67504 12934
12934 5859
5859 46806
5859 6114
46806 6114
6114 63925
63925 5079
5079 179035
179035 8563
8563 2668
2668 159631
2668 198721
2668 143390
159631 7781
7781 60496
60496 61357
60496 13737
60496 13781
60496 198721
60496 113997
60496 85203
61357 13737
61357 13781
61357 198721
13737 13781
13737 198721
13737 113997
13781 198721
13781 113997
198721 113997
113997 85203
85203 408149
408149 3252
3252 287287
3252 143390
287287 176722
176722 104475
104475 143390
