168767 63550
63550 325577
63550 43446
325577 979
325577 280
979 13648
979 31140
979 25502
979 137364
979 83387
979 43446
979 156158
979 7425
979 41189
979 44618
979 73709
979 117522
979 134953
979 54963
13648 31140
31140 25502
31140 40013
31140 36665
25502 40004
25502 40013
40004 40013
40013 36665
36665 161
36665 23197
36665 280
161 137364
161 44890
161 41189
161 54963
161 105879
137364 83387
137364 23197
137364 10907
83387 43446
43446 156158
43446 10907
156158 10701
156158 16981
156158 10903
10701 44890
10701 68955
44890 20626
20626 5752
20626 41189
20626 11176
20626 10907
5752 7425
5752 16981
5752 41189
5752 68955
5752 11176
7425 200447
200447 29366
29366 16981
29366 10907
16981 41189
16981 10903
41189 68955
41189 11176
41189 322
68955 11176
68955 322
11176 44618
44618 10903
10903 73709
10903 23197
10903 10907
73709 48252
48252 117522
117522 23197
23197 134953
23197 36307
134953 10907
10907 36307
36307 36667
36667 10431
10431 54963
54963 322
54963 2670
322 230322
322 89530
322 200938
230322 280
280 105879
280 89530
105879 89530
89530 17104
17104 115390
115390 2670
2670 200938
200938 53771
53771 142905
142905 109270
