356771 323
323 110112
323 239172
323 32
323 489
323 77673
110112 36358
110112 489
36358 75066
36358 489
75066 11954
11954 266244
266244 221
221 272356
221 489
221 77673
272356 6148
6148 239172
239172 2342
239172 3197
2342 81360
81360 59520
59520 325953
59520 362952
59520 59518
59520 59544
59518 359623
59518 59544
359623 59543
359623 59544
59543 59544
59544 115260
115260 293342
293342 312283
312283 310867
310867 115897
115897 26753
26753 348817
348817 277261
277261 3197
3197 122087
3197 38421
122087 59649
59649 3457
59649 38421
3457 38421
38421 289029
38421 489
289029 46204
46204 114514
114514 279670
114514 131783
279670 131783
131783 266267
266267 12376
12376 146555
146555 152616
152616 32
32 16861
16861 122860
16861 489
122860 489
489 77673
77673 21267
21267 226147
226147 449
