306856 75369
75369 369825
75369 23991
369825 23991
23991 17045
23991 335
17045 192936
192936 13263
13263 214579
214579 24934
214579 89073
24934 89073
89073 204230
89073 18451
204230 120776
120776 37231
37231 122712
122712 4991
122712 335
4991 41237
41237 14141
14141 335
335 397234
335 118949
335 171324
335 98665
335 18451
397234 3252
3252 38682
38682 2874
38682 245
2874 245785
245785 176796
245785 245
176796 245
245 272211
272211 118949
118949 230442
230442 171324
171324 19989
171324 33138
171324 8602
19989 115208
19989 9022
19989 64671
19989 98665
19989 18451
19989 8919
19989 64690
19989 8948
19989 56393
19989 8602
115208 47608
115208 8919
115208 8602
47608 244585
47608 8919
47608 64690
47608 8602
244585 9022
244585 33138
244585 8602
9022 64671
9022 18451
9022 64690
9022 114896
9022 8602
64671 88526
64671 8768
64671 8602
88526 231511
88526 49733
231511 33138
33138 98665
33138 135678
33138 8602
98665 18451
98665 8919
98665 8768
98665 8602
18451 8768
8919 135678
8919 8768
8919 8602
135678 64690
135678 8602
64690 49733
64690 114896
64690 8602
49733 114896
49733 8602
114896 65083
65083 8948
8948 8768
8948 8602
8768 56393
8768 8602
56393 8602
