425590 325120
325120 54796
54796 257102
54796 367750
367750 278811
278811 875
875 125515
125515 979
979 94957
979 8385
979 32669
94957 230860
94957 1503
230860 1503
230860 1988
1503 349033
1503 79730
1503 135269
1503 215311
1503 1988
1503 209080
1503 28607
1503 164124
1503 32669
349033 1276
1276 79730
1276 135269
1276 10
1276 1988
1276 209080
1276 118266
79730 79728
79730 3235
79730 1988
79728 3235
3235 336035
3235 370794
3235 135269
336035 93593
93593 370794
370794 16320
16320 51738
51738 3224
3224 135269
135269 10
135269 1988
135269 311
10 49659
10 188
10 18456
10 1988
10 9470
10 118266
10 16395
49659 676
49659 1988
676 215311
215311 1297
1297 118880
1297 76897
118880 188
118880 1988
188 18456
188 22705
188 1988
18456 18407
18456 1988
18407 22705
22705 230378
230378 1988
1988 209080
1988 32669
209080 28607
28607 87658
87658 9470
9470 311
311 118266
118266 8385
8385 164124
8385 32669
164124 32669
32669 76897
76897 817
817 72315
72315 16395
16395 16409
