395361 15
15 99540
15 141650
15 79309
99540 979
979 32738
979 88499
979 49521
979 48727
979 112430
32738 88499
88499 21978
21978 141650
141650 44111
141650 959
44111 201118
44111 34350
44111 48717
44111 112430
44111 11611
44111 138220
201118 79309
79309 34350
34350 26654
34350 112430
34350 11611
26654 49521
26654 48727
26654 959
49521 48727
49521 11611
49521 959
48727 48717
48727 959
48717 34365
34365 49505
49505 112430
49505 49494
112430 11611
112430 959
11611 84522
11611 112440
11611 49494
84522 59835
84522 49426
59835 91593
91593 112440
112440 49426
49426 49494
49494 959
959 11638
11638 47986
47986 127118
47986 58729
127118 58729
58729 138220
138220 815
815 90278
90278 94426
94426 68454
68454 51509
51509 43853
51509 38632
43853 394221
394221 44132
44132 324359
324359 38632
38632 145709
145709 145710
145710 165064
165064 95495
95495 7961
7961 18604
18604 13644
13644 82064
