214793 31723
31723 100226
31723 31259
100226 41747
41747 99384
41747 30687
41747 6
99384 31259
31259 30687
30687 20807
20807 133886
133886 191021
191021 139436
191021 301
139436 146
146 92197
92197 48040
92197 6
48040 7414
48040 220
48040 301
7414 196945
196945 13808
196945 8
196945 301
13808 140605
140605 10910
140605 220
140605 301
10910 445144
10910 3298
10910 301
445144 2353
445144 3298
2353 141194
141194 220
220 176893
220 89101
220 2199
220 67421
220 2077
220 951
220 30051
176893 3298
176893 8
176893 301
3298 89101
3298 951
89101 2199
89101 301
2199 382309
2199 301
2199 66733
382309 8
382309 6
382309 301
8 281318
8 39580
8 6
8 108704
8 301
8 129823
281318 1493
1493 67421
1493 6
67421 39583
39583 39580
39583 20593
39583 67245
39580 20593
39580 67245
39580 173222
39580 384048
39580 2077
39580 301
20593 67245
20593 384048
20593 2077
20593 301
67245 173222
67245 2077
67245 6
67245 301
384048 2077
384048 301
2077 222223
2077 6
222223 6
6 108704
6 301
108704 951
108704 301
951 30053
30053 30051
30051 301
301 129823
129823 66733
66733 93763
66733 48146
93763 48146
