73673 11412
11412 144132
144132 11036
11036 18081
11036 11998
11036 198088
18081 47007
47007 322
322 183340
322 316785
322 89926
322 207546
183340 69535
69535 69540
69540 63896
63896 1793
1793 316785
316785 11998
316785 174807
11998 198088
198088 124846
124846 146285
124846 198048
124846 174807
124846 146277
146285 198048
146285 243287
146285 75362
198048 270286
198048 243287
198048 229223
198048 36558
270286 318078
270286 89926
318078 243287
243287 289080
243287 229223
289080 229223
229223 75362
229223 174807
229223 179509
75362 393283
75362 207546
75362 179509
393283 241414
393283 57543
393283 36558
241414 36558
241414 89926
57543 354932
57543 36558
354932 36558
36558 362059
36558 144264
362059 174807
362059 110210
174807 144264
174807 121352
174807 300420
174807 146277
144264 89926
144264 110210
89926 293568
89926 367999
89926 180523
293568 121352
121352 207546
207546 310325
310325 367999
367999 133330
133330 241978
133330 180523
241978 180523
180523 300420
180523 263681
180523 266044
300420 263681
263681 266044
266044 179509
179509 146277
146277 238730
238730 95921
95921 377657
377657 110210
