288969 1
1 336317
1 428910
1 334395
334395 68867
68867 132710
132710 7475
132710 205
7475 14957
7475 2145
14957 79515
14957 26
79515 17973
17973 53909
53909 32279
32279 9604
9604 1092
1092 2504
2504 165169
2504 6191
165169 6191
6191 1491
1491 1171
1171 106615
106615 37264
37264 1459
37264 2642
1459 51654
1459 420369
51654 2145
51654 205
2145 480
2145 26
480 275644
480 26
480 11379
275644 26
26 6613
6613 2642
2642 420369
2642 1376
1376 11379
11379 444457
444457 205
205 283513
283513 28238
28238 287541
287541 35481
35481 147639
35481 107919
147639 114720
114720 191966
191966 95063
95063 53360
53360 12775
12775 107919
107919 16358
16358 16532
16532 58188
58188 65254
