202119 107240
202119 1062
107240 2662
107240 1062
2662 91852
2662 327951
91852 74765
74765 53954
74765 9964
53954 7653
7653 2161
7653 1062
2161 420290
2161 435398
2161 7437
2161 9964
420290 6300
420290 2045
6300 27262
6300 1062
6300 12844
27262 15167
15167 2207
2207 43751
43751 26719
26719 86503
86503 38236
86503 7418
86503 465
38236 120975
38236 7418
38236 1062
120975 7418
7418 24660
7418 370350
370350 3369
3369 216448
3369 465
3369 329679
3369 36988
3369 204296
216448 13707
13707 256713
256713 2045
256713 1062
2045 435398
2045 9964
435398 1062
435398 465
1062 76245
1062 41554
1062 24663
1062 9100
76245 41554
76245 465
41554 24663
24663 88908
88908 67203
67203 67163
67203 465
67203 9964
67163 77734
67163 465
77734 465
465 329679
465 204296
329679 36988
36988 204296
204296 7437
7437 118545
7437 327951
327951 9964
9964 84660
84660 52191
52191 12891
12891 12844
12891 9100
12844 19004
12844 12855
19004 12855
12855 9100
