171988 93
93 148081
93 108412
148081 1858
1858 64258
1858 208712
64258 59412
64258 28080
64258 8755
59412 54008
54008 28080
28080 8755
8755 21717
21717 26196
26196 115758
115758 48504
48504 434751
434751 7957
7957 213117
213117 18352
213117 11953
213117 78
213117 3999
18352 3603
3603 11953
3603 78
3603 7940
3603 2267
3603 213950
3603 2164
3603 3549
3603 3999
11953 58281
11953 994
58281 3641
58281 78
58281 7940
58281 2267
58281 58304
58281 3549
3641 13934
13934 994
994 175662
994 157837
175662 2071
2071 208712
2071 10131
208712 10131
10131 90238
90238 106188
90238 14476
106188 14476
14476 110902
110902 29149
29149 152062
152062 8299
152062 3549
8299 10913
8299 3549
10913 51205
10913 3549
51205 157837
51205 2164
51205 3549
157837 78
78 7940
78 213950
78 406177
7940 2267
7940 22273
7940 2164
2267 213950
2267 22273
2267 2164
213950 58304
213950 2164
58304 22273
22273 108412
22273 2164
108412 2164
2164 406177
2164 3549
406177 3549
3549 208775
208775 3999
3999 217830
