232901 93
232901 2670
232901 1274
93 83075
83075 2568
2568 126367
126367 308
308 43038
308 9239
308 51169
308 15405
308 162140
308 84068
308 20886
308 1274
43038 1274
9239 456
9239 1274
456 22576
456 2670
456 33014
456 1274
22576 5232
5232 49129
5232 73100
5232 677
5232 157601
5232 22351
5232 50620
5232 468
49129 49118
49129 51169
49129 677
49129 468
49129 24704
49118 51169
49118 468
49118 24704
49118 3634
51169 73100
51169 677
51169 468
51169 3662
51169 3634
73100 26629
73100 677
73100 2670
73100 2168
73100 1274
26629 244101
244101 677
244101 4368
244101 2168
677 157601
677 4368
677 210827
677 50620
677 23976
677 44241
677 84068
677 468
677 33014
677 5880
677 24704
157601 4368
157601 23976
4368 210827
4368 22351
4368 23976
4368 468
210827 43742
43742 15405
15405 162140
162140 2670
2670 22351
2670 33014
2670 5880
2670 24704
2670 1274
22351 50620
22351 10923
22351 1274
50620 10923
50620 2168
10923 23976
10923 2168
10923 468
10923 24704
23976 2168
23976 468
2168 44241
44241 373052
373052 7694
7694 84068
7694 20886
84068 5785
5785 20886
20886 468
468 125201
468 5880
468 24704
125201 13674
13674 57946
57946 29117
29117 33014
33014 5880
33014 1274
5880 24704
5880 1274
24704 3662
24704 3634
3662 3634
3634 36874
36874 154118
154118 1274
1274 242817
