230331 2138
2138 51228
2138 132190
2138 960
2138 65893
2138 327
2138 88
51228 132190
51228 960
132190 960
132190 327
132190 88
960 65893
960 97301
960 88
65893 4230
65893 327
4230 631
4230 88
631 31979
31979 25852
25852 97301
97301 327
327 319056
319056 88
88 192308
88 21712
88 1356
88 324875
88 59918
88 64904
88 262765
192308 2634
2634 33240
2634 59918
33240 134
134 1201
134 86
1201 21712
21712 2546
2546 20722
20722 86
86 1386
86 262765
1386 1356
1386 133017
1356 133017
1356 71106
133017 71106
71106 156226
156226 3453
156226 205
3453 324875
324875 59918
59918 64904
64904 289873
289873 205
205 195880
205 57898
195880 30231
30231 355236
355236 42934
42934 308634
42934 136314
308634 76884
308634 38205
76884 320178
76884 82634
82634 55697
55697 119914
55697 7599
55697 57898
55697 69339
119914 262765
119914 7599
119914 69339
262765 7599
7599 57898
7599 69339
57898 69339
69339 136314
136314 38205
