119539 26363
26363 28162
28162 135471
135471 64859
135471 34800
64859 361427
64859 34800
64859 1274
361427 34800
361427 1852
361427 1274
361427 206
34800 76002
34800 1274
34800 206
76002 183343
76002 131683
183343 131683
131683 61383
61383 26307
61383 86489
61383 5017
61383 13737
61383 61369
61383 30787
26307 61354
26307 26306
26307 86489
26307 157777
26307 5017
26307 13737
26307 61369
26307 48172
26307 30787
61354 26306
61354 86489
61354 157777
61354 13737
61354 48172
61354 30787
61354 1274
61354 206
26306 157782
26306 86489
157782 86489
157782 13737
157782 30787
86489 157777
86489 30787
157777 5017
157777 13737
157777 48172
157777 30787
5017 46084
5017 13737
5017 30787
5017 4259
5017 206
46084 21246
46084 153958
46084 13737
46084 61369
153958 13737
13737 61369
61369 48172
61369 30787
48172 30787
48172 1274
30787 60492
60492 121795
121795 4336
121795 1852
121795 18879
121795 1274
121795 206
4336 169957
4336 111700
4336 4259
169957 1852
1852 18879
1852 111700
1852 158505
18879 124787
18879 21387
18879 18873
18879 18888
124787 25115
25115 21387
25115 18873
25115 18284
25115 1274
25115 206
21387 18873
21387 18284
21387 206
18873 18284
18873 1274
18873 206
18284 18888
18284 206
18888 1274
18888 206
1274 111700
1274 206
111700 3343
111700 4259
3343 3626
3343 158505
3626 158505
158505 84835
84835 168444
168444 140072
140072 4259
4259 224694
224694 46518
224694 206
46518 61226
61226 206
