42230 3564
3564 373053
3564 169419
3564 2179
169419 8161
8161 10456
8161 2179
10456 4363
10456 2179
4363 101245
4363 2179
101245 2179
2179 210056
2179 30106
2179 223090
2179 229519
210056 30106
210056 3419
30106 14104
14104 94
94 259058
259058 7627
7627 440955
440955 4134
4134 388922
388922 3419
3419 223090
3419 229519
223090 66976
66976 229519
229519 17871
17871 5866
17871 550
5866 550
550 75582
550 1276
75582 33174
33174 47015
33174 7551
47015 284214
284214 21010
21010 33480
21010 7551
33480 388015
33480 8806
33480 7551
33480 14619
388015 8806
8806 179791
8806 7551
179791 57738
179791 7551
57738 210656
57738 192255
57738 181111
57738 31957
57738 7551
210656 192255
210656 7551
210656 14619
181111 31957
181111 7551
31957 176361
176361 7551
7551 381064
7551 71278
7551 200283
381064 71278
71278 200283
200283 14619
14619 234785
234785 11792
11792 144609
144609 1276
1276 434775
