320604 3369
320604 857
320604 8498
3369 278672
3369 327
3369 1252
278672 242698
242698 278671
278671 2770
2770 373250
2770 327
2770 42
373250 327
373250 42
327 1252
327 4412
327 6080
327 224410
327 459
327 6237
1252 13263
13263 167896
13263 407
13263 42
167896 23569
167896 10907
23569 221173
23569 10907
23569 407
221173 10907
10907 14113
14113 407
407 40453
407 13076
407 50945
407 150023
407 29315
407 48836
407 169477
407 6080
407 459
407 6237
40453 165815
165815 84543
84543 4412
4412 124382
124382 23958
23958 13076
13076 50945
50945 150023
150023 29315
29315 68889
29315 13256
29315 6080
29315 42
68889 13256
13256 48845
48845 48844
48845 48836
48844 48836
48836 156158
156158 10684
156158 383
10684 169477
10684 6080
169477 6080
6080 61177
61177 7437
7437 280511
280511 291540
291540 857
857 347440
347440 8498
8498 325105
325105 42
325105 383
42 224410
224410 383
383 81757
383 3300
383 459
383 6237
81757 3300
3300 459
459 6237
