253804 54679
253804 88
253804 1503
54679 4259
88 391576
88 159270
88 8
88 21852
88 270491
88 228914
159270 4259
159270 8
159270 1503
4259 82155
4259 270491
4259 75849
4259 28095
4259 95016
82155 72566
82155 1503
72566 20165
72566 16604
20165 16604
20165 8
20165 1503
16604 22761
16604 28095
22761 8
8 21852
8 122857
8 16362
8 75849
8 31715
21852 122857
122857 12681
12681 52189
52189 29179
29179 679
679 270491
679 1503
679 75849
679 28095
270491 1503
1503 16362
1503 75849
1503 132557
1503 43932
1503 114312
16362 82544
16362 16540
82544 75849
75849 16540
75849 37489
16540 132557
16540 95016
16540 19145
16540 228914
16540 125985
132557 28095
28095 95016
28095 31715
28095 19145
28095 37489
95016 39116
39116 445773
39116 31715
39116 30243
445773 243841
243841 4895
4895 43925
4895 4893
4895 59007
4895 99117
4895 127824
43925 31715
31715 19145
31715 43932
31715 4893
19145 31824
31824 43932
43932 228914
228914 95018
228914 30243
228914 37489
95018 57958
57958 165939
57958 30243
57958 127824
57958 125985
57958 114312
165939 4893
4893 59007
4893 99117
59007 99117
99117 101155
99117 30243
101155 295568
295568 30243
30243 127824
127824 37489
37489 125985
37489 114312
125985 114312
