23381 22962
22962 6359
6359 350
350 135306
135306 891
891 154370
891 40185
154370 14121
14121 7996
7996 18090
18090 71650
71650 88868
88868 30333
30333 84436
30333 228995
84436 95375
95375 32238
32238 30324
32238 3425
32238 40185
32238 2994
30324 116957
30324 3425
30324 40185
116957 3425
116957 40185
3425 159068
3425 40185
3425 2994
159068 40185
40185 2994
40185 21949
2994 76146
2994 46839
76146 21949
21949 46839
46839 49125
49125 47801
47801 3335
3335 34895
34895 115929
115929 388241
388241 128072
128072 22776
22776 85214
22776 20185
22776 22784
22776 72567
22776 68558
22776 44122
22776 44643
22776 73343
22776 20170
22776 114963
22776 42689
22776 68387
22776 43842
85214 20185
85214 44122
85214 73343
20185 22784
20185 44122
20185 20170
20185 114963
20185 43842
22784 72567
22784 44122
22784 44643
22784 20170
22784 42689
72567 68558
72567 44122
72567 44643
72567 73343
72567 42689
68558 44122
68558 20170
44122 44643
44122 73343
44122 20170
44122 42689
44122 46920
44643 73343
44643 23385
73343 20170
73343 42689
73343 43842
20170 23385
20170 42689
20170 43842
23385 114963
114963 42689
42689 68387
68387 43842
43842 46920
46920 5005
5005 228995
