400 38743
38743 13419
13419 74282
13419 1276
74282 73706
73706 248620
73706 167509
167509 28064
28064 394287
28064 158246
28064 322567
28064 332994
158246 69004
158246 87766
69004 76165
69004 21479
76165 310415
76165 113078
310415 128771
310415 1276
128771 87766
87766 322567
322567 65377
322567 21479
65377 72090
65377 332994
332994 21479
21479 113078
113078 1276
1276 145251
145251 114932
145251 206
114932 11415
11415 217287
217287 206
206 198106
206 11511
206 134426
206 28651
206 159579
206 289835
198106 100698
100698 218862
218862 313947
313947 50716
50716 42372
50716 11511
42372 46457
42372 11511
42372 11565
42372 28651
46457 11511
11511 28654
28654 134426
28654 11565
134426 195308
134426 11565
195308 150992
150992 232537
232537 11565
11565 28651
28651 300271
28651 20726
28651 37828
28651 159579
28651 73355
28651 289835
20726 37828
37828 159579
159579 73355
73355 73350
73355 289835
73350 289835
289835 131114
