225257 4344
4344 150611
4344 5006
4344 227278
4344 2161
4344 86325
4344 13486
4344 135664
4344 45559
4344 2055
4344 2668
4344 1274
4344 5439
4344 8
4344 143903
4344 2179
4344 36282
4344 121316
4344 553
4344 396
150611 5006
150611 2161
150611 2179
5006 227278
5006 2161
5006 62468
5006 86325
5006 91634
5006 10905
5006 135664
5006 45559
5006 83326
5006 5439
5006 2179
5006 204303
5006 121316
227278 2161
227278 1274
227278 2179
227278 396
2161 62468
2161 13486
2161 91634
2161 10121
2161 5439
2161 143903
2161 2179
2161 204303
2161 36282
2161 121316
62468 86325
62468 10121
62468 396
86325 13486
86325 47249
86325 10121
86325 2179
86325 396
13486 91634
13486 5439
13486 2179
13486 204303
13486 36282
13486 121316
91634 10905
91634 5439
91634 2179
91634 36282
91634 396
10905 135664
10905 2179
135664 12701
135664 2179
12701 149838
149838 47249
47249 45559
45559 10121
45559 2179
10121 354150
10121 2668
354150 94967
354150 2055
354150 1274
94967 270210
270210 31240
270210 2055
270210 6969
270210 1274
31240 324989
31240 400359
31240 64690
31240 83326
31240 118251
324989 38163
324989 6969
38163 2055
38163 6969
38163 237802
38163 1274
2055 400359
2055 6969
2055 237802
2055 87785
2055 1274
2055 8833
2055 83326
2055 104738
2055 535
400359 6969
6969 237802
237802 2668
237802 1274
2668 87785
2668 1274
2668 8833
2668 64690
2668 8
87785 1274
1274 157674
1274 8833
1274 83326
1274 70095
1274 8
1274 104738
157674 8833
8833 8952
8833 8936
8952 64690
64690 8936
8936 83326
83326 5439
83326 396
5439 346203
5439 2179
5439 396
346203 70095
346203 8
70095 8
70095 396
8 118251
8 143903
8 553
8 104738
118251 396
143903 2179
2179 204303
2179 36282
2179 121316
2179 396
204303 36282
36282 121316
121316 553
121316 396
553 104738
104738 396
396 535
