85118 203432
203432 30578
30578 231008
30578 5516
30578 411145
30578 2280
30578 301
231008 5516
5516 133433
5516 411145
5516 2280
5516 301
133433 9191
9191 411145
411145 2280
411145 301
2280 58434
2280 301
58434 95572
58434 301
95572 221728
95572 10079
10079 18584
10079 531
10079 301
18584 132070
132070 1880
132070 301
1880 28778
1880 11998
28778 5578
28778 531
28778 301
5578 11998
11998 259883
259883 57888
57888 276597
57888 301
276597 11854
11854 303874
11854 1759
303874 27927
27927 395844
27927 531
531 79612
79612 109574
109574 26959
26959 125871
125871 57723
125871 301
57723 16373
16373 37318
16373 301
37318 25432
25432 1759
1759 79618
1759 137003
1759 22619
79618 24413
24413 450
450 23016
23016 12589
12589 44070
44070 2179
44070 818
2179 235392
235392 818
818 135369
818 301
135369 301
301 137003
137003 22619
22619 39187
