60053 19162
19162 380042
19162 331
380042 40282
40282 39201
40282 33651
40282 52605
39201 234622
39201 33651
234622 211709
234622 331
234622 59636
211709 392468
392468 31532
392468 88
31532 173042
173042 80338
80338 96922
80338 257114
80338 39524
257114 206
206 88766
206 3443
206 12253
206 331
206 53358
206 116519
88766 3443
3443 228796
3443 12253
228796 240009
240009 12253
12253 56409
12253 12318
56409 12318
12318 275555
275555 94655
94655 232423
232423 88
88 448650
88 37278
88 17966
448650 7860
7860 1259
1259 11166
11166 37278
11166 30409
37278 30409
30409 17966
17966 331
331 53358
53358 365746
365746 52355
52355 349603
52355 33651
33651 419861
33651 59636
419861 39524
39524 133484
133484 34973
133484 52605
34973 52605
52605 146638
146638 154185
146638 146626
154185 146626
146626 187375
187375 59636
59636 116519
116519 3410
