97420 59891
59891 146652
59891 99987
146652 61901
61901 39336
61901 99987
61901 28092
61901 14584
39336 99987
39336 28092
39336 28091
39336 14584
99987 28092
99987 61001
28092 378244
28092 28091
28092 57095
28092 1988
28092 78
378244 28091
378244 14621
378244 14584
28091 317008
28091 28088
28091 15882
28091 14608
28091 116933
28091 14584
317008 119674
119674 44002
119674 14584
44002 43928
44002 57095
44002 28088
44002 14621
43928 14584
57095 28088
57095 14584
28088 15882
28088 14621
28088 14584
28088 2417
15882 14621
15882 2417
14621 369956
14621 14584
14621 117729
14621 59303
14621 2417
369956 14608
369956 2417
14608 60994
60994 116933
116933 14584
14584 117729
117729 61001
61001 59303
59303 322252
322252 2417
2417 57850
2417 59
2417 102923
57850 10714
10714 71433
71433 30334
30334 29135
29135 11880
29135 1988
29135 78
11880 283343
11880 1988
11880 78
11880 102923
11880 10969
283343 1988
1988 92158
1988 78
1988 59
1988 102923
1988 3604
1988 196734
92158 78
78 86050
78 102923
86050 60741
60741 59
60741 327
59 108750
59 10969
59 196734
108750 7399
108750 327
7399 102923
102923 3604
3604 10969
10969 327
327 196734
196734 270175
270175 38250
38250 99522
