261567 147804
147804 140113
147804 88721
147804 365
88721 13107
88721 365
13107 247644
13107 365
13107 677
13107 21144
247644 365
247644 677
365 381432
381432 2353
381432 677
381432 317
2353 154208
2353 100772
2353 21144
154208 677
154208 317
677 184990
677 23569
677 31401
677 72460
677 132800
677 100772
677 100774
677 95939
677 21144
677 12748
677 260983
184990 23569
23569 31401
23569 213
23569 17212
23569 12748
31401 72460
31401 100774
31401 317
72460 6343
72460 317
72460 396
6343 23405
6343 213
23405 152177
23405 396
152177 213
152177 396
152177 1896
213 132800
213 260983
213 94101
132800 317
132800 396
100772 17212
100772 10718
100772 317
17212 10718
17212 12748
10718 169117
169117 56108
169117 8161
56108 100774
100774 8161
100774 12748
8161 95939
95939 11180
11180 21142
21142 21144
21144 12748
12748 108169
12748 317
108169 317
317 189316
317 260983
317 725
189316 396
189316 1896
396 7137
396 94101
7137 34003
34003 114
114 70516
70516 67598
67598 2959
2959 260983
260983 6598
6598 40505
6598 94101
6598 327
40505 94101
94101 1896
94101 327
1896 725
1896 446645
1896 327
446645 327
