191285 138
138 106139
138 106141
138 61509
138 189029
138 42418
138 58278
106139 106141
106141 256067
256067 323
323 117101
323 77828
117101 27744
27744 320343
27744 61509
320343 317389
317389 322515
322515 37134
37134 354062
354062 26352
26352 390745
26352 101187
26352 31225
390745 97223
97223 63494
97223 56281
63494 56281
56281 58987
58987 90923
58987 61530
58987 61509
90923 61530
90923 31213
61530 61509
61509 27747
27747 101187
101187 31213
31213 31225
31225 81016
81016 91185
91185 168195
91185 960
168195 190433
168195 960
168195 3188
190433 11711
190433 960
190433 3188
11711 377461
11711 960
377461 960
960 77828
77828 9820
9820 3188
3188 184455
184455 98410
98410 189029
189029 11137
11137 144609
11137 49089
144609 68017
68017 49089
49089 66164
66164 40439
40439 42418
42418 90470
90470 88301
88301 58278
58278 13830
