67806 47563
67806 3419
67806 577
67806 431
67806 4259
47563 138922
138922 3419
3419 90160
3419 164416
3419 10042
90160 11095
11095 267238
11095 164416
267238 7313
7313 80779
7313 148748
7313 164416
80779 148748
80779 20040
148748 20040
20040 164416
164416 3371
164416 463
3371 13898
3371 577
13898 103717
103717 577
577 47245
47245 64954
47245 431
64954 431
431 192661
431 4259
431 1758
192661 5191
5191 440001
5191 10278
10278 282904
282904 10042
10042 107001
107001 186924
186924 10495
10495 92178
92178 37438
92178 463
37438 463
37438 4259
463 2623
463 42619
463 165974
2623 427049
427049 4259
4259 36707
4259 269617
4259 165974
36707 17649
17649 22467
22467 269617
22467 42635
269617 42635
42635 42619
42619 38941
42619 5521
38941 5521
5521 165974
165974 9146
9146 47534
47534 983
983 32946
32946 2196
2196 1758
1758 47855
