198333 3449
3449 282891
282891 33295
33295 170784
170784 8711
8711 380192
8711 71207
8711 14577
380192 259573
380192 14577
259573 273747
259573 14577
273747 27004
27004 71207
71207 14577
14577 108313
108313 2697
2697 89989
89989 94523
94523 37773
37773 113039
113039 1343
1343 153962
1343 55904
1343 3170
153962 55904
55904 3170
3170 50354
50354 12602
12602 40688
12602 12342
40688 24053
40688 23752
40688 23759
24053 128608
24053 12342
128608 12485
128608 23752
128608 38407
128608 23759
12485 12361
12485 23752
12485 127533
12485 26567
12485 23759
12485 27643
12485 87348
12361 12342
12361 23759
12342 118844
12342 23752
12342 289036
118844 165234
165234 23752
165234 87348
23752 257029
23752 127533
23752 70890
23752 23759
23752 27643
23752 40616
23752 289036
23752 87348
257029 128960
128960 127533
128960 87348
127533 26599
127533 23759
127533 289036
127533 87348
26599 38407
38407 207337
207337 135501
207337 289036
135501 70890
70890 26567
26567 23759
23759 114508
23759 27643
23759 87348
114508 27643
27643 40616
40616 45782
45782 289036
45782 87348
45782 315631
289036 87348
87348 315631
