84664 979
979 242483
979 9540
242483 352
352 380166
352 107161
352 35897
352 330
380166 330
107161 4444
107161 220
4444 207231
207231 41129
41129 9540
9540 13563
9540 4
9540 330
9540 19425
9540 2515
9540 22736
9540 46526
9540 22784
13563 35897
35897 4
35897 2515
4 100936
4 34823
4 2515
4 29260
4 16392
4 112651
100936 220
220 190168
220 330
220 39460
220 19425
220 137369
190168 330
330 64957
330 39460
64957 7191
7191 39460
39460 34823
34823 19425
19425 137369
137369 1776
137369 2515
1776 25399
1776 2515
1776 16395
25399 2515
2515 34666
2515 29260
2515 16392
34666 10984
10984 29260
29260 16392
16392 112651
16392 16395
16392 184372
112651 16395
16395 184372
184372 38560
38560 22736
22736 79954
22736 22784
79954 183507
79954 46526
79954 22784
183507 94923
94923 157059
94923 140447
94923 114991
94923 131676
157059 140447
157059 114991
157059 131674
157059 131676
140447 114991
140447 150249
140447 131674
140447 131676
140447 68435
114991 150249
114991 131674
114991 131676
114991 68435
150249 131674
150249 131676
150249 68435
150249 46526
131674 131676
131676 68435
131676 46526
68435 46526
46526 68413
46526 22784
68413 22784
22784 177693
177693 48921
