254937 35481
35481 306028
35481 296849
35481 82972
35481 360210
306028 14615
14615 178610
14615 63245
14615 82972
14615 46156
14615 185505
14615 37532
178610 63245
63245 36239
63245 14603
63245 30241
63245 37532
63245 19161
36239 26928
26928 103382
26928 173145
103382 52846
103382 310
52846 245138
245138 245142
245142 144901
144901 381249
381249 310
310 453202
310 149391
453202 7590
453202 54013
7590 149391
7590 63453
149391 63453
63453 296849
296849 54013
54013 82972
82972 44036
82972 61504
82972 46156
82972 14603
44036 361635
44036 61504
44036 14603
44036 138676
44036 37532
44036 75839
44036 72770
44036 19161
44036 211745
361635 37526
361635 75839
37526 61504
37526 30241
37526 75839
37526 69719
37526 272055
37526 71136
37526 49181
37526 186340
37526 72770
61504 46156
61504 14603
46156 14603
46156 37532
14603 185505
14603 72770
14603 19161
14603 211745
185505 30241
30241 138676
30241 36073
30241 52474
138676 37532
37532 100986
37532 72770
100986 135737
100986 75839
135737 75839
75839 172788
75839 69719
75839 71136
172788 69719
69719 272055
69719 49181
272055 71136
71136 49181
49181 186340
49181 113026
49181 72770
186340 113026
186340 72770
113026 72770
72770 19161
19161 211745
211745 36073
36073 360210
360210 52474
52474 173145
173145 2009
