364779 308321
364779 35481
308321 56797
56797 427979
56797 111684
427979 111684
111684 336331
336331 31957
31957 377470
31957 109288
31957 19150
31957 46153
31957 368297
31957 4915
377470 197273
197273 14635
14635 109288
14635 69119
14635 14603
14635 74674
14635 19146
109288 72839
109288 19150
109288 83778
109288 14603
109288 35481
109288 4915
109288 14584
109288 19153
72839 65238
72839 16783
65238 19150
65238 14603
65238 35481
65238 14584
19150 119684
19150 83778
19150 14603
19150 115595
19150 90634
19150 50373
19150 178409
19150 375059
19150 16783
119684 46153
119684 14584
46153 83778
46153 69119
46153 14603
83778 69119
83778 14603
69119 14603
69119 35481
69119 14584
14603 115595
14603 399008
14603 90634
14603 19146
14603 16783
115595 123693
115595 14584
115595 19146
115595 19153
115595 107728
115595 16783
123693 358523
358523 35481
358523 54796
35481 334532
35481 178409
35481 375059
35481 21035
334532 356883
356883 54796
54796 368297
368297 4915
4915 74674
4915 178409
4915 451639
74674 399008
74674 14584
74674 16783
399008 14584
14584 90634
14584 178409
14584 107728
90634 50373
90634 19153
50373 19146
50373 19153
50373 16783
19146 178409
178409 62178
178409 19153
178409 16783
62178 375059
375059 69319
375059 19153
375059 16783
69319 451639
451639 19153
19153 285164
19153 21106
285164 107728
107728 352830
107728 16783
352830 16783
16783 21106
16783 71607
16783 21035
21106 71607
71607 21035
21035 20986
20986 229102
229102 35375
