149247 19425
19425 13020
19425 44233
19425 68017
19425 354
19425 220
19425 1988
13020 44233
13020 68017
13020 220
13020 1988
44233 68017
44233 1988
68017 49130
68017 1168
68017 365
68017 354
68017 220
68017 1988
49130 1168
49130 365
49130 1988
1168 177428
1168 365
1168 354
1168 220
1168 1988
177428 249018
177428 220
249018 365
249018 220
365 3629
365 1988
365 275850
3629 31631
3629 1988
31631 10369
10369 30070
10369 173623
30070 173623
30070 354
173623 181897
173623 67212
173623 36989
173623 7207
181897 194736
181897 36989
194736 194743
194743 67212
67212 45396
45396 284846
45396 36989
284846 36989
36989 11868
11868 9666
9666 4484
4484 7207
7207 148976
7207 7231
7207 104267
148976 33981
33981 235762
33981 104267
235762 7231
7231 104267
104267 354
104267 2668
354 139659
354 220
354 170279
139659 2567
139659 220
139659 1253
2567 26041
2567 42870
26041 3750
3750 3778
3778 1405
1405 184954
1405 1988
184954 220
220 170279
220 1988
170279 1253
1253 42870
42870 1988
1988 138255
138255 9906
9906 227934
227934 46243
46243 275850
46243 2668
275850 2668
