90622 31213
90622 33650
31213 318104
31213 35267
318104 102487
102487 368874
102487 327855
368874 33650
368874 327855
368874 60529
60529 178056
178056 75179
75179 20907
75179 27720
75179 26361
20907 27720
20907 35267
27720 35267
35267 26361
26361 114026
26361 7540
114026 314890
114026 206
314890 7540
314890 206
7540 279982
7540 192840
279982 206
279982 205
279982 1062
206 85283
206 2179
206 581
206 1473
206 29954
206 35683
206 432669
206 1062
85283 13082
85283 2179
13082 50909
13082 184919
50909 184919
184919 11418
11418 26208
26208 71683
71683 2179
2179 223892
2179 581
2179 20056
2179 4357
223892 581
581 20056
581 198648
581 4357
581 205
20056 198648
20056 4357
20056 205
20056 1062
198648 4357
4357 1473
4357 1062
1473 29954
1473 205
29954 10455
29954 1062
10455 48097
10455 6031
10455 35683
48097 6031
6031 22577
22577 35683
35683 70490
35683 205
70490 432669
432669 205
432669 1062
205 30840
205 136308
30840 192840
192840 136308
136308 1062
1062 263268
263268 5183
5183 319625
319625 9658
