407090 38163
38163 249542
38163 206
249542 317
317 232118
317 124299
317 281989
124299 1882
124299 206
1882 278191
1882 104943
278191 104943
278191 123157
278191 123156
104943 123157
104943 123156
104943 281989
123157 123156
123157 200171
123156 200171
281989 206
206 378565
206 136517
206 158413
206 29505
206 7259
206 4990
206 7428
206 134576
206 3164
206 354144
206 7592
158413 431
431 29505
431 4990
29505 45246
45246 27364
27364 7259
27364 10436
7259 93780
7259 10436
7259 4990
93780 10436
10436 4990
4990 7428
7428 38703
38703 38677
38703 285
38703 3164
38677 285
285 279438
285 2934
285 134576
279438 2934
2934 136928
2934 104281
2934 114010
2934 114009
2934 134576
2934 141797
136928 104281
104281 114010
114010 114005
114010 114009
114010 114001
114005 114009
114005 114001
114009 114001
114009 143728
114001 143728
143728 134576
134576 134574
134574 124313
124313 112539
112539 141797
112539 3164
141797 3164
3164 1104
1104 7594
7594 290899
7594 7583
7594 354144
290899 7583
7583 354144
354144 7592
