151609 89660
89660 335302
89660 301
335302 2634
335302 301
335302 5226
335302 3393
2634 399368
2634 5226
2634 281856
2634 64902
2634 98453
2634 56956
2634 13732
2634 7668
399368 27312
27312 44581
27312 74037
44581 3289
44581 301
44581 5226
44581 3393
3289 30625
3289 5226
30625 13913
13913 34790
34790 33269
34790 301
33269 392525
392525 301
301 49600
301 140603
301 56956
301 36473
301 96766
301 13732
301 188
49600 140603
49600 36993
140603 36993
36993 370388
36993 359816
359816 977
977 49499
977 49455
49499 49455
49455 85820
85820 74350
85820 52931
85820 85807
85820 74373
85820 5143
74350 52931
52931 85807
52931 74373
85807 74373
74373 5226
74373 5143
74373 188
5226 281856
5226 64902
5226 74037
5226 98453
5226 56956
5226 10923
5226 13732
5226 9424
5226 188
281856 64902
64902 74037
74037 5143
5143 153918
5143 98453
5143 56956
153918 98453
98453 56956
98453 188
56956 14469
14469 76427
14469 15812
14469 10923
76427 3393
3393 115495
115495 36473
36473 15812
36473 10923
15812 8385
15812 10923
8385 96766
96766 51143
51143 22703
22703 10923
10923 13732
13732 9424
9424 7668
7668 188
