232631 129563
129563 299923
129563 421493
129563 384205
384205 406538
406538 298737
298737 269641
269641 6166
6166 278529
6166 177174
6166 90833
6166 44665
278529 177174
278529 2662
177174 13547
13547 61049
13547 90833
61049 90833
90833 122157
90833 19262
90833 11711
90833 960
122157 23403
122157 2662
122157 11711
122157 960
23403 19262
23403 11711
23403 960
19262 246591
19262 2662
19262 960
19262 88
246591 2662
2662 303751
2662 44665
2662 960
2662 13092
2662 29559
2662 47415
2662 62619
2662 22351
303751 11711
11711 44665
11711 960
11711 13092
11711 62619
44665 80289
44665 960
80289 960
960 198580
960 88
960 13092
960 26095
198580 88
88 322788
88 71339
88 277611
88 67998
88 328777
88 131555
88 21294
88 13092
88 14750
88 22351
322788 71339
322788 67998
71339 277611
71339 67998
277611 67998
131555 11854
11854 14515
14515 21294
21294 13092
21294 44240
13092 14750
13092 44240
13092 26095
14750 44240
14750 26095
44240 26095
26095 21517
21517 3440
3440 3281
3281 2526
2526 29559
29559 18588
18588 47415
47415 62619
62619 27030
27030 22351
22351 96897
