348037 67189
67189 18089
18089 143547
18089 143511
143547 143511
143511 70317
70317 70244
70317 108928
70244 108928
108928 9868
108928 110577
9868 110577
110577 72903
110577 396
72903 93145
93145 10923
10923 11697
10923 11249
11697 11249
11249 421117
421117 408
408 215305
215305 979
979 146051
979 126500
146051 396
396 233131
396 56756
396 53501
233131 21587
21587 320668
320668 6872
6872 137430
6872 20802
137430 137410
137410 20802
20802 126500
20802 27384
126500 86308
86308 27384
27384 81261
81261 155392
155392 16461
155392 56756
16461 302821
302821 66394
66394 41301
41301 249918
249918 1837
1837 431867
1837 102355
431867 6929
6929 307352
6929 102355
307352 37563
37563 419691
37563 352144
37563 129051
37563 102355
352144 129051
129051 102355
102355 56756
56756 284700
284700 53501
