224582 7533
7533 107010
7533 102116
7533 281604
7533 104577
7533 55946
7533 55955
7533 180180
107010 206
206 102116
206 269146
206 55955
206 180180
206 383
206 370
206 443349
206 14443
206 312344
206 247926
206 43169
206 156503
206 29363
102116 199301
102116 34797
199301 57738
57738 262474
262474 48191
48191 281604
281604 34797
281604 55955
281604 383
34797 299944
34797 55946
34797 269146
34797 55955
299944 64264
64264 104577
104577 359022
359022 55946
55946 269146
269146 55955
269146 383
55955 448053
55955 27747
448053 27747
27747 180180
180180 383
383 398670
383 370
383 156503
383 15812
398670 370
370 330368
370 452533
370 17182
370 53911
370 2244
370 79918
370 29363
452533 17182
17182 53911
17182 79918
53911 76565
76565 53143
53143 170682
53143 356
170682 4635
170682 356
4635 27433
4635 2230
4635 356
27433 2230
27433 356
2230 356
2230 1292
2230 214
356 443349
356 1292
356 312344
356 247926
443349 1292
1292 14443
1292 214
1292 29363
14443 214
14443 2244
214 312344
214 29363
312344 247926
247926 7641
7641 43169
43169 156503
156503 2244
2244 79918
79918 16092
16092 216906
16092 15812
216906 15812
15812 29363
