304315 203168
203168 244096
244096 274990
274990 52419
274990 3227
52419 300778
52419 211645
300778 46886
46886 212771
46886 38728
46886 16313
46886 49671
212771 38728
212771 16313
38728 232176
38728 16313
38728 49671
232176 16313
232176 2870
16313 269087
16313 303884
16313 2870
16313 10
16313 3227
269087 2870
269087 49671
303884 2870
2870 10
2870 106852
2870 193921
2870 49671
10 265635
10 1941
265635 11895
11895 29135
29135 14539
29135 857
14539 32283
32283 236510
236510 857
857 172972
857 47344
857 192477
857 1941
172972 267474
172972 7960
267474 7960
7960 48233
7960 95745
48233 47344
192477 9762
9762 126781
9762 454
126781 4821
4821 95745
95745 41263
41263 32590
32590 223571
32590 454
223571 155264
223571 51794
155264 51794
51794 171415
171415 454
171415 2753
454 81097
81097 2753
2753 224615
224615 1941
1941 106852
106852 3227
3227 193921
193921 49671
49671 206764
206764 211645
211645 293811
