110899 283
110899 268
283 382360
283 273098
283 268
273098 26694
26694 243546
243546 268
243546 220
268 194630
194630 7905
7905 37514
37514 33252
33252 446
33252 1852
33252 220
446 15200
446 6338
446 220
15200 519
15200 1852
519 225996
519 1852
519 220
519 57942
225996 1852
1852 102095
1852 57942
102095 223132
223132 177834
177834 313438
313438 202150
202150 91950
91950 17939
91950 8120
91950 100544
17939 8120
17939 5299
17939 100544
17939 3359
8120 83483
8120 5299
8120 100544
8120 3359
83483 5299
83483 133109
5299 100544
5299 3359
100544 3359
100544 220
3359 477
3359 220
477 36807
477 69568
36807 133109
133109 591
591 232178
232178 89028
232178 6338
89028 147635
89028 6338
89028 69568
89028 220
147635 6338
147635 202
6338 20594
6338 69568
20594 202
202 37281
202 69568
37281 119658
119658 285134
285134 74546
74546 135265
135265 6408
6408 69568
69568 220
220 368821
220 446396
220 57942
368821 36363
36363 446396
446396 57942
