176649 7836
176649 960
7836 11823
7836 40230
7836 2765
11823 40230
11823 2765
40230 48760
40230 2765
48760 13486
13486 56325
13486 105175
13486 95587
13486 22222
13486 2765
13486 960
13486 58794
56325 105175
56325 95587
56325 17179
56325 22222
105175 95587
105175 17179
105175 8
95587 17179
95587 12178
95587 22222
17179 12178
17179 26167
12178 22222
12178 26167
22222 26167
22222 960
26167 21543
21543 64247
64247 1025
1025 2241
1025 16962
1025 41341
1025 5980
1025 5896
1025 5115
2241 16962
16962 41341
16962 8
16962 1274
41341 5980
41341 5896
41341 8
41341 1274
5980 5896
5980 3972
5980 747
5980 2765
5980 8
5980 1274
5896 45813
5896 8
45813 47658
45813 2765
45813 8
47658 166773
166773 3972
166773 1274
3972 65572
3972 39564
3972 960
3972 1274
3972 25063
3972 73718
65572 39564
39564 14417
14417 756
756 747
747 12005
747 8
747 1274
12005 133815
12005 213916
12005 8
133815 2765
133815 8
2765 213916
2765 960
2765 8
2765 13106
213916 960
960 330995
960 1274
960 13106
960 54552
330995 8
8 163917
8 1274
8 17465
163917 1274
1274 25063
1274 73718
1274 77677
1274 232861
25063 73718
73718 13106
13106 54552
54552 47381
47381 58794
58794 5115
5115 17465
5115 2194
17465 77677
17465 2194
77677 2194
2194 232861
