441554 2634
2634 454092
2634 16975
2634 192761
2634 142098
2634 348008
2634 2497
2634 26091
2634 22845
2634 9110
454092 78
454092 1276
454092 10
78 62080
78 16975
78 335640
78 348008
78 30263
78 26091
78 19604
62080 13811
62080 1276
13811 227918
13811 1276
13811 30263
13811 19604
227918 16975
16975 26091
16975 83535
192761 1276
142098 1276
1276 335640
1276 10
1276 348008
1276 2497
1276 47272
1276 132835
1276 30263
1276 26091
1276 83535
1276 19861
1276 19604
335640 45657
45657 272746
272746 32382
32382 63576
32382 26091
32382 83535
63576 104853
104853 186172
186172 2425
2425 6118
2425 10
6118 234644
234644 10
10 348008
10 2497
348008 6969
348008 16440
6969 360415
360415 16440
16440 228374
228374 30185
30185 30154
30185 132835
30154 27472
27472 2497
2497 83601
83601 66878
66878 97458
97458 47272
47272 132835
132835 30263
30263 8935
30263 19861
30263 19604
30263 8523
8935 26091
8935 19861
8935 19604
26091 83535
26091 19861
26091 22845
83535 19861
19861 22845
22845 19604
19604 55751
55751 55752
55752 8523
8523 9110
9110 161983
161983 82464
82464 151854
