32759 13802
13802 168531
168531 51178
168531 35429
51178 35429
35429 4322
4322 18170
4322 9964
18170 27308
27308 82974
82974 9964
9964 67764
9964 327
67764 67768
67764 34578
67764 160622
67768 34578
67768 160622
34578 160622
160622 7960
7960 78584
78584 46590
78584 301
78584 2662
46590 327
46590 7932
327 124084
327 12223
327 103889
124084 301
301 153868
301 383018
301 2662
301 103832
301 215503
301 2670
301 229048
301 2697
301 148677
301 185189
301 10146
153868 12223
153868 2662
153868 2670
12223 383018
12223 80868
12223 23906
383018 24088
24088 80868
24088 23906
80868 298790
298790 23906
23906 269046
269046 2662
2662 329013
2662 103832
2662 331886
2662 148677
329013 7932
7932 312593
312593 103832
103832 319819
103832 2670
103832 76960
103832 185189
103832 117042
103832 125427
103832 10146
319819 215503
319819 2670
215503 2670
215503 76960
2670 103889
2670 229048
2670 331886
2670 2697
2670 148677
103889 51438
51438 229048
229048 2697
331886 2697
2697 148677
148677 76960
76960 185189
76960 125427
76960 10146
185189 117042
117042 125427
125427 80214
125427 10146
80214 10146
10146 230268
230268 35962
