124662 322
322 60937
322 383
322 228397
322 20103
322 12309
322 249987
60937 965
965 17884
965 176003
965 268050
17884 321929
321929 383
383 13765
383 818
383 12309
383 92712
383 249987
13765 422680
13765 256
422680 256
256 101519
101519 2868
101519 245
2868 76611
76611 101385
76611 245
101385 245
245 146056
146056 19857
19857 176003
176003 818
818 228397
228397 17468
17468 97368
97368 280
280 173851
173851 20103
20103 12309
20103 249367
12309 12611
12611 164927
164927 118700
118700 249367
118700 75490
249367 75490
75490 151239
151239 27065
27065 92712
92712 31218
31218 268050
268050 3726
3726 272411
3726 76374
3726 187062
3726 108548
3726 22826
3726 43835
3726 249987
272411 76374
76374 169876
169876 187062
187062 38631
38631 108548
108548 75423
75423 48946
48946 22826
22826 43833
43833 43835
43835 249987
249987 60482
