376243 117155
117155 277897
277897 67786
67786 255038
255038 31381
31381 385829
31381 84101
385829 7691
7691 96779
7691 214935
7691 84101
7691 192580
96779 118658
96779 84101
118658 214935
118658 84101
214935 135226
135226 84101
84101 192580
192580 61682
192580 135892
192580 352
61682 2765
2765 4340
2765 9888
2765 396
4340 85372
4340 5224
85372 5224
85372 1276
5224 27806
5224 14499
5224 261229
27806 15214
15214 49143
15214 13240
15214 34836
49143 13240
49143 34836
49143 14499
13240 34836
13240 14499
13240 1276
34836 14499
34836 1276
14499 11885
14499 396
14499 1276
11885 69586
69586 5192
69586 1276
5192 50055
50055 53940
50055 396
50055 7640
53940 27658
53940 396
53940 1276
27658 1491
1491 1351
1351 50793
50793 135892
135892 9888
9888 11840
9888 352
11840 31388
31388 396
31388 3369
396 261229
261229 1276
1276 132861
1276 132827
132861 77734
132861 132827
132861 7640
77734 132827
77734 7640
77734 130783
132827 7640
132827 130783
7640 130783
130783 282652
282652 352
352 77447
77447 3369
