340293 51745
51745 397746
51745 105664
51745 45169
397746 105664
105664 264896
264896 52502
52502 159906
159906 52854
52854 124463
124463 52400
52400 45169
52400 403
45169 7133
45169 205
7133 304197
304197 81427
304197 5211
81427 5208
81427 5211
81427 396
81427 205
5208 122045
5208 5211
5208 133418
122045 5211
5211 133418
133418 13641
133418 396
133418 205
133418 6241
13641 30458
30458 396
30458 205
30458 10
396 64452
396 11677
396 12870
64452 25825
25825 403
403 18784
403 168452
403 241833
403 12870
403 10
18784 168452
18784 7998
168452 7998
168452 317
7998 232561
232561 11138
11138 105041
105041 317
317 76183
317 17525
76183 147
147 20686
147 241833
147 10
20686 241833
20686 10
241833 205
241833 10
205 11677
205 170532
205 238230
11677 92434
11677 7274
11677 138359
11677 6241
92434 7274
7274 17525
17525 12966
17525 6241
12966 138359
12966 6241
138359 32725
138359 6241
32725 6241
6241 176943
6241 12870
176943 12870
12870 170532
170532 10
10 189318
189318 238230
