314653 136157
136157 54213
54213 68074
54213 68304
54213 54222
54213 68308
68074 68304
68074 68308
68304 267313
68304 69060
68304 54222
68304 69237
68304 68308
267313 65838
267313 213
267313 2055
65838 69060
65838 54222
69060 54198
69060 69048
69060 54222
69060 69289
69060 55013
54198 69048
69048 73436
69048 69289
69048 55013
73436 54222
54222 353345
54222 69237
54222 68308
54222 69289
353345 69237
69237 78238
78238 68308
68308 69289
69289 55013
55013 46131
46131 14305
14305 31633
14305 220
31633 14290
14290 14303
14290 67757
14290 3618
14290 67752
14303 67757
14303 3618
67757 78731
67757 139628
67757 22332
67757 3618
67757 67752
78731 139628
78731 22332
139628 3618
22332 3618
22332 220
3618 67752
3618 1267
67752 334733
334733 236592
236592 131550
131550 226629
226629 213
213 60189
213 94115
60189 94115
94115 2055
2055 152497
2055 170818
2055 49
152497 238531
152497 1267
238531 225399
225399 1267
1267 270420
1267 61685
1267 208429
270420 61685
270420 220
61685 450458
61685 208429
61685 220
208429 220
220 170818
220 77286
170818 49
49 77286
77286 718
