430814 138
138 399344
138 210823
138 957
138 23638
138 122546
138 23120
138 166810
138 5193
138 82718
399344 399345
210823 957
957 195631
957 81
195631 17218
195631 81
17218 260020
17218 81
17218 166810
17218 44912
260020 81
81 31188
81 832
81 44912
31188 850
850 23638
23638 82602
82602 2991
2991 21692
21692 158477
158477 6319
6319 27913
27913 122546
122546 832
122546 5193
832 123717
832 5193
832 58266
832 17145
832 5768
123717 71787
123717 5193
71787 5132
5132 23120
23120 166810
44912 358
358 280662
280662 5193
5193 58266
5193 32265
58266 70292
70292 143518
70292 82718
143518 32265
32265 197529
32265 82718
32265 15210
197529 82718
82718 110873
110873 14469
110873 17145
110873 15210
14469 144813
14469 5768
144813 17145
17145 86111
17145 15210
86111 15210
15210 84737
15210 5768
15210 11684
84737 5768
5768 11684
11684 134443
134443 31171
31171 165038
31171 13974
165038 13974
13974 59786
