230281 689
230281 352
230281 408
689 172849
689 965
689 211145
689 352
689 408
689 15092
172849 172850
172849 85596
172849 408
172850 85596
85596 5071
85596 352
5071 7968
5071 349
7968 18517
18517 17975
18517 965
17975 965
17975 408
965 211145
965 15499
965 194059
965 408
965 349
211145 352
352 212093
352 5155
352 194059
352 408
352 288002
352 127998
352 49769
212093 396
396 15499
396 3482
396 396402
396 301
396 5155
396 84950
396 13471
396 15092
396 378771
15499 92530
15499 3482
15499 396402
15499 301
92530 15503
15503 12026
12026 3482
12026 891
12026 8
3482 285321
3482 396402
3482 301
285321 301
396402 301
301 5155
301 88228
301 13471
301 408
301 712
301 13886
301 15092
301 378771
301 8
5155 88228
5155 8
5155 349
88228 3209
88228 2696
88228 8
3209 84950
84950 27394
27394 37916
37916 40970
37916 13886
37916 327
40970 194059
40970 327
194059 13471
13471 408
408 712
408 327
408 49769
408 8
712 10606
10606 288002
10606 327
288002 891
288002 349
891 13886
891 49769
891 203116
13886 15092
13886 327
15092 61769
15092 327
61769 127998
127998 327
127998 8
327 49769
327 8
49769 2696
49769 8
2696 6405
6405 181465
6405 531
6405 8
181465 531
531 378771
378771 8
8 203116
203116 349
