0 1
1 2
2 3
2 4
3 5
3 6
5 7
5 8
5 6
5 9
7 6
7 10
8 11
8 12
11 12
11 9
12 6
6 13
6 9
6 14
6 4
6 15
13 16
13 9
13 17
16 18
16 17
16 19
18 9
18 19
9 20
9 21
9 19
9 22
9 14
9 23
9 4
9 15
9 24
9 25
9 26
21 17
17 27
17 28
17 29
27 19
19 30
19 29
30 31
30 22
31 22
22 32
22 33
22 34
22 35
32 10
32 36
10 14
10 37
10 4
10 38
10 25
10 28
14 39
14 40
39 41
41 37
37 23
23 4
4 38
4 40
38 42
42 43
42 15
15 40
40 44
40 24
44 24
25 33
25 45
33 46
33 45
33 34
33 26
33 36
33 35
33 47
46 45
45 34
45 26
45 36
45 35
45 47
34 26
26 36
26 35
36 35
36 48
35 48
48 47
47 49
49 28
