0 1
1 2
2 3
3 4
3 5
3 6
3 7
4 8
4 5
8 9
9 10
9 5
10 11
11 12
11 5
12 13
13 14
14 15
14 16
14 5
14 17
14 18
14 19
15 16
15 5
15 20
15 19
16 21
16 22
16 5
16 19
21 22
21 5
21 19
22 23
22 20
22 19
23 24
24 25
25 26
26 27
26 19
27 5
5 6
5 7
5 28
5 29
5 30
5 19
7 31
7 32
31 33
31 34
33 32
32 34
34 35
34 36
34 19
35 37
37 36
37 19
36 38
38 39
38 40
38 41
38 42
38 43
38 44
38 19
39 40
39 45
40 41
40 42
40 29
40 43
40 44
41 28
41 42
41 45
41 43
28 42
28 43
28 44
28 19
42 29
42 46
29 45
29 19
45 43
43 44
44 46
46 20
20 17
17 47
47 48
47 19
48 18
48 19
18 30
30 19
19 49
