0 1
1 2
2 3
2 4
2 5
2 6
2 7
2 8
3 9
9 4
4 5
5 10
5 6
10 6
6 7
7 11
11 12
11 13
11 14
12 15
12 16
12 17
15 18
15 19
15 20
18 16
16 21
16 22
16 23
16 24
21 25
21 26
25 27
25 26
25 28
27 26
27 28
27 29
26 30
26 31
26 32
26 33
30 28
30 17
30 29
30 34
28 35
28 31
28 32
28 33
35 36
35 23
35 17
36 8
36 22
8 22
8 23
8 17
22 13
22 23
13 19
13 37
13 14
19 38
38 37
37 39
37 40
39 41
41 42
41 23
41 14
42 43
42 23
43 40
40 44
40 45
44 23
23 46
23 20
23 14
20 45
45 14
14 24
24 47
24 17
47 17
17 48
48 49
49 29
29 31
29 33
31 32
32 33
33 34
