0 1
0 2
1 3
1 4
3 2
2 5
2 6
2 7
2 8
2 9
2 10
2 11
2 12
2 13
2 14
5 15
5 9
15 16
16 17
17 18
18 19
19 20
20 21
21 22
22 6
22 7
22 8
22 9
22 10
22 11
22 23
22 24
22 25
6 26
26 4
4 27
4 28
27 29
27 30
29 30
29 31
30 31
30 28
31 28
31 32
31 33
28 34
28 32
34 7
34 35
7 35
7 36
7 9
35 8
35 37
35 9
8 36
36 37
36 38
36 10
36 11
36 39
36 40
37 41
37 42
37 33
41 38
41 9
38 9
9 10
9 11
9 24
9 13
9 42
9 33
10 11
10 12
10 25
11 12
11 25
12 43
12 25
43 23
23 32
32 24
24 13
13 44
44 45
45 46
45 47
45 33
46 48
46 33
48 42
42 49
42 33
49 47
49 33
47 39
47 33
39 33
33 40
40 14
14 25
