0 1
0 2
0 3
0 4
0 5
1 6
1 2
1 7
1 8
1 9
1 10
1 11
1 12
1 3
1 5
1 13
1 14
1 15
1 16
6 2
6 8
6 3
6 5
6 13
2 7
2 8
2 9
2 17
2 12
2 18
2 5
2 14
7 8
7 12
7 3
7 5
8 19
8 9
8 17
8 10
8 20
8 21
8 11
8 12
8 3
8 5
8 13
8 15
8 16
19 9
19 21
9 17
9 21
9 22
9 3
9 5
17 23
17 3
17 5
17 24
23 25
25 26
26 10
10 20
10 3
20 21
20 5
21 11
11 22
11 3
11 13
22 27
27 12
12 28
12 3
12 5
12 29
12 13
28 3
28 5
3 30
3 5
3 29
3 31
3 14
3 32
3 33
3 34
3 15
30 4
4 18
4 29
4 31
18 5
18 13
5 35
5 31
5 14
5 33
5 15
5 16
35 36
36 37
37 29
29 31
29 24
29 15
29 38
29 39
31 13
31 24
31 38
31 39
13 14
13 32
13 33
13 15
14 32
14 24
32 40
40 41
41 42
42 43
43 44
44 33
34 45
45 46
46 24
24 47
24 15
24 16
15 38
38 39
38 16
39 16
16 48
48 49
