0 1
1 2
1 3
2 4
2 5
4 3
4 6
3 6
3 5
3 7
3 8
6 9
6 5
9 5
5 10
5 11
5 12
5 13
5 14
5 15
10 16
16 17
17 18
17 7
18 19
18 20
18 21
19 22
19 7
19 23
22 24
22 25
22 26
22 7
22 23
24 27
24 28
24 7
27 28
27 7
28 25
25 26
25 23
26 7
7 20
7 29
7 11
7 12
7 8
7 13
7 30
7 14
7 15
20 31
31 32
32 33
32 34
33 21
21 35
35 36
36 29
29 37
37 38
38 11
11 12
11 8
11 39
11 14
12 8
8 13
8 30
13 39
39 30
39 14
39 23
30 14
30 23
14 40
14 23
40 23
23 41
23 15
41 42
42 43
43 44
43 45
44 34
34 15
34 45
15 45
45 46
46 47
47 48
48 49
