0 1
0 2
0 3
0 4
0 5
0 6
0 7
0 8
1 9
9 2
9 4
9 10
2 11
2 3
11 3
3 12
3 4
3 5
3 6
3 13
12 4
12 5
4 14
4 13
14 5
5 15
5 13
5 16
15 6
6 17
17 18
18 13
13 7
7 16
16 19
19 20
19 21
19 22
19 23
19 24
19 25
19 10
19 26
19 27
19 28
19 29
19 30
20 31
20 10
31 21
31 32
21 33
21 34
21 23
21 10
33 22
33 35
22 36
36 37
37 34
37 35
34 38
38 39
38 35
35 23
23 24
23 27
23 30
24 25
25 10
10 26
10 27
10 28
10 40
10 41
10 42
26 27
27 28
27 30
27 8
28 43
43 40
40 32
32 29
29 30
30 44
30 8
30 41
44 8
8 45
8 41
45 46
46 47
47 41
41 42
42 48
48 49
