0 1
1 2
1 3
1 4
2 5
5 6
5 3
6 7
7 8
7 9
7 10
7 3
8 9
8 11
9 10
9 3
9 4
10 12
10 4
10 13
10 11
10 14
12 15
12 16
12 17
12 3
12 4
12 11
15 16
15 17
15 3
15 4
16 18
16 3
18 17
18 11
18 19
17 20
17 3
17 19
17 21
17 22
20 3
20 4
3 23
3 4
3 13
3 11
3 19
3 14
3 21
3 22
3 24
3 25
23 26
23 11
23 14
23 27
26 28
28 4
28 11
4 29
4 13
4 30
4 31
4 19
4 14
4 22
4 27
4 24
4 25
29 32
29 11
32 33
32 13
32 11
33 34
34 13
13 35
13 36
13 11
13 14
35 36
36 11
36 37
11 30
11 31
11 19
11 14
11 21
11 22
11 24
11 25
11 38
30 31
31 39
31 14
39 19
19 14
14 40
14 21
14 24
14 25
40 21
21 41
41 22
22 27
27 24
24 25
25 38
25 42
25 37
38 42
42 37
37 43
43 44
44 45
45 46
45 47
46 47
47 48
48 49
