0 1
1 2
2 3
2 4
2 5
2 6
2 7
3 8
3 9
8 10
8 11
8 9
10 12
10 13
10 9
12 14
12 9
14 15
14 4
14 13
14 16
14 17
15 4
15 16
15 17
4 13
4 16
4 17
13 16
13 18
16 18
18 19
19 17
17 20
17 11
17 9
20 21
21 22
22 23
22 24
23 25
25 5
25 26
5 26
5 11
26 27
26 28
27 28
27 11
28 11
11 6
11 7
11 29
11 30
6 31
6 9
31 7
31 30
7 9
7 29
9 32
9 33
9 29
9 34
9 30
9 35
32 36
36 37
37 33
33 29
33 38
29 34
34 38
38 39
39 40
40 30
30 41
41 42
42 35
35 43
43 44
43 45
43 24
43 46
44 45
44 24
44 46
45 47
45 46
47 24
24 48
24 46
48 46
46 49
