0 1
1 2
2 3
3 4
4 5
5 6
6 7
7 8
8 9
8 10
10 11
11 12
12 13
13 14
14 15
14 16
15 17
17 18
17 16
18 19
18 16
18 20
19 21
19 22
19 23
19 24
21 25
25 26
25 27
25 28
25 29
27 30
30 31
31 32
31 28
31 16
32 33
32 22
32 24
33 22
22 34
22 24
34 23
34 16
34 20
23 24
23 28
23 35
23 20
23 36
24 28
24 16
24 20
28 37
28 35
28 20
28 38
28 39
28 29
37 40
37 16
40 41
40 16
41 16
16 35
35 20
35 39
20 42
20 29
42 36
42 39
42 43
36 44
36 38
36 39
36 29
44 38
44 39
44 45
38 39
38 45
38 46
38 29
39 47
39 45
39 48
39 46
39 29
39 43
47 45
45 48
45 29
45 43
48 46
46 29
29 49
49 43
