0 1
1 2
2 3
3 4
3 5
4 6
4 7
4 8
6 9
6 10
6 11
6 12
6 8
9 10
10 11
11 13
11 14
11 8
13 15
15 16
15 17
15 18
15 19
16 17
16 18
17 18
17 14
17 8
18 20
18 21
20 22
20 8
20 23
22 24
22 25
22 12
22 7
22 26
22 27
22 28
22 29
22 8
24 30
30 25
25 12
25 31
25 8
25 32
12 31
12 7
12 8
31 33
31 32
33 14
14 34
14 5
14 19
14 35
14 26
14 36
14 28
5 19
19 37
37 38
38 39
39 40
39 7
39 8
40 7
40 8
7 35
7 26
7 27
7 41
7 28
7 29
7 21
7 8
7 23
35 42
35 8
35 43
35 32
42 26
26 36
26 8
36 44
44 45
45 27
45 46
45 41
27 46
27 28
27 8
46 41
41 28
41 23
28 29
28 8
28 47
28 32
21 8
8 48
8 23
8 47
48 23
23 49
49 47
49 32
47 43
47 32
43 32
