0 1
1 2
2 3
3 4
3 5
3 6
3 7
3 8
3 9
3 10
3 11
4 12
12 13
12 5
12 14
12 10
12 15
13 5
13 6
5 6
5 14
6 7
6 16
6 17
6 18
6 19
6 20
7 21
7 22
7 23
22 24
22 20
24 25
25 26
25 16
26 27
26 16
27 28
27 29
28 16
28 29
16 29
29 30
30 31
30 32
31 32
32 33
33 17
17 8
17 18
8 18
8 23
18 9
9 34
9 14
14 10
14 23
14 15
14 35
10 36
10 19
10 23
10 15
10 37
36 38
36 39
38 40
38 19
40 19
40 23
19 39
19 23
39 23
23 41
23 42
23 43
41 42
42 15
15 35
15 43
35 44
44 43
44 37
43 37
37 45
37 20
45 46
46 47
47 20
20 11
11 48
48 49
