0 1
1 2
1 3
1 4
1 5
3 6
6 7
6 8
6 9
6 10
6 11
6 12
6 13
6 14
6 15
6 16
6 17
7 18
7 8
7 9
8 19
8 9
8 20
8 21
8 22
8 23
8 17
19 9
9 24
9 25
9 26
9 21
9 22
9 17
24 25
25 27
27 28
27 29
28 20
28 21
20 20
20 29
20 30
20 31
20 32
20 21
20 17
29 30
29 21
30 26
30 31
30 32
26 31
26 33
26 21
31 32
31 17
32 34
32 21
34 35
34 33
35 33
33 21
21 36
21 17
36 22
22 37
22 16
37 10
37 16
10 11
10 12
10 16
11 38
11 12
38 12
38 39
12 13
12 14
12 15
12 39
13 14
14 15
39 40
40 41
40 42
41 42
41 23
42 43
43 23
23 44
44 45
45 46
46 47
47 48
48 16
16 4
16 17
17 49
49 5
