0 1
0 2
0 3
1 4
1 5
1 6
1 7
1 8
1 2
1 9
4 10
4 11
10 11
11 12
11 13
12 14
14 15
14 7
14 9
15 16
15 13
15 17
15 5
16 13
16 17
13 18
13 17
13 5
13 3
13 9
18 17
17 5
17 19
5 19
5 3
19 6
6 20
6 21
6 22
6 23
6 8
6 24
6 25
6 26
6 27
20 28
28 29
29 30
30 31
31 32
32 7
32 33
32 34
32 9
7 33
7 3
7 34
33 35
33 3
33 34
33 9
35 21
21 36
21 37
36 22
22 23
22 2
23 8
8 2
8 34
2 38
38 39
38 40
39 40
40 3
3 24
3 26
3 27
3 41
3 9
24 42
42 25
42 43
25 43
43 37
37 44
44 45
45 46
46 26
46 27
26 47
47 27
27 34
34 48
34 41
34 9
48 41
41 9
9 49
