0 1
0 2
0 3
1 4
1 5
1 6
1 7
1 8
1 9
1 10
1 11
4 12
12 13
12 14
14 5
5 15
5 2
15 16
16 6
6 7
7 17
7 2
7 18
17 19
17 2
19 20
19 2
19 21
19 18
19 8
20 22
22 23
23 2
2 21
2 8
21 18
18 24
24 8
8 9
9 10
9 11
10 11
11 25
11 26
25 26
25 3
25 27
26 28
28 29
28 30
28 3
28 31
29 32
29 30
29 3
29 33
29 31
32 34
32 31
34 30
34 3
34 27
30 35
30 36
30 33
35 37
35 3
37 38
38 39
39 40
39 3
40 41
41 42
42 43
43 44
44 45
45 46
45 3
45 31
46 3
46 27
3 36
3 47
3 31
3 48
3 49
36 33
33 47
47 31
47 27
31 48
31 27
48 27
27 49
