0 1
1 2
1 3
1 4
2 5
5 6
5 7
5 4
6 8
6 9
6 10
6 7
6 11
8 12
12 13
12 14
12 15
12 7
12 4
13 16
13 17
13 18
13 15
13 19
16 14
16 20
16 18
16 15
16 7
14 21
14 22
14 23
21 24
21 4
24 22
24 20
24 18
24 23
24 15
24 25
22 26
22 4
26 17
17 20
17 18
17 4
20 27
20 18
20 28
20 25
27 18
18 28
18 15
18 19
18 25
18 29
28 30
28 31
28 4
30 32
30 31
30 33
32 34
32 23
34 23
34 25
23 15
23 31
23 4
15 9
15 11
9 31
31 35
31 10
31 36
31 37
31 38
31 39
31 40
31 33
31 41
31 42
35 10
35 4
10 43
43 36
36 7
7 44
7 41
44 37
44 4
37 38
37 45
37 4
38 19
38 33
38 4
19 25
25 11
11 3
11 4
3 46
46 39
39 47
39 4
47 40
40 48
40 33
40 4
48 49
49 33
49 41
33 41
33 45
33 4
41 45
41 4
45 29
29 4
4 42
