0 1
1 2
1 3
2 4
4 5
4 6
4 7
5 3
3 6
6 8
8 9
9 10
10 11
10 12
11 13
13 14
14 15
14 7
15 16
15 17
15 12
16 18
18 19
18 20
18 12
19 21
21 22
21 17
21 12
22 23
22 24
22 12
23 25
23 24
25 26
26 17
17 27
17 28
17 29
17 30
17 31
17 32
17 33
27 24
27 20
27 12
24 28
24 32
28 29
28 12
29 34
29 12
29 35
34 20
34 7
34 12
20 36
20 37
20 7
20 38
20 12
20 39
36 40
40 30
40 7
30 41
41 37
41 42
41 43
37 42
37 43
37 44
37 45
37 31
37 12
42 43
42 45
42 31
42 12
43 44
43 31
43 7
43 12
45 31
45 12
31 46
31 7
46 7
7 38
7 12
38 32
38 12
32 47
47 33
33 12
12 39
39 35
35 48
35 49
48 49
