0 1
1 2
2 3
2 4
2 5
2 6
2 7
2 8
2 9
2 10
2 11
2 12
2 13
2 14
2 15
3 16
16 17
16 18
16 19
16 20
16 21
17 4
17 20
4 18
4 5
4 20
4 7
18 5
5 19
5 7
5 8
5 22
5 12
19 23
19 24
23 25
23 26
23 7
25 26
26 27
27 20
20 21
21 6
6 28
6 29
28 7
7 30
7 31
7 10
7 29
7 11
7 12
7 15
30 31
30 8
30 29
30 24
31 8
31 24
8 9
8 24
9 32
32 33
32 34
33 34
33 10
33 35
34 36
34 10
34 35
34 37
36 10
10 35
10 38
35 37
37 38
38 29
29 39
29 11
29 24
29 40
39 11
11 24
24 41
24 22
24 14
41 42
42 22
22 43
43 12
12 40
40 13
13 44
13 45
45 46
46 14
14 47
14 15
14 48
47 15
15 48
48 49
