0 1
0 2
1 3
1 4
1 5
1 2
1 6
3 4
3 5
3 2
3 6
4 7
4 5
4 2
4 6
4 8
7 5
7 6
7 9
5 10
5 2
10 11
10 12
10 2
10 13
10 8
10 14
10 15
10 16
10 17
10 18
11 19
11 20
11 2
11 21
11 6
11 22
11 8
11 23
11 14
11 24
11 25
11 26
11 27
11 17
19 28
28 29
28 8
28 14
28 17
29 30
29 2
29 13
30 31
30 6
31 32
32 33
32 9
32 16
33 20
33 2
33 8
33 14
33 25
33 16
33 17
20 34
20 2
20 8
20 14
20 15
20 25
20 9
20 17
34 35
34 2
34 25
35 12
35 2
35 16
12 36
12 21
12 14
12 24
12 27
12 37
36 2
2 21
2 6
2 22
2 8
2 23
2 14
2 26
2 17
21 6
21 8
21 17
6 22
6 8
22 13
22 8
22 18
13 38
38 8
38 25
8 23
8 14
8 17
8 39
23 14
23 17
23 18
14 15
14 17
15 24
15 17
24 25
25 40
25 9
25 26
25 39
40 41
41 42
41 43
42 43
43 44
44 9
9 26
26 16
16 27
16 17
16 39
27 17
27 18
17 39
17 18
39 45
39 18
18 37
37 46
46 47
47 48
48 49
