0 1
0 2
1 3
1 4
1 5
1 6
1 7
3 8
3 9
3 5
3 10
3 11
8 12
8 5
8 6
8 13
12 14
12 9
12 15
12 10
12 11
14 16
14 17
14 18
16 19
16 20
19 21
21 9
21 15
21 13
21 11
9 17
9 22
9 4
9 5
9 23
9 24
9 6
9 25
9 13
9 7
9 26
9 27
9 28
17 15
17 11
15 22
15 10
15 13
15 7
22 2
22 13
2 4
2 5
2 29
4 5
4 10
4 11
5 23
5 24
5 10
5 13
5 7
5 30
5 28
5 11
23 29
23 24
23 31
23 28
23 11
29 24
24 20
24 28
20 32
20 25
20 28
32 33
33 34
33 25
34 6
34 25
34 28
6 25
6 31
6 28
6 11
25 10
25 31
25 35
25 28
10 36
10 13
10 7
10 30
10 37
36 38
38 13
38 11
13 7
13 30
13 11
7 31
31 26
31 27
31 18
26 27
26 35
26 11
27 18
27 28
27 11
18 39
18 35
39 40
39 28
40 35
35 30
30 28
28 41
28 11
41 11
11 37
37 42
42 43
43 44
44 45
44 46
45 47
47 46
46 48
48 49
