0 1
0 2
0 3
1 4
1 5
1 6
1 2
1 7
1 8
1 9
1 10
1 11
1 3
1 12
4 5
4 2
4 3
5 13
5 2
13 14
14 6
6 15
15 16
16 17
17 18
17 2
17 19
18 20
20 2
20 19
2 21
2 7
2 8
2 22
2 3
2 23
2 24
2 25
21 26
26 27
27 19
19 7
19 8
19 28
19 29
19 30
19 31
19 25
19 32
7 33
33 34
34 35
35 36
36 37
37 8
8 28
8 3
8 23
8 38
8 39
28 40
28 41
40 41
41 29
29 42
42 43
42 44
42 45
43 22
43 23
22 9
22 3
9 10
9 11
9 46
9 39
10 11
10 39
11 46
46 47
47 48
47 3
48 3
3 30
3 31
3 23
30 12
12 31
31 44
31 23
31 39
44 45
44 38
45 23
23 24
24 25
24 39
25 38
38 49
38 39
38 32
49 39
39 32
