0 1
1 2
1 3
2 3
3 4
3 5
4 5
5 6
6 7
6 8
6 9
7 10
9 10
10 11
10 12
10 13
10 14
10 15
10 16
10 17
10 18
10 19
10 20
10 21
10 22
10 23
10 24
10 25
10 26
10 27
11 28
11 18
28 12
28 24
28 29
12 13
12 30
12 18
12 31
12 21
12 24
12 27
13 30
30 14
30 29
14 15
14 16
14 21
14 23
14 24
14 25
14 27
15 16
15 24
15 25
15 27
16 32
16 17
16 18
16 19
16 20
16 21
16 22
16 23
32 17
32 27
17 18
17 19
17 21
17 22
17 23
17 25
17 27
18 19
18 24
18 27
19 20
19 23
19 27
20 31
20 21
20 23
20 25
31 21
31 23
31 25
31 27
21 23
21 24
21 25
21 27
22 23
22 27
23 33
23 25
33 24
24 25
25 26
25 27
26 27
27 34
27 35
34 36
34 29
36 35
36 29
35 37
35 29
37 29
29 38
38 39
39 40
40 41
40 42
40 43
40 44
41 45
41 46
41 43
45 47
47 48
48 49
49 46
49 43
46 42
42 43
43 44
