0 1
0 2
0 3
1 4
1 5
4 2
2 5
5 6
6 7
6 8
6 9
6 10
6 11
6 12
6 13
6 14
6 15
6 16
6 3
6 17
6 18
7 8
8 19
8 20
19 20
20 9
20 21
20 22
20 15
9 23
9 21
23 24
23 25
24 25
25 21
21 26
26 27
27 28
27 29
28 22
22 30
22 29
30 31
31 32
31 11
31 33
31 12
31 13
31 34
31 17
31 18
32 35
35 10
10 11
11 33
11 36
11 34
11 3
33 37
37 12
12 36
12 3
36 13
36 38
36 39
13 40
40 34
34 41
34 42
41 42
42 43
42 44
42 45
43 44
44 46
46 14
14 15
14 3
15 29
29 38
38 45
45 16
16 39
16 3
39 3
3 47
3 17
3 48
47 17
17 48
48 49
49 18
