0 1
0 2
1 3
3 2
2 4
2 5
2 6
2 7
4 8
4 9
8 10
8 11
8 12
8 13
8 14
10 9
9 15
9 16
9 5
9 17
9 18
9 11
9 12
9 19
9 20
9 13
9 21
9 22
9 23
9 7
15 24
15 18
24 25
24 26
24 18
24 6
25 16
16 27
16 18
27 28
28 5
5 29
29 30
30 31
31 17
31 18
31 32
31 13
17 26
17 19
17 32
26 33
26 18
26 6
26 13
33 18
18 11
18 6
18 12
18 19
11 34
34 6
6 35
35 36
36 37
37 12
12 19
19 20
20 32
20 13
32 13
32 21
32 7
21 22
22 23
22 14
22 38
22 39
22 40
23 41
23 42
23 43
41 38
42 7
7 44
7 43
44 45
44 14
44 40
45 43
43 14
43 46
43 38
43 39
43 47
43 40
14 46
14 38
14 39
14 47
14 40
46 38
46 47
46 40
38 48
38 49
38 39
38 40
48 49
48 39
49 39
39 47
39 40
47 40
