0 1
0 2
1 3
1 4
1 5
1 6
1 2
3 4
3 7
3 8
4 7
4 2
7 9
7 10
9 11
9 5
9 12
9 13
9 14
9 10
9 15
9 16
11 17
11 10
17 18
18 19
19 5
5 20
5 21
5 13
5 22
5 14
5 23
20 24
24 25
24 14
24 23
25 12
25 10
12 21
12 26
12 13
12 27
12 28
12 29
12 10
12 16
21 30
21 6
21 15
30 31
30 32
30 33
30 34
30 28
30 29
31 35
31 6
31 28
31 15
35 26
35 22
35 28
26 36
26 22
36 13
36 22
36 10
13 37
13 10
13 15
13 8
37 27
27 38
27 10
27 15
38 39
39 6
6 40
6 34
6 2
6 14
6 28
6 29
40 32
32 33
32 34
33 41
33 10
41 42
42 22
42 15
22 43
22 44
22 28
43 44
44 45
45 34
45 2
45 28
34 2
34 10
34 15
2 14
2 28
14 46
14 28
14 10
14 15
46 28
28 47
28 29
28 10
28 15
29 10
10 48
10 16
10 23
48 15
15 16
15 23
23 8
8 49
