0 1
1 2
2 3
3 4
4 5
5 6
6 7
7 8
8 9
9 10
9 11
10 12
10 13
12 14
12 15
14 15
14 13
14 16
14 17
14 18
15 13
13 16
13 19
13 18
16 17
17 19
19 20
19 18
20 18
18 21
21 11
21 22
21 23
11 24
11 23
11 25
24 26
24 23
26 27
27 22
27 25
22 28
22 23
22 25
22 29
28 30
30 31
30 23
30 29
31 23
23 25
25 29
29 32
32 33
33 34
33 35
34 36
36 37
36 38
37 39
37 40
37 41
39 42
39 40
39 35
42 43
42 38
42 35
42 41
43 44
43 45
43 46
43 40
43 35
43 41
44 45
45 46
45 40
45 38
45 35
45 41
46 40
46 41
40 38
38 47
38 35
47 35
35 48
48 49
48 41
49 41
