0 1
1 2
2 3
3 4
4 5
5 6
6 7
7 8
8 9
8 10
9 11
9 10
11 10
10 12
12 13
13 14
13 15
13 16
14 17
17 18
18 19
19 20
19 21
20 22
20 23
20 24
20 25
20 15
20 26
20 27
20 28
20 29
20 30
20 21
22 31
31 23
31 21
23 24
23 21
24 25
24 15
24 32
24 33
24 26
24 34
24 27
24 28
24 35
24 29
24 36
24 37
25 33
15 32
15 28
15 21
32 38
38 33
33 26
33 39
33 40
26 34
34 27
27 28
28 35
28 41
28 30
28 21
28 42
28 43
35 29
35 41
35 44
35 45
35 30
29 41
41 39
39 44
39 36
39 45
39 40
44 36
36 45
45 37
45 40
37 40
37 46
37 30
40 46
40 30
46 30
30 21
21 42
43 47
47 48
48 16
48 49
16 49
