0 1
0 2
1 3
1 2
3 4
4 5
4 6
5 2
2 6
6 7
6 8
7 9
9 10
9 8
10 11
11 12
11 13
11 8
12 14
14 15
15 16
15 8
16 17
17 18
18 19
19 20
19 13
20 21
21 22
21 23
21 8
22 24
22 25
24 13
24 8
13 26
13 8
13 25
13 27
13 28
13 29
13 30
26 31
26 32
31 33
31 34
31 23
31 35
33 34
34 36
36 23
36 32
36 35
23 37
23 35
37 32
37 35
32 38
32 35
32 25
38 8
38 39
8 40
8 35
8 25
8 28
8 29
8 30
40 35
35 25
35 28
25 41
25 27
41 27
27 42
42 43
43 28
43 39
28 44
44 29
44 30
29 30
30 45
45 39
39 46
39 47
46 48
46 49
48 49
49 47
