0 1
1 2
1 3
3 4
4 5
5 6
6 7
6 8
7 9
7 10
9 11
11 10
10 12
12 13
12 8
12 14
13 15
15 16
16 17
16 18
16 8
16 19
17 18
18 20
18 8
20 21
21 22
21 8
22 23
22 8
22 24
23 25
23 8
23 26
23 27
23 24
25 28
25 8
25 29
25 24
28 30
28 29
28 27
28 24
30 8
8 31
8 32
8 33
8 26
8 34
8 27
8 24
8 35
8 36
31 37
37 19
37 38
19 39
19 38
39 38
38 40
40 41
41 42
42 43
42 44
43 44
44 14
14 32
14 24
32 29
32 24
29 33
29 27
29 24
29 36
33 45
33 46
33 24
46 47
47 26
26 48
26 27
26 24
48 34
34 27
34 24
27 24
24 49
24 35
24 36
49 35
35 36
