0 1
0 2
0 3
1 4
1 5
1 2
1 6
4 5
4 7
5 8
5 9
8 10
10 11
11 12
11 13
12 13
12 9
12 2
13 14
13 2
14 15
14 3
15 16
15 2
16 17
16 18
16 19
17 20
20 21
20 2
21 18
21 6
18 22
18 19
18 9
18 2
22 19
22 9
22 23
19 9
19 3
9 23
9 2
23 24
24 25
24 2
25 26
25 27
25 28
25 29
26 30
26 31
30 32
30 28
32 33
32 2
33 27
33 28
27 34
34 35
35 2
2 36
2 37
2 3
2 7
2 38
2 39
2 31
36 6
36 3
6 37
6 3
6 38
37 3
3 7
3 38
3 40
3 31
7 38
38 41
41 40
40 42
42 28
28 29
28 31
29 39
39 43
43 44
44 45
44 46
46 47
47 48
47 31
48 31
31 49
