0 1
1 2
1 3
1 4
1 5
1 6
2 7
2 4
7 8
7 3
7 4
8 9
9 3
3 10
10 11
11 12
11 4
12 13
12 4
13 14
14 4
4 15
4 5
15 16
16 17
16 18
17 19
19 18
18 20
18 21
18 22
18 23
18 24
18 25
20 21
22 26
22 27
26 28
28 29
28 27
29 30
30 27
27 31
27 32
27 23
27 33
31 34
31 32
34 32
34 23
34 35
34 24
32 36
32 23
32 24
32 37
32 33
36 23
36 37
36 33
23 38
23 35
23 24
23 37
23 33
23 25
38 35
38 24
38 37
38 33
35 24
24 33
37 33
33 25
25 39
25 40
39 5
39 41
5 42
5 41
42 41
41 6
6 43
43 44
44 45
45 46
46 47
47 48
48 40
40 49
