0 1
1 2
1 3
1 4
1 5
2 6
3 7
7 8
7 9
7 10
8 9
8 10
9 10
9 4
10 11
11 4
11 12
4 13
4 6
13 14
13 6
14 15
15 16
15 6
15 12
16 17
17 6
17 12
6 18
6 19
18 19
18 12
19 12
12 5
5 20
20 21
21 22
21 23
22 24
22 25
22 26
22 27
22 23
22 28
22 29
22 30
22 31
22 32
22 33
22 34
24 25
25 35
25 23
35 26
26 36
26 37
26 23
36 38
38 37
37 39
37 40
37 27
37 41
37 42
37 43
37 44
39 40
39 45
40 27
27 23
27 44
27 29
27 31
23 41
23 46
23 29
23 30
23 31
23 33
41 42
41 45
41 44
42 28
42 43
42 44
28 47
28 43
28 44
28 29
47 46
46 45
45 43
45 29
45 34
43 44
44 48
44 49
48 49
49 29
29 30
30 31
31 32
31 34
32 33
33 34
