0 1
1 2
1 3
1 4
2 5
5 6
5 7
5 8
5 9
5 10
6 3
6 11
3 12
3 13
3 14
12 13
12 14
13 7
13 15
13 16
13 8
13 17
7 15
7 4
7 11
7 14
15 4
15 18
4 19
4 17
19 20
19 14
20 21
20 8
20 22
21 23
21 11
21 17
23 24
23 25
24 26
24 25
24 27
26 16
26 25
26 11
26 14
16 25
16 11
16 14
25 27
27 11
27 17
11 28
11 8
11 29
11 22
11 17
11 30
11 31
11 14
28 8
28 17
28 14
8 29
8 31
8 14
29 22
29 17
29 14
22 17
22 14
17 18
17 32
17 31
18 33
33 34
33 35
33 36
34 35
34 37
34 30
35 14
37 38
37 36
38 32
38 36
38 14
32 30
32 39
32 40
32 10
32 41
39 36
39 14
36 40
36 9
36 42
40 9
9 42
42 43
43 31
31 14
31 41
14 10
10 41
41 44
44 45
45 46
46 47
47 48
48 49
