0 1
1 2
2 3
2 4
2 5
2 6
2 7
3 8
3 6
8 4
4 9
4 7
9 10
9 5
10 11
10 12
10 13
10 14
10 15
10 16
10 17
11 18
18 19
19 20
20 21
20 22
20 23
20 24
20 25
20 26
20 27
20 28
21 22
22 23
23 24
23 29
23 25
23 26
24 29
29 25
25 30
30 31
31 32
31 33
31 34
32 35
35 26
35 36
26 33
26 28
33 27
33 37
27 38
38 37
37 28
28 34
28 39
34 39
39 40
39 5
39 36
40 41
41 42
42 43
43 5
5 12
5 6
5 44
5 7
5 36
12 13
12 6
12 7
12 36
13 45
13 6
45 14
45 46
14 46
46 15
46 47
47 16
47 17
16 17
16 6
16 36
17 6
6 44
6 7
44 7
44 36
7 36
36 48
48 49
