0 1
1 2
2 3
3 4
3 5
4 6
6 5
6 7
6 8
6 9
7 10
10 8
8 11
8 12
8 13
8 14
8 15
8 16
8 17
8 9
8 18
8 19
8 20
8 21
11 22
11 23
22 24
24 25
24 9
25 12
25 26
12 13
12 23
12 15
13 23
23 27
23 14
23 28
23 29
27 30
30 31
30 32
31 14
28 15
15 33
15 34
15 35
15 9
15 36
15 29
15 37
15 38
15 39
33 34
33 9
34 35
34 26
34 20
34 38
34 40
35 41
35 9
35 26
41 42
42 43
42 17
43 16
43 44
43 45
43 17
16 44
16 17
44 45
44 17
45 17
17 9
9 36
9 38
9 21
9 39
36 26
26 18
18 19
19 20
19 46
20 29
20 40
29 37
29 38
29 39
37 38
38 47
38 39
47 48
48 46
46 49
46 21
21 40
40 39
