0 1
1 2
2 3
3 4
4 5
5 6
6 7
6 8
7 9
9 8
8 10
8 11
10 12
10 13
12 14
12 11
12 15
14 16
14 17
14 18
14 19
14 13
14 15
16 20
16 11
20 17
20 21
17 22
17 23
22 24
22 25
22 15
24 26
24 27
26 21
26 25
26 23
21 28
21 29
28 29
28 25
28 23
29 25
29 30
29 11
29 15
25 18
25 23
25 19
18 23
18 15
23 27
23 30
27 30
27 31
30 31
31 32
32 33
33 34
34 35
34 11
34 36
34 15
35 37
35 38
35 39
35 40
35 41
35 11
37 38
37 40
37 11
37 15
38 39
38 40
38 11
38 15
39 40
39 15
40 41
40 42
40 43
40 11
40 19
40 15
41 42
41 11
41 15
42 43
43 11
11 44
11 45
11 46
11 19
11 15
11 47
11 48
44 45
44 15
45 49
45 46
45 19
45 15
46 19
19 36
19 15
36 13
13 15
15 47
15 48
47 48
