0 1
0 2
1 3
3 4
3 5
3 6
3 7
3 8
4 9
9 10
10 11
11 12
12 13
12 8
13 14
13 15
14 16
14 6
14 8
16 17
16 18
16 19
17 5
17 2
17 7
5 20
5 21
5 18
5 22
5 19
5 23
5 24
5 8
5 25
20 26
20 6
20 7
20 8
26 15
15 27
27 2
27 6
27 7
27 8
2 21
2 22
2 28
2 6
2 29
21 18
18 30
18 6
30 31
30 22
22 32
22 33
22 19
22 28
22 8
32 33
32 28
33 19
33 28
19 28
28 34
28 35
34 36
34 6
34 7
36 23
23 24
23 6
23 7
23 37
24 6
24 7
24 38
24 8
6 29
6 39
6 8
29 7
29 37
7 40
7 41
7 42
7 8
40 41
41 42
41 43
41 8
42 44
44 43
44 45
43 45
43 38
45 46
46 37
37 47
47 39
47 8
39 38
38 48
48 35
35 49
49 8
8 25
