0 1
0 2
1 3
1 4
4 5
5 6
5 7
6 8
8 9
9 10
10 11
10 12
11 13
13 14
14 15
14 16
14 17
14 18
14 19
14 20
14 21
14 22
15 23
15 18
15 19
15 20
15 21
15 22
15 24
15 25
23 26
23 18
23 19
23 20
23 27
23 22
23 28
23 25
26 16
26 18
26 27
26 28
26 29
26 24
16 20
16 22
17 18
17 24
17 30
18 19
18 20
18 21
18 22
18 28
18 29
18 25
18 31
19 20
19 22
20 27
20 22
20 28
20 29
20 24
20 25
20 31
27 21
27 31
27 30
21 22
21 28
22 28
28 29
28 24
29 32
29 24
29 31
32 24
24 33
24 25
24 31
24 34
33 25
25 31
31 34
34 35
35 36
36 37
37 30
30 38
38 39
39 7
7 12
12 40
40 41
41 2
2 42
2 43
2 44
2 45
42 46
42 43
46 43
43 47
47 44
44 48
48 49
49 45
