0 1
0 2
1 3
3 4
4 5
4 6
4 7
5 8
8 9
9 6
6 10
10 11
11 12
12 13
13 2
2 14
14 15
15 16
15 17
16 18
16 7
18 19
19 7
7 20
7 21
7 17
20 22
20 23
20 24
22 25
22 23
22 26
22 27
22 28
22 29
22 30
22 31
22 32
22 33
22 17
22 34
25 23
25 24
23 26
23 35
23 36
23 29
23 32
23 17
26 35
35 27
27 24
28 36
28 37
28 38
28 39
28 33
36 37
36 38
37 29
37 40
37 41
37 38
37 33
29 40
29 41
29 30
29 32
29 42
29 34
40 43
40 41
40 44
40 38
40 42
40 33
40 45
40 34
43 46
43 38
43 42
46 41
46 47
46 48
41 47
41 38
41 33
47 30
47 39
30 24
30 38
30 34
24 21
24 31
24 44
24 48
24 32
24 49
31 44
31 34
44 38
44 32
44 33
44 49
38 48
38 39
38 33
38 17
38 49
48 39
39 32
39 33
39 17
32 42
32 17
32 34
32 49
42 33
42 17
42 34
42 49
33 17
33 45
33 34
17 45
17 34
45 34
34 49
