0 1
0 2
1 3
3 2
3 4
3 5
3 6
3 7
3 8
3 9
3 10
3 11
3 12
2 13
2 5
2 14
2 15
2 8
2 16
2 12
13 4
13 5
13 10
13 16
4 5
4 15
4 8
4 12
5 17
5 18
5 15
5 8
5 12
18 19
18 15
18 20
19 6
19 14
19 15
6 21
6 15
21 14
21 22
21 20
14 15
14 22
14 11
15 23
15 8
15 9
15 10
15 11
15 12
23 22
22 20
20 7
7 8
8 9
9 12
10 24
16 11
16 12
11 25
11 12
25 26
26 27
26 12
27 28
27 12
27 29
28 30
28 31
30 32
30 12
30 31
32 33
33 34
34 35
34 36
34 37
35 38
35 12
38 39
39 36
39 37
36 37
37 12
12 40
12 41
12 42
12 43
12 44
12 45
40 41
41 31
31 29
31 43
31 45
29 42
42 43
43 46
46 44
44 47
44 45
47 48
48 45
45 49
