0 1
0 2
0 3
0 4
1 5
5 6
5 7
5 8
5 3
6 9
9 7
9 3
7 2
7 3
2 10
2 3
10 11
10 3
10 4
10 12
11 13
11 14
11 3
13 15
15 14
15 16
15 3
15 17
15 18
15 19
15 20
14 21
21 16
16 22
16 23
16 24
16 3
16 25
22 23
22 3
22 26
22 27
22 28
22 25
23 24
24 29
24 4
29 30
30 31
30 32
31 32
32 33
33 34
34 35
34 36
35 8
8 36
36 37
36 4
37 38
38 3
3 39
3 4
3 40
3 26
3 12
39 4
4 40
4 26
4 27
4 28
4 41
4 42
40 43
43 26
43 25
26 27
27 44
44 12
12 45
12 28
12 41
45 28
28 41
28 42
28 25
42 46
42 17
42 25
46 25
17 25
25 18
18 19
18 47
19 47
47 48
47 20
48 20
20 49
