0 1
0 2
0 3
1 4
1 5
1 6
1 7
1 8
4 7
5 2
2 6
6 9
6 10
9 10
9 7
10 11
10 12
10 13
11 12
11 7
12 14
12 13
14 13
14 15
13 16
13 7
13 8
13 3
16 17
17 18
18 19
19 7
7 20
7 21
7 22
7 23
7 24
20 8
8 21
21 25
21 15
15 22
15 26
15 27
22 26
26 27
27 23
23 24
23 3
24 28
24 29
24 30
24 3
24 31
28 32
28 3
32 33
32 34
32 35
32 36
33 37
37 34
34 35
35 29
35 30
29 38
29 30
29 3
38 39
39 30
30 36
30 3
36 3
3 40
3 41
3 42
3 43
40 44
44 45
44 41
44 46
44 47
45 41
41 46
41 47
46 31
46 48
31 42
31 43
42 43
42 48
43 48
48 49
49 47
