0 1
0 2
0 3
1 4
1 3
4 5
4 6
4 2
4 7
4 8
4 9
4 3
4 10
5 6
6 2
6 9
6 3
6 10
2 11
2 12
2 7
2 13
2 3
2 14
2 15
11 12
11 13
12 7
12 13
12 8
12 3
12 16
7 17
7 3
7 18
7 14
17 13
13 8
13 14
8 9
8 19
9 20
9 3
20 21
20 3
21 22
22 19
22 3
19 23
19 3
19 14
19 16
23 3
3 18
3 14
3 16
18 14
14 16
16 24
24 25
25 26
26 27
26 28
26 29
26 30
27 28
28 31
28 29
28 10
29 30
29 10
30 10
10 32
10 33
10 34
32 35
32 36
32 37
35 33
35 36
35 37
35 38
35 39
33 36
33 37
36 37
37 38
38 40
38 41
38 39
40 42
42 43
42 39
43 44
43 15
44 45
44 39
45 41
41 46
46 47
47 48
48 39
39 34
34 15
15 49
