0 1
1 2
2 3
3 4
3 5
4 6
6 5
5 7
7 8
8 9
9 10
9 11
10 12
12 13
13 14
14 11
11 15
15 16
15 17
16 18
16 19
16 20
16 21
16 22
16 23
18 24
18 25
18 17
18 23
24 26
24 20
26 27
26 25
26 17
26 23
27 28
28 29
28 25
28 17
28 23
29 30
29 31
29 19
29 32
29 25
29 21
29 33
29 22
30 34
34 31
34 25
34 20
34 21
31 19
31 23
19 32
19 21
19 35
32 25
32 21
32 23
25 20
25 21
25 36
25 22
25 23
20 21
20 17
20 23
21 33
21 37
21 17
21 23
33 37
33 38
37 38
37 23
38 39
38 36
38 40
39 36
36 17
36 23
17 22
22 23
23 35
35 41
41 42
42 43
43 44
44 45
45 46
46 47
47 40
40 48
48 49
