0 1
0 2
1 3
3 4
3 5
3 6
3 7
3 2
4 8
4 2
8 5
5 6
6 9
6 7
6 10
6 11
6 12
6 13
6 14
6 15
6 16
6 17
6 18
9 7
9 19
9 2
7 20
7 21
7 15
7 22
7 2
20 23
20 19
23 19
19 24
19 25
19 26
19 27
25 26
26 27
27 28
27 2
28 29
28 30
28 31
28 21
29 30
30 31
30 21
31 21
21 32
21 2
32 10
32 15
10 11
10 17
10 22
10 2
11 12
11 13
11 15
11 22
12 13
13 14
13 15
13 33
13 34
13 35
13 16
13 22
14 36
36 15
15 37
15 35
15 17
15 22
15 2
37 33
37 18
33 34
33 35
34 35
35 16
35 38
16 17
16 38
16 22
17 38
17 18
38 22
22 18
18 2
2 39
2 40
2 41
2 42
2 43
39 40
40 41
41 44
44 42
44 43
42 43
42 45
43 45
45 46
45 47
46 48
48 49
48 47
49 47
