0 1
0 2
1 3
3 4
3 5
4 5
5 6
6 7
7 8
7 9
7 10
7 11
7 12
7 13
8 14
14 15
15 9
15 16
15 17
15 18
15 19
9 20
9 10
9 21
9 17
9 2
9 13
9 22
9 23
20 24
20 25
24 10
24 17
24 2
24 22
10 26
10 21
10 17
10 27
10 28
10 29
10 30
10 31
10 25
26 11
26 22
11 21
11 16
11 17
21 16
21 17
16 17
16 2
16 22
17 27
17 32
17 28
17 19
17 25
27 33
27 22
27 19
27 23
27 34
27 25
33 35
35 2
35 36
2 37
2 30
2 31
2 38
37 39
39 36
36 12
12 13
13 18
13 30
13 40
18 32
18 22
18 25
32 22
22 28
22 30
22 34
28 29
28 23
29 19
29 23
29 25
19 30
30 41
30 23
30 25
41 31
31 42
31 23
31 25
42 40
40 23
23 43
23 44
43 34
34 45
34 25
45 25
25 44
25 46
25 38
44 46
46 38
38 47
47 48
48 49
