0 1
1 2
1 3
1 4
1 5
1 6
1 7
1 8
1 9
1 10
1 11
1 12
2 3
2 6
2 10
2 12
3 13
3 14
3 15
3 6
3 7
3 8
3 16
3 10
3 12
3 17
13 14
13 17
14 15
14 8
14 18
14 10
14 12
15 4
15 19
15 12
15 17
4 5
4 18
4 19
5 6
5 8
5 12
6 7
6 16
6 10
6 11
6 12
7 20
7 19
7 12
20 21
20 22
21 23
21 24
21 25
21 26
23 22
22 24
22 27
22 28
24 29
29 25
25 27
27 26
26 28
28 30
30 31
31 8
8 16
8 10
16 18
16 10
16 19
16 12
16 17
18 32
18 19
32 9
9 10
10 33
10 12
10 34
33 35
33 17
35 36
35 34
36 37
36 17
37 38
38 39
38 40
38 41
38 42
39 40
39 43
40 41
40 42
41 43
43 44
43 42
44 42
42 45
45 19
19 46
19 11
19 12
11 12
12 34
34 17
17 47
47 48
48 49
