0 1
1 2
1 3
2 4
2 5
4 6
6 7
7 8
7 9
8 3
8 9
3 10
10 11
11 5
11 9
5 12
5 13
12 14
12 9
14 15
15 13
15 9
13 16
13 9
16 9
9 17
17 18
18 19
18 20
18 21
18 22
18 23
18 24
18 25
19 26
26 27
26 23
27 20
27 25
27 28
20 29
20 23
20 30
20 31
29 21
29 23
21 32
21 23
21 25
21 31
32 22
32 33
32 23
32 24
32 25
32 34
22 23
33 23
23 35
23 24
23 30
23 25
23 31
35 36
36 24
36 37
36 30
24 37
37 30
37 25
37 31
30 25
25 28
25 31
28 31
31 38
38 39
38 40
39 40
40 41
40 34
41 42
42 43
43 44
44 45
45 46
45 34
46 34
34 47
34 48
47 48
48 49
