0 1
1 2
1 3
2 4
4 5
4 6
5 7
7 8
8 9
9 10
10 11
10 6
11 12
11 13
12 14
14 15
14 16
15 16
16 17
16 18
16 19
17 20
17 21
17 22
20 23
23 24
24 25
24 26
24 13
24 27
24 28
24 29
24 21
25 26
25 3
26 13
26 27
26 30
26 18
26 31
26 19
26 29
26 32
26 33
13 34
13 27
13 35
13 36
13 30
13 31
13 28
13 29
13 21
34 37
37 27
37 35
37 31
37 3
37 28
27 35
27 33
35 36
35 28
35 21
36 38
36 31
38 39
39 40
39 31
40 30
40 41
30 18
30 19
30 21
18 31
18 29
31 42
31 19
31 29
31 33
31 21
42 3
3 28
3 19
3 41
3 43
3 21
28 19
28 41
19 41
19 44
19 45
19 29
19 21
41 44
41 21
44 45
44 21
45 43
43 29
29 46
29 32
29 47
29 21
46 32
32 47
32 33
47 33
33 21
21 48
21 49
21 22
48 6
6 49
6 22
49 22
