0 1
0 2
1 3
1 4
1 5
3 6
3 7
7 4
4 5
5 8
8 9
9 10
10 11
10 12
11 13
11 14
11 2
13 12
13 14
13 15
12 14
14 15
14 2
14 16
15 17
15 18
15 19
15 20
15 21
15 22
15 23
15 24
17 25
25 26
26 18
26 16
18 27
18 20
18 21
18 28
18 29
18 30
18 23
18 31
18 16
27 19
19 32
19 20
32 20
20 21
20 16
21 28
21 2
28 33
33 29
33 31
29 22
29 34
29 30
29 35
29 23
29 36
29 31
29 37
22 2
2 38
2 39
2 40
2 23
2 41
38 39
38 35
38 42
39 43
39 34
39 40
39 35
39 42
39 44
39 41
39 45
43 34
34 40
34 42
34 31
40 30
40 35
40 42
30 35
35 46
35 23
35 31
35 37
46 42
42 44
42 41
44 23
23 31
36 31
31 37
37 41
37 16
41 47
47 48
48 24
24 45
24 16
45 16
16 49
