0 1
0 2
0 3
1 4
1 5
1 6
1 7
1 8
1 9
1 10
1 11
4 12
4 13
12 14
12 5
12 7
12 15
12 16
12 17
12 18
12 11
14 2
14 13
2 5
2 7
2 8
2 17
2 19
2 10
2 20
5 6
6 21
21 7
7 8
8 22
8 13
8 23
22 24
22 15
22 16
22 17
22 9
22 19
22 10
22 11
24 25
25 15
15 26
15 23
26 27
27 16
27 23
16 17
16 23
17 9
17 19
17 28
17 23
9 19
9 23
19 28
19 23
28 13
13 18
13 11
18 29
29 10
10 30
30 31
31 11
11 23
23 32
32 33
32 34
33 34
34 35
34 20
35 20
20 36
20 37
36 38
38 39
39 40
40 37
37 41
37 42
37 43
41 3
41 42
3 44
44 42
42 43
43 45
45 46
46 47
47 48
48 49
