0 1
1 2
2 3
3 4
4 5
5 6
5 7
5 8
6 7
7 9
7 8
9 10
9 11
10 12
12 13
12 11
13 14
14 11
11 15
11 16
11 8
15 16
15 17
15 8
16 18
16 17
16 8
18 19
18 17
18 8
19 17
17 20
17 8
17 21
20 8
20 21
8 22
22 23
22 24
22 21
22 25
23 26
23 25
26 27
27 28
27 29
27 30
27 31
27 32
27 33
27 34
27 35
28 36
36 37
36 35
37 29
37 35
29 30
29 34
30 31
30 34
31 38
31 24
31 25
31 34
38 32
32 24
32 21
32 25
24 39
24 21
24 40
24 33
39 21
21 41
21 40
21 42
21 43
21 35
41 44
41 25
44 45
44 46
45 46
46 47
47 40
40 25
25 42
25 33
42 43
43 48
48 49
49 33
33 34
34 35
