0 1
1 2
1 3
1 4
2 5
2 6
5 7
5 6
5 8
5 9
7 3
7 10
7 6
7 11
3 12
3 10
3 11
3 13
3 9
3 14
12 10
12 6
12 9
10 15
10 11
10 16
10 17
10 18
10 14
10 19
15 6
15 17
15 14
6 20
6 16
6 8
6 21
6 22
6 23
6 24
6 25
6 26
6 27
6 28
6 19
20 11
20 17
20 14
11 16
11 17
11 28
11 19
8 29
8 4
8 24
29 21
21 13
13 30
30 4
4 22
4 31
4 32
22 33
22 17
22 34
33 35
33 36
33 17
33 31
33 37
33 28
35 23
35 34
35 14
23 36
23 24
23 38
36 39
36 17
36 37
36 38
36 34
36 14
39 40
39 17
17 41
17 42
17 43
17 37
17 34
17 14
17 28
41 9
9 42
9 18
9 31
9 26
9 37
42 24
24 18
24 31
24 38
18 44
44 45
44 46
45 46
46 25
25 47
47 48
48 31
31 43
31 34
43 26
26 32
32 37
37 38
37 34
38 49
38 34
49 34
34 27
27 14
14 28
28 19
