0 1
1 2
1 3
2 4
2 5
2 6
2 7
2 8
2 9
2 10
2 11
2 12
2 13
2 14
4 15
4 7
4 9
4 13
4 14
15 16
15 5
15 3
15 6
15 7
15 8
15 9
15 17
15 10
15 11
15 12
15 13
15 14
16 5
16 18
16 10
16 11
16 14
5 3
5 6
5 7
5 17
5 18
5 10
5 11
5 14
3 6
3 7
3 11
6 19
6 7
6 8
6 17
6 18
6 10
6 11
6 12
6 20
6 14
19 7
7 8
7 18
7 11
8 9
8 10
8 11
8 20
9 17
9 11
17 18
17 10
17 11
17 14
18 10
18 11
18 14
10 11
10 14
11 12
11 13
11 14
12 13
13 20
13 14
20 14
14 21
21 22
22 23
22 24
22 25
23 26
26 27
26 28
26 25
27 28
27 29
27 25
27 30
28 31
28 32
28 33
28 25
28 30
28 34
28 35
31 36
36 37
36 38
38 39
39 40
40 24
24 41
41 42
41 43
42 32
42 43
32 43
32 25
43 44
44 29
29 45
45 46
45 30
46 47
46 33
33 25
25 48
25 49
25 30
25 34
25 35
48 49
49 30
30 34
30 35
34 35
