0 1
1 2
2 3
3 4
3 5
3 6
3 7
3 8
3 9
4 10
4 11
10 12
10 13
10 14
10 11
10 15
10 9
10 16
12 5
12 17
5 6
5 8
5 18
5 15
6 17
6 15
17 19
17 13
17 11
17 15
17 9
17 16
19 20
19 13
20 13
20 11
20 21
13 7
13 14
13 11
13 22
13 16
7 14
7 8
7 22
14 11
14 22
14 9
14 16
11 8
11 18
11 22
11 16
11 23
8 18
18 15
18 9
15 22
15 9
22 9
9 16
9 24
16 23
16 25
23 24
24 26
24 25
26 21
21 25
25 27
27 28
28 29
28 30
28 31
29 30
30 31
31 32
32 33
32 34
32 35
33 34
34 36
36 37
37 38
38 39
39 40
39 41
39 42
40 41
40 43
40 42
41 43
41 42
43 44
43 45
43 42
45 42
42 35
35 46
35 47
35 48
46 47
47 48
48 49
