0 1
1 2
1 3
1 4
1 5
1 6
1 7
1 8
1 9
1 10
1 11
1 12
1 13
1 14
1 15
1 16
2 17
2 6
2 7
17 18
17 19
18 20
20 21
21 22
21 23
21 24
22 25
25 26
25 23
25 11
25 15
26 19
19 3
19 27
19 28
19 4
19 7
19 29
19 14
19 15
19 16
3 30
3 31
3 32
30 31
31 27
31 28
27 28
28 4
4 33
4 6
33 5
33 7
33 14
5 6
6 7
6 9
6 29
6 12
6 13
6 14
7 8
7 12
8 9
8 32
9 10
9 23
9 11
9 15
10 23
23 11
23 34
23 15
11 34
11 35
11 15
34 29
34 15
29 36
29 15
36 12
36 13
36 32
12 13
12 32
13 37
37 35
37 32
35 38
35 15
38 39
38 32
39 14
39 40
39 32
14 41
14 42
14 43
14 32
41 44
44 40
44 42
44 43
44 32
40 42
42 45
42 43
45 43
43 46
43 32
46 32
32 47
47 15
15 24
24 48
48 16
16 49
