0 1
1 2
1 3
1 4
2 5
2 6
2 7
2 8
2 9
5 10
10 6
10 11
6 12
6 11
12 13
12 3
12 11
13 14
13 11
14 15
15 16
16 3
3 17
3 7
3 18
3 19
3 20
3 21
3 22
3 23
3 11
3 24
3 25
3 26
3 27
3 28
3 9
17 4
4 7
4 18
4 29
7 18
7 19
7 11
18 29
18 19
18 30
29 19
19 31
19 26
31 32
31 23
31 30
32 33
33 34
34 20
34 30
20 21
20 22
20 35
21 22
21 30
22 35
22 30
35 36
35 8
36 23
36 30
23 37
23 27
37 38
38 39
38 40
39 41
41 40
41 42
42 8
42 11
8 43
8 30
43 11
11 44
11 45
11 9
44 46
46 24
24 25
25 45
45 26
26 27
27 28
28 30
30 47
30 48
48 9
9 49
