0 1
0 2
0 3
0 4
0 5
1 6
6 2
2 7
2 8
2 9
2 10
2 11
2 12
2 13
7 14
7 15
7 16
14 8
14 17
8 3
8 18
8 15
3 9
3 4
3 19
3 20
3 5
3 11
3 18
3 15
9 4
4 19
19 20
19 21
19 18
20 5
20 18
5 22
5 18
22 10
22 23
22 18
10 21
21 23
21 18
23 24
23 25
23 18
24 25
24 18
25 26
26 11
11 12
11 18
11 27
12 18
18 28
18 27
18 17
28 27
27 17
27 15
27 29
27 16
17 15
15 30
15 31
15 13
31 29
13 32
32 33
32 34
33 29
29 35
29 36
35 34
34 37
34 36
37 36
36 38
38 39
39 40
40 41
41 42
41 43
41 44
41 45
42 43
43 46
46 44
44 45
45 47
47 48
48 16
16 49
