0 1
1 2
1 3
1 4
1 5
1 6
1 7
1 8
1 9
1 10
1 11
1 12
1 13
1 14
1 15
1 16
1 17
1 18
1 19
1 20
2 3
2 5
2 16
3 4
3 5
3 21
3 6
3 22
3 23
3 8
3 9
3 24
3 13
3 16
3 25
3 18
4 5
4 12
4 16
4 20
5 21
5 7
5 22
5 26
5 13
5 15
5 16
5 25
5 17
5 18
21 6
21 26
21 20
6 7
6 27
6 26
6 16
6 20
7 22
7 13
7 16
7 25
7 17
7 18
22 23
22 13
22 16
22 17
22 20
23 8
23 16
8 28
8 16
28 29
29 27
27 9
9 26
9 16
26 30
26 11
30 31
30 10
30 12
31 32
32 33
32 10
32 34
32 12
33 35
33 36
33 37
33 24
33 38
35 39
35 34
39 10
39 34
39 40
39 12
10 36
10 34
10 40
10 41
10 12
10 42
10 24
10 43
10 44
36 34
34 40
40 11
40 12
11 41
11 12
11 42
11 37
11 14
41 12
12 45
12 42
12 24
12 46
12 14
12 43
45 42
42 47
42 48
47 37
37 48
48 24
24 13
24 20
13 49
13 16
13 20
49 46
49 14
46 14
46 20
14 38
14 15
14 19
14 43
38 20
15 16
16 25
16 17
16 18
16 20
25 17
17 18
18 19
18 20
19 43
43 20
20 44
