0 1
1 2
1 3
1 4
2 3
2 4
3 4
4 5
4 6
5 7
5 8
7 9
9 10
10 11
10 12
11 13
11 8
11 14
11 12
13 15
13 8
13 14
13 16
13 12
15 8
8 17
8 18
8 14
8 16
17 18
17 6
18 14
18 6
14 16
16 19
19 20
19 21
19 22
20 23
20 24
20 25
20 21
20 26
20 22
20 27
23 24
23 28
23 21
24 29
29 30
29 25
30 28
30 21
28 25
28 21
28 27
25 21
25 22
25 27
21 26
26 31
31 32
32 6
32 22
6 33
33 22
22 34
22 35
22 36
34 37
37 38
38 39
39 40
39 12
40 12
12 41
41 27
27 42
27 43
42 35
35 44
35 45
35 46
44 47
47 48
48 49
48 45
49 43
43 45
43 46
45 36
45 46
36 46
