0 1
0 2
1 3
3 4
4 5
5 6
6 7
7 8
8 9
9 10
10 11
10 12
10 13
10 14
10 15
10 16
10 17
11 2
2 18
2 19
18 20
20 21
20 12
20 22
21 12
12 23
12 24
12 22
23 25
23 22
25 26
26 27
26 28
27 28
27 24
28 29
29 19
19 30
30 13
13 14
14 15
14 17
15 16
16 17
17 31
31 32
32 33
33 34
34 24
24 35
24 36
24 22
36 22
22 37
22 38
22 39
22 40
22 41
22 42
37 38
38 43
43 39
39 44
39 45
39 40
39 46
39 41
39 47
39 42
45 40
45 48
45 42
40 46
40 41
40 47
40 49
40 48
46 41
46 48
46 42
41 47
41 48
47 49
47 48
49 48
49 42
48 42
