0 1
1 2
1 3
2 4
2 5
2 6
4 7
4 8
4 6
7 5
7 8
7 6
7 9
5 8
8 6
6 10
10 11
11 9
11 12
11 3
9 13
13 14
13 15
14 16
16 17
16 18
16 15
17 19
19 20
19 18
19 12
19 21
19 15
19 3
20 22
20 23
20 24
20 25
22 23
22 24
23 24
24 26
24 21
24 15
26 25
25 18
18 27
27 28
27 12
27 21
27 3
28 29
28 12
28 21
29 30
29 31
30 32
30 31
30 12
30 33
32 31
31 34
31 12
31 35
31 33
31 21
31 36
34 12
12 37
12 38
12 35
12 33
12 21
12 15
37 38
38 35
38 33
38 39
35 33
35 21
33 21
21 39
21 40
39 15
39 3
15 41
41 3
3 42
42 43
43 44
43 45
44 46
46 47
47 48
48 40
40 45
45 36
36 49
