0 1
0 2
1 3
1 4
1 5
1 6
1 7
1 8
1 9
1 2
1 10
1 11
1 12
1 13
3 14
3 15
14 4
14 5
14 16
14 17
14 18
4 15
15 5
15 17
5 19
5 6
5 20
5 7
5 2
5 11
19 21
19 6
21 22
21 23
21 20
21 7
21 24
21 25
22 26
26 27
26 25
27 28
27 29
28 23
23 30
23 31
30 32
32 33
33 34
33 2
34 35
35 6
6 36
6 10
36 20
20 37
20 24
20 13
37 7
7 38
7 8
7 39
7 12
38 40
40 8
8 41
8 2
41 16
41 17
17 42
42 39
39 24
39 18
24 43
24 2
43 44
44 29
29 9
29 25
29 11
9 25
9 31
25 45
25 11
45 2
2 10
2 11
2 46
2 13
10 11
11 12
12 47
47 48
48 18
18 46
46 31
31 49
49 13
