0 1
1 2
1 3
2 4
4 5
4 6
4 7
4 8
4 9
4 10
4 11
4 12
4 13
4 14
4 15
4 16
4 17
4 18
5 6
5 3
5 12
6 19
6 20
6 21
6 22
6 23
19 7
7 8
7 22
7 24
7 12
8 25
8 22
8 3
8 26
25 20
25 26
25 27
25 28
25 29
25 30
25 31
25 32
25 33
20 34
20 35
34 21
34 33
21 35
21 3
35 9
9 22
9 3
9 26
9 17
22 36
22 16
36 37
36 3
37 23
23 3
3 24
3 38
3 33
24 38
38 10
38 39
10 39
39 11
11 26
11 12
26 40
40 12
12 13
13 14
13 17
14 27
14 32
14 41
15 42
42 16
16 17
17 18
18 27
27 43
27 31
27 32
27 44
43 28
28 29
29 30
30 45
30 31
45 46
46 31
31 32
32 47
47 48
47 41
41 44
44 49
49 33
