0 1
1 2
2 3
3 4
3 5
4 6
4 7
4 8
6 9
6 5
6 10
9 11
11 5
5 12
5 7
5 8
12 13
12 14
12 15
12 16
12 8
13 14
13 8
14 17
14 18
14 16
14 8
17 18
18 15
18 8
15 19
19 20
20 21
21 22
22 23
23 24
24 25
25 26
25 27
26 28
26 8
28 29
29 7
29 16
29 10
7 27
7 16
27 16
27 8
16 30
16 31
16 8
30 32
30 33
30 34
30 35
32 36
32 31
32 37
36 38
36 39
36 40
36 31
36 41
38 42
38 31
38 35
42 39
42 37
39 40
39 43
39 31
40 43
43 33
43 31
33 34
33 37
34 44
34 31
34 37
44 31
31 35
31 45
31 37
31 41
35 45
35 37
45 37
37 41
41 10
10 46
46 47
46 48
46 8
48 8
8 49
