0 1
1 2
2 3
2 4
3 5
3 6
3 7
3 8
3 4
5 9
9 10
9 11
9 12
9 13
9 14
10 15
15 11
11 16
16 17
17 18
18 12
12 19
19 20
19 14
20 21
20 13
21 22
21 14
22 23
23 6
6 7
7 24
24 8
8 25
25 26
25 13
25 14
26 4
4 27
27 28
27 14
28 29
28 30
28 31
28 32
28 33
28 34
29 35
29 36
29 14
35 37
35 38
37 30
30 31
30 39
30 40
30 33
30 14
31 36
36 39
36 32
36 41
36 34
40 42
42 13
13 32
13 33
13 43
13 44
13 34
32 45
32 33
32 14
32 46
45 33
33 43
33 47
33 41
43 47
43 14
47 41
41 48
48 38
38 14
14 49
14 46
14 34
49 46
46 44
46 34
44 34
