0 1
0 2
1 3
1 4
1 5
1 6
1 2
1 7
1 8
1 9
1 10
1 11
1 12
1 13
1 14
3 15
3 6
3 16
3 17
3 10
3 12
3 18
15 4
15 5
15 19
15 20
15 16
15 21
15 12
15 14
4 6
5 22
5 2
5 12
22 19
22 16
22 2
19 23
19 2
19 21
19 7
19 10
23 6
23 2
23 12
23 18
6 20
6 24
6 2
6 7
6 8
6 9
6 11
6 12
6 13
6 18
6 25
6 26
20 16
16 24
16 11
16 12
16 27
16 28
16 29
16 30
16 31
16 32
16 33
16 34
16 14
24 2
2 21
2 35
2 7
2 10
2 11
2 12
2 13
2 26
2 36
21 35
35 17
17 37
37 38
38 7
7 8
7 12
7 18
8 9
8 10
8 13
8 18
9 10
9 18
10 11
10 12
10 18
10 25
11 12
12 27
12 39
12 32
12 14
27 13
27 36
13 18
13 36
18 25
25 40
40 41
41 26
26 36
36 28
36 33
28 39
39 29
39 30
39 32
29 42
42 30
42 32
30 43
30 33
43 44
43 31
44 45
45 31
45 32
31 32
32 46
32 33
46 47
46 33
47 48
48 33
33 49
33 14
49 34
49 14
34 14
