0 1
1 2
1 3
2 3
3 4
3 5
3 6
3 7
3 8
3 9
3 10
3 11
4 12
4 13
4 6
12 14
12 15
12 13
12 16
12 7
14 15
14 17
15 18
15 13
15 6
15 19
18 13
13 5
13 6
13 16
5 6
6 16
16 20
16 19
20 21
20 22
21 7
7 23
7 24
7 17
7 25
7 26
23 27
27 19
19 28
28 22
28 17
22 8
8 29
8 17
29 24
24 30
24 17
30 31
30 11
31 32
31 33
32 34
34 35
34 36
35 36
36 37
37 38
37 39
39 40
40 41
40 17
41 42
41 17
42 43
42 17
43 17
17 9
17 44
17 25
17 26
17 11
17 45
9 10
9 45
10 46
10 11
46 47
47 44
44 25
25 26
25 33
25 48
26 33
26 45
33 11
11 45
45 48
48 49
