0 1
1 2
2 3
2 4
3 5
3 6
3 7
3 8
5 4
4 9
4 6
4 10
4 7
4 11
9 12
9 7
12 13
12 7
12 14
12 15
12 16
12 11
13 6
13 7
6 10
6 7
6 17
10 7
7 8
7 17
7 18
7 19
7 15
7 11
8 17
17 18
18 20
18 21
20 22
22 23
22 14
22 24
23 25
23 26
23 19
23 27
25 26
26 28
26 29
26 19
26 27
26 14
26 30
28 14
29 19
29 27
19 31
19 32
19 33
19 27
19 34
19 35
31 32
31 36
33 37
33 38
33 14
37 39
39 40
39 35
40 27
27 41
27 42
27 24
27 34
27 35
27 43
27 44
41 38
38 42
38 45
42 14
14 45
14 24
14 43
14 44
14 16
14 21
45 24
24 34
24 35
24 43
24 44
24 15
34 35
34 44
35 43
35 44
35 46
43 44
44 46
46 30
30 36
36 15
36 47
15 48
48 47
47 49
49 16
49 21
16 21
21 11
