0 1
0 2
2 3
3 4
3 5
4 6
4 5
6 7
6 8
6 5
6 9
6 10
6 11
7 12
12 13
12 14
12 15
12 8
12 9
12 16
12 17
12 18
12 19
12 20
12 21
12 22
13 23
23 14
14 15
14 24
15 8
8 5
5 9
5 25
9 10
9 26
9 27
9 28
10 26
26 16
16 11
16 27
16 29
11 17
17 30
17 31
30 18
18 27
18 24
18 31
18 29
27 19
27 22
27 31
27 28
19 32
19 31
32 33
32 31
33 24
24 34
24 35
34 20
20 21
21 22
22 31
31 25
31 28
25 36
36 35
35 37
37 38
38 39
39 40
40 41
41 42
41 29
41 28
42 43
42 29
42 44
43 29
43 28
29 45
29 28
29 46
45 28
28 47
28 48
28 46
47 48
48 49
48 46
48 44
49 46
46 44
