0 1
1 2
1 3
2 4
2 5
4 5
5 6
6 7
7 8
8 3
8 9
8 10
8 11
3 12
3 13
3 14
3 15
3 16
3 17
3 18
3 19
3 20
3 21
12 13
12 9
12 22
12 17
12 23
13 9
13 14
13 11
13 22
13 17
9 24
9 14
9 25
9 26
9 27
9 15
9 19
24 28
24 22
28 14
28 29
28 30
28 25
28 22
14 31
14 11
14 22
31 32
31 33
32 34
34 35
35 29
29 33
33 30
30 36
36 25
36 11
36 22
36 23
25 37
25 38
37 39
39 26
26 40
26 10
40 10
10 27
10 15
27 11
11 15
11 16
11 19
15 22
22 16
22 19
16 17
17 18
18 41
41 42
42 23
23 19
19 43
43 20
20 44
44 45
45 46
45 47
47 48
48 21
21 38
38 49
