0 1
1 2
2 3
2 4
3 5
5 4
5 6
4 7
4 8
4 9
4 10
4 6
7 8
8 9
9 11
11 12
11 6
12 13
13 10
13 14
13 15
10 6
6 16
16 17
17 18
18 19
18 20
19 21
19 22
19 23
19 24
19 25
19 26
19 15
19 27
19 28
19 29
21 30
21 15
30 31
30 15
31 32
32 33
32 15
32 29
33 34
33 14
34 22
22 23
23 24
23 35
24 35
35 25
25 36
25 37
25 15
36 14
37 38
37 39
37 40
38 39
39 40
40 26
26 41
26 42
26 43
41 14
14 44
14 27
14 28
44 45
44 15
44 46
44 29
45 15
45 46
15 27
15 28
15 29
15 47
27 20
20 28
20 48
28 46
28 29
46 48
48 29
29 42
42 43
43 49
49 47
