0 1
1 2
2 3
3 4
4 5
4 6
5 7
7 8
8 9
9 10
9 6
10 6
6 11
6 12
11 13
13 14
13 15
14 16
14 12
16 12
16 17
12 17
17 15
15 18
15 19
15 20
18 21
21 22
22 23
23 24
23 25
24 26
24 25
24 27
24 28
24 19
26 25
25 29
25 28
25 19
29 27
27 30
27 31
27 32
27 28
27 33
27 34
30 35
30 36
30 32
35 36
35 37
35 28
36 31
36 32
36 28
31 37
31 28
31 33
37 32
32 28
32 33
32 19
28 33
33 19
19 34
34 38
38 20
20 39
20 40
20 41
39 42
39 43
42 40
42 41
40 44
40 41
40 43
44 45
44 41
45 41
41 46
41 47
41 48
41 49
46 43
43 47
47 48
48 49
