0 1
1 2
1 3
1 4
1 5
1 6
1 7
1 8
1 9
1 10
1 11
1 12
2 13
2 14
2 15
13 16
13 17
13 15
16 17
16 18
16 15
17 3
17 18
3 19
3 14
3 18
19 4
4 20
4 14
4 21
4 8
4 22
4 23
4 18
4 15
20 5
20 24
20 6
20 21
20 9
20 22
20 25
20 10
20 26
20 23
5 24
5 14
5 21
5 10
24 27
24 28
24 14
24 21
24 10
24 23
24 18
24 15
27 28
27 21
27 23
28 14
28 10
28 23
14 6
14 21
14 7
14 9
14 10
14 29
14 30
14 31
14 15
14 32
14 33
14 34
6 21
6 8
6 23
6 15
21 7
21 9
21 25
21 10
21 26
21 35
7 36
7 8
7 23
7 18
36 8
36 22
36 18
8 37
8 9
8 25
8 30
37 9
37 22
9 38
9 22
9 10
9 18
38 22
22 25
22 10
22 26
25 10
25 18
10 26
10 35
10 23
10 18
26 35
26 23
26 18
35 23
23 39
39 29
39 31
39 18
29 30
29 31
30 18
18 40
18 11
40 11
11 12
12 41
41 42
42 43
43 44
44 15
15 32
15 33
32 33
32 45
33 34
33 45
33 46
33 47
34 45
34 46
34 47
45 48
45 46
45 47
48 46
46 49
46 47
49 47
