0 1
1 2
2 3
3 4
4 5
5 6
5 7
5 8
6 7
7 9
7 10
7 11
7 12
7 13
7 14
7 15
7 16
7 8
7 17
7 18
9 19
19 20
19 21
19 22
20 21
21 23
21 10
21 22
10 24
24 25
25 26
25 11
25 22
26 27
26 11
27 11
27 28
27 29
11 22
22 12
12 30
30 31
31 32
31 33
31 34
31 29
31 17
33 35
35 34
35 36
35 29
35 16
36 37
37 38
37 17
38 39
39 40
39 41
39 42
40 43
40 44
40 15
40 45
43 41
42 44
44 13
44 18
13 28
13 45
13 8
13 18
28 14
28 15
28 46
28 16
28 18
14 47
47 48
47 45
47 8
48 15
48 45
15 46
15 45
46 45
45 49
49 29
29 16
16 8
8 17
8 18
17 18
