0 1
1 2
2 3
3 4
3 5
4 6
6 7
7 8
8 9
8 10
9 11
9 12
9 13
9 14
11 15
15 16
15 17
15 13
16 10
10 18
18 19
19 20
19 21
19 22
20 23
20 24
20 25
20 26
20 27
20 28
20 17
20 29
20 30
20 31
20 32
20 33
20 34
23 24
23 21
24 35
24 17
24 36
35 37
37 25
37 5
25 26
25 21
25 22
25 28
26 38
26 21
26 12
38 39
39 40
40 21
21 22
21 41
21 27
21 42
21 28
21 29
21 32
22 41
22 42
22 29
41 27
41 17
27 42
42 28
28 17
17 29
17 36
29 43
29 34
43 30
43 5
30 31
31 44
31 32
31 33
44 32
32 5
33 34
33 5
34 45
34 36
45 12
12 46
46 36
36 47
47 5
5 13
13 14
14 48
48 49
