0 1
0 2
1 2
2 3
3 4
4 5
4 6
4 7
4 8
5 9
9 6
6 10
6 11
6 12
6 13
6 14
10 15
10 16
15 17
15 18
15 19
15 20
15 16
17 21
17 22
17 18
17 11
17 19
17 16
21 22
21 18
21 19
21 16
22 18
22 19
22 20
22 16
18 11
18 19
11 23
11 19
11 20
11 7
11 16
23 19
19 20
19 16
20 12
20 16
12 7
12 16
7 24
7 8
7 25
7 26
7 27
24 16
16 28
28 29
29 30
30 31
30 32
31 33
33 34
33 35
34 32
34 35
32 35
35 36
35 37
36 38
38 37
37 39
39 40
40 41
41 13
41 8
41 42
41 26
41 27
13 8
8 43
8 44
8 45
8 42
8 25
8 26
8 46
43 44
44 45
44 26
45 42
42 25
25 26
26 46
46 27
27 47
47 14
47 48
14 48
48 49
