0 1
1 2
1 3
1 4
1 5
4 6
6 7
7 8
8 9
9 10
10 11
11 12
12 13
13 14
13 15
14 16
16 17
16 18
16 19
16 20
16 21
16 22
16 23
17 18
18 24
18 25
18 26
18 27
24 19
24 25
24 28
24 27
19 20
19 28
20 29
20 30
20 28
20 31
20 32
20 33
20 34
29 35
35 5
5 21
21 25
22 36
36 37
36 30
36 28
36 27
37 25
25 38
25 39
25 28
25 40
25 26
25 15
25 23
38 41
41 39
39 42
39 26
39 27
42 43
42 44
43 44
44 45
45 30
45 28
30 46
30 28
30 34
46 28
28 47
28 31
28 32
28 33
47 40
40 26
26 48
48 31
31 32
31 33
31 34
32 33
32 34
33 15
33 34
15 34
34 23
23 27
27 49
