0 1
1 2
2 3
3 4
4 5
5 6
5 7
5 8
6 9
6 8
9 10
9 8
10 11
11 7
7 8
8 12
12 13
13 14
14 15
15 16
16 17
17 18
18 19
18 20
18 21
19 20
20 21
21 22
22 23
23 24
23 25
24 26
24 27
24 28
26 29
26 25
29 30
29 27
29 31
29 28
30 32
30 27
30 33
30 34
30 28
30 35
30 36
32 25
32 28
25 37
25 27
25 38
37 39
39 27
39 36
27 40
27 33
27 41
27 28
27 35
27 42
27 38
27 36
40 43
43 33
43 36
33 44
33 28
33 38
33 36
44 31
31 45
45 46
45 38
46 41
41 34
34 28
28 47
28 35
28 36
47 35
35 42
42 48
48 38
48 36
48 49
38 36
36 49
