0 1
1 2
1 3
1 4
1 5
1 6
1 7
2 8
2 5
2 9
2 6
2 10
2 7
2 11
8 3
3 4
3 5
3 12
4 5
4 12
4 11
5 13
5 6
5 14
5 15
5 16
5 10
5 7
5 17
5 18
5 11
5 19
5 20
5 21
13 9
13 12
9 22
9 7
9 17
9 12
9 18
22 23
22 12
22 11
23 24
23 20
24 25
24 26
24 27
24 11
24 21
24 28
25 26
26 27
27 29
27 19
29 30
30 6
6 14
6 10
6 7
6 17
6 12
6 19
14 15
14 7
14 12
14 11
15 16
15 10
15 19
16 10
16 11
16 19
16 20
10 31
10 32
31 33
31 19
31 20
33 32
33 19
33 20
32 34
32 20
34 35
35 7
35 19
7 17
7 18
7 11
17 36
17 12
17 11
17 19
36 37
36 38
37 12
38 39
38 11
39 40
40 12
12 18
12 11
18 11
11 41
11 42
41 19
19 42
42 20
20 43
43 21
21 44
44 45
45 46
46 28
28 47
47 48
47 49
48 49
