0 1
1 2
1 3
2 4
2 3
2 5
2 6
4 7
7 8
8 9
8 10
8 11
8 12
8 13
8 14
8 15
8 3
8 16
8 17
8 18
8 19
8 20
8 21
8 22
8 23
9 10
10 11
10 13
10 6
10 24
10 19
10 25
10 20
11 12
11 3
11 23
12 13
12 19
12 20
12 23
13 26
13 27
13 3
13 6
13 25
13 23
26 28
26 29
26 27
28 29
29 14
29 27
14 27
27 15
15 3
3 16
3 18
3 6
3 19
3 25
3 20
3 22
3 23
3 30
3 31
16 5
16 6
16 32
5 33
5 6
5 34
5 35
5 36
33 17
17 37
17 6
37 18
18 6
6 34
6 19
6 25
6 36
6 22
6 38
6 30
6 32
6 39
34 24
34 25
34 36
34 23
34 32
24 40
24 35
24 39
40 35
40 36
35 19
35 41
19 25
19 36
19 23
25 42
25 23
25 30
42 20
20 36
20 23
36 43
36 32
43 44
43 23
44 21
21 45
45 46
46 22
22 23
23 47
47 41
41 38
38 30
30 32
32 39
39 48
48 31
31 49
