0 1
0 2
1 3
1 4
2 5
5 6
5 7
6 8
6 9
6 10
6 11
6 12
6 13
6 14
6 7
6 15
6 16
6 17
6 4
6 18
8 19
8 20
8 10
19 9
19 10
19 12
19 7
19 17
9 20
9 10
20 21
20 10
21 22
22 10
22 23
22 24
22 18
10 11
10 23
10 14
10 25
10 7
10 4
10 26
11 27
11 7
27 28
27 29
27 30
27 16
27 4
29 12
29 31
29 24
12 32
12 18
32 31
31 33
33 34
33 18
34 35
34 36
34 37
34 38
34 4
34 39
34 18
35 13
35 18
13 23
23 40
23 36
40 41
37 38
37 42
37 41
38 42
38 16
38 24
38 41
38 26
42 43
43 14
14 44
14 7
44 45
44 3
44 16
3 25
3 7
3 4
3 18
25 30
25 7
30 46
46 7
7 15
7 16
15 47
47 16
16 17
17 4
4 24
4 41
4 18
24 48
24 39
24 18
39 41
41 49
41 18
41 26
49 18
18 26
