0 1
1 2
2 3
3 4
3 5
4 6
4 7
4 8
4 9
4 10
4 11
4 12
4 13
6 14
6 15
6 16
14 17
17 18
17 19
17 16
17 20
18 21
18 22
18 11
18 23
18 16
21 24
21 25
24 7
7 26
26 27
27 28
28 29
29 30
30 8
30 23
30 31
8 32
32 33
32 25
33 15
33 31
15 9
15 34
15 35
15 31
9 36
9 20
36 10
36 16
36 20
10 37
37 38
37 39
39 40
40 41
40 16
41 42
41 23
41 43
42 22
22 44
22 25
44 11
11 25
11 20
25 19
25 23
25 16
19 23
19 16
19 20
23 16
16 43
43 20
20 34
20 12
34 45
34 5
34 31
45 46
45 5
46 47
46 35
47 35
35 5
5 12
12 31
31 13
31 48
31 49
13 48
48 49
