0 1
1 2
1 3
2 3
3 4
3 5
3 6
5 7
7 8
8 9
8 6
9 10
9 11
9 6
10 12
10 13
10 11
10 6
12 14
12 15
12 16
12 17
12 18
12 19
12 20
14 21
14 22
21 23
21 11
21 24
21 25
21 26
21 18
21 27
21 20
23 28
23 27
23 20
28 29
28 11
28 24
29 30
29 31
29 32
29 33
29 27
30 34
30 35
34 36
34 13
34 11
34 25
34 37
34 32
34 33
34 38
34 19
34 35
34 27
36 13
36 11
36 33
13 15
13 11
13 39
13 25
13 40
13 37
13 19
13 41
13 20
13 6
15 11
11 24
11 16
11 39
11 40
11 26
11 32
11 17
11 27
11 20
24 16
24 25
24 40
24 26
24 27
24 6
39 31
39 33
31 25
31 33
31 35
25 40
25 42
25 37
25 32
25 19
25 35
25 27
40 26
40 6
26 22
26 19
26 27
22 42
22 27
42 37
42 32
42 33
42 38
42 19
37 32
37 33
37 38
37 18
37 35
32 33
32 38
32 19
32 35
33 38
33 19
33 35
38 17
17 18
18 19
18 41
18 20
19 41
19 35
19 20
41 35
35 27
20 6
6 43
43 44
44 45
45 46
46 47
47 48
48 49
