0 1
1 2
2 3
2 4
2 5
3 6
3 4
3 5
6 4
6 5
4 5
5 7
5 8
7 9
9 10
10 11
11 12
11 13
13 14
14 15
15 16
15 17
15 18
15 19
15 20
15 21
15 22
15 23
15 24
15 25
15 26
15 27
15 8
15 28
15 29
15 30
15 31
15 32
15 33
15 34
15 35
15 36
16 17
16 18
16 37
16 38
16 25
16 26
16 8
16 39
16 31
16 32
16 40
17 18
17 19
17 37
17 8
17 28
17 32
17 36
18 19
18 41
18 25
18 39
18 30
18 31
18 35
18 36
19 20
19 37
19 27
19 8
19 28
19 32
19 40
19 33
20 42
20 21
20 22
20 41
20 24
20 37
20 28
20 30
20 32
20 40
20 33
20 34
42 21
42 37
42 27
42 43
42 32
42 33
21 22
21 23
21 24
21 25
21 27
21 28
21 29
21 30
21 31
21 32
21 33
21 36
22 41
22 23
22 24
22 37
22 27
22 8
22 29
22 32
22 35
22 36
41 23
41 24
41 25
41 30
41 32
41 33
41 34
23 24
23 27
23 8
23 28
23 29
23 30
23 31
23 32
23 40
23 33
23 36
24 37
24 27
24 8
24 28
24 29
24 39
24 30
24 31
24 32
24 40
24 33
37 44
37 45
37 25
37 27
37 8
37 29
37 31
37 46
37 34
44 45
44 25
44 26
44 31
44 34
45 38
38 47
38 48
38 34
47 25
47 30
47 31
47 35
25 39
25 31
25 35
26 27
26 32
27 8
27 28
27 29
27 46
27 32
27 33
27 34
27 35
8 28
8 31
8 32
8 40
8 33
8 34
8 35
8 36
28 29
28 30
28 31
28 46
28 32
28 40
28 33
28 34
28 35
29 39
29 30
29 31
29 32
29 33
29 36
39 30
39 31
39 34
39 35
30 49
30 31
30 32
30 33
30 34
30 36
49 31
31 43
31 40
31 34
31 35
31 36
43 46
43 32
43 35
46 32
32 48
32 40
32 33
32 34
32 35
32 36
48 40
40 33
40 35
40 36
33 34
34 35
35 36
