0 1
1 2
1 3
2 4
2 3
4 5
4 3
4 6
4 7
4 8
4 9
4 10
4 11
4 12
4 13
4 14
5 3
3 15
3 6
3 16
3 7
3 17
3 9
3 10
3 11
3 13
3 14
15 6
15 18
6 16
6 10
16 19
19 7
19 20
19 21
19 22
7 23
23 20
20 24
20 25
24 26
26 27
26 25
26 28
26 29
26 22
27 30
30 31
30 32
31 8
31 33
31 34
8 35
35 33
35 36
35 37
33 34
34 18
34 32
18 38
18 39
38 25
25 40
25 22
40 41
41 17
17 9
9 10
10 11
11 42
42 39
39 32
32 43
32 44
32 21
32 22
43 44
44 12
12 45
12 37
45 13
45 46
45 37
13 36
13 46
13 37
36 47
36 46
36 14
47 46
46 14
46 37
46 48
14 37
37 21
21 28
28 49
28 29
49 29
29 22
22 48
