0 1
0 2
0 3
1 4
1 2
1 3
4 2
4 3
2 5
5 6
6 7
7 8
8 9
8 10
9 10
10 11
11 3
3 12
3 13
3 14
12 15
12 14
15 16
15 17
15 13
15 18
15 19
15 20
15 21
15 22
15 23
15 24
15 14
16 25
16 13
16 26
16 19
25 27
25 28
27 29
29 30
30 31
31 32
32 33
33 34
34 35
35 28
28 36
28 22
36 37
36 22
37 38
37 39
37 40
37 22
37 24
38 17
38 20
38 22
17 13
13 41
13 14
41 26
26 18
26 42
26 19
26 22
18 42
42 19
42 24
19 39
19 22
19 24
39 43
39 20
39 22
39 24
43 20
43 21
43 22
43 24
20 21
20 44
20 22
20 24
20 45
21 46
21 22
21 24
46 47
47 40
40 44
44 22
22 48
22 23
22 24
22 45
48 23
23 24
24 45
45 49
49 14
