0 1
1 2
1 3
1 4
1 5
1 6
1 7
2 3
3 8
3 6
3 9
8 10
8 4
8 11
10 12
10 13
10 14
10 15
12 16
16 17
16 18
16 19
17 18
19 4
4 20
4 21
4 22
4 14
4 23
4 24
4 25
20 21
20 14
20 23
20 26
20 27
21 28
21 29
21 14
21 26
21 27
21 30
28 31
28 29
28 22
31 29
31 22
31 14
31 30
31 25
29 22
29 26
22 5
22 30
5 13
5 14
5 24
13 32
32 33
33 14
14 34
14 23
14 27
34 23
34 35
23 26
26 27
26 36
27 37
37 38
38 39
39 24
24 30
30 25
25 35
35 40
40 41
41 36
36 42
42 43
43 44
44 6
44 7
6 7
7 11
11 45
45 46
46 47
47 9
9 48
48 49
49 15
