0 1
1 2
1 3
2 4
2 5
2 6
4 5
4 7
5 8
8 9
8 10
9 11
9 12
11 13
13 14
13 15
13 16
13 17
13 18
13 7
13 12
13 19
13 20
13 21
13 22
14 23
14 7
14 12
14 24
23 25
25 15
25 7
15 16
16 17
17 18
17 12
17 24
18 26
18 7
18 12
26 27
26 7
27 7
7 28
7 29
7 12
7 30
7 31
7 32
7 24
7 33
7 34
28 35
28 12
35 36
35 6
36 6
36 24
6 37
37 29
29 12
12 38
12 19
12 31
12 39
12 22
12 24
38 40
40 19
19 30
19 24
30 31
31 39
31 24
39 10
10 41
10 24
41 42
42 20
20 21
21 32
21 43
32 44
32 45
44 43
43 45
45 22
22 24
24 33
33 34
33 3
34 46
46 3
3 47
3 48
3 49
47 48
48 49
