0 1
1 2
2 3
3 4
3 5
4 6
4 7
6 8
6 5
8 9
8 5
8 10
8 11
8 12
9 13
9 5
13 14
14 15
14 16
14 17
14 18
14 19
14 20
14 21
14 22
14 23
14 24
15 25
25 16
25 18
25 11
16 26
26 27
27 17
17 28
17 29
17 30
28 18
28 24
18 31
18 12
31 32
31 33
32 34
34 35
34 36
34 33
35 5
35 30
5 36
5 37
5 38
5 39
5 33
5 40
5 12
36 37
36 7
36 30
37 38
37 40
37 30
38 7
38 30
7 41
41 19
19 42
19 30
42 20
42 40
20 29
29 43
29 23
29 11
43 39
39 21
21 33
21 44
21 12
33 40
33 45
33 44
40 46
40 30
46 30
30 47
30 22
47 22
22 45
45 44
44 48
48 23
23 10
10 11
10 12
11 12
12 24
24 49
