0 1
1 2
2 3
2 4
2 5
3 6
6 7
7 8
7 9
7 10
7 4
7 5
8 11
8 5
11 12
11 9
11 10
11 4
11 5
12 9
12 13
9 14
9 15
9 16
9 10
9 17
9 13
9 18
9 19
9 20
9 21
9 22
9 5
14 15
14 13
15 23
15 10
15 13
15 24
23 25
23 10
23 24
23 5
25 16
16 10
10 26
10 27
10 28
10 17
10 29
10 30
10 5
26 31
31 32
32 27
32 5
27 33
33 34
34 28
28 17
28 13
17 13
13 35
13 18
13 36
13 19
13 20
35 18
35 19
18 37
18 36
36 19
19 20
19 5
20 21
20 4
21 38
21 4
38 39
38 4
39 40
40 41
40 42
41 42
41 43
42 44
42 4
44 24
44 4
44 5
24 45
24 29
24 4
24 46
24 47
45 22
45 4
22 29
29 43
29 5
43 30
30 4
30 5
4 46
4 48
4 5
4 47
46 49
46 48
46 5
49 48
48 5
5 47
