0 1
0 2
1 3
1 4
3 4
4 5
4 2
5 2
2 6
2 7
2 8
6 7
7 9
7 10
7 11
7 12
9 10
10 13
10 14
10 15
10 16
10 11
10 17
10 12
10 18
13 19
13 20
19 21
19 20
21 22
21 14
21 23
21 20
22 24
24 14
24 23
24 20
14 25
14 26
14 27
14 28
14 15
14 29
14 30
14 31
25 26
25 32
26 33
26 32
26 28
33 34
33 20
34 32
32 27
27 28
28 15
28 31
28 35
15 23
15 20
23 29
23 31
23 20
29 36
36 30
30 37
37 31
31 35
35 38
38 20
20 39
20 16
20 40
20 8
20 41
20 42
39 16
16 40
16 43
40 8
8 44
44 11
44 41
44 45
11 41
11 42
11 45
41 42
41 45
42 17
42 45
17 46
17 45
46 45
45 47
47 12
12 18
18 43
43 48
48 49
