0 1
1 2
1 3
1 4
1 5
2 6
6 7
7 8
8 9
9 10
10 11
10 12
11 12
12 13
13 14
14 15
15 16
16 17
16 18
17 19
19 20
19 21
20 22
22 23
22 24
22 25
22 26
22 27
22 28
22 29
23 30
23 24
30 31
31 32
31 27
31 33
31 34
32 24
32 35
32 21
24 36
24 37
24 33
24 28
24 29
24 38
36 25
25 37
37 39
37 21
39 40
40 26
26 27
26 35
27 33
27 34
27 21
27 38
33 35
33 34
33 21
35 28
35 21
35 41
28 34
28 21
34 29
29 21
21 42
21 43
21 41
42 18
42 43
42 44
18 45
45 46
46 43
43 47
43 44
43 41
47 44
44 48
44 41
48 41
41 38
38 3
3 4
4 5
5 49
