0 1
0 2
2 3
2 4
3 5
5 4
4 6
4 7
4 8
6 9
6 10
9 11
9 12
11 12
12 13
12 14
12 7
12 15
12 16
13 17
17 18
18 19
18 20
19 21
19 15
21 14
21 22
21 23
21 20
21 7
21 15
14 24
14 15
14 10
24 22
24 7
24 15
24 10
22 23
22 15
23 25
25 20
20 7
20 15
7 15
7 10
15 16
15 10
16 10
10 26
10 27
10 28
26 29
26 27
29 8
29 30
29 31
29 32
29 33
29 34
29 35
8 36
8 33
8 27
36 30
36 33
30 37
30 31
30 32
30 33
30 38
30 39
30 40
30 41
30 42
37 43
37 33
43 44
44 31
31 45
31 33
31 46
31 47
45 48
48 32
32 33
33 46
33 35
33 28
46 38
46 27
38 39
39 34
39 40
34 40
40 41
41 42
42 49
49 27
27 47
27 35
27 28
47 35
35 28
