0 1
1 2
2 3
3 4
3 5
3 6
4 7
5 8
5 9
8 6
6 10
10 11
10 12
11 13
11 12
13 12
13 14
12 9
12 7
12 14
9 15
9 16
9 17
9 18
15 7
15 19
7 16
7 20
16 21
21 22
22 23
23 17
23 19
23 14
17 18
17 19
17 14
18 24
18 14
24 19
19 25
19 26
25 27
27 28
28 29
28 30
29 30
30 31
31 32
31 33
31 34
32 33
33 26
26 35
26 14
35 36
35 37
36 38
36 14
38 39
38 14
39 14
14 40
14 41
14 37
14 42
14 20
14 43
14 34
14 44
40 41
41 37
41 42
41 43
41 34
37 42
37 20
37 43
37 45
37 46
37 44
42 20
42 45
42 46
42 44
42 47
20 43
20 45
43 48
43 45
43 46
43 47
48 45
48 46
48 47
45 34
45 46
45 44
34 46
46 44
46 49
46 47
44 49
49 47
