0 1
1 2
2 3
2 4
4 5
4 6
4 7
4 8
5 9
5 10
5 11
5 12
5 8
9 13
9 14
13 15
13 16
13 8
15 17
17 18
17 19
17 20
17 21
17 16
17 11
18 14
18 16
14 19
19 20
19 22
19 23
19 24
19 25
19 26
19 8
20 21
20 25
21 27
21 11
27 22
27 16
27 10
22 23
22 10
22 11
23 24
23 25
24 25
25 16
16 28
28 29
29 10
10 6
6 30
6 31
6 11
6 32
6 12
6 26
6 8
30 33
30 34
33 35
35 36
36 31
31 37
31 11
37 38
38 39
39 11
11 40
11 7
11 34
11 8
40 32
40 26
32 41
32 7
41 42
42 43
43 44
44 45
45 12
12 7
12 8
7 26
26 34
26 46
34 8
8 47
8 46
47 48
47 49
48 49
49 46
