0 1
1 2
2 3
3 4
3 5
4 6
6 7
6 8
7 9
9 10
9 5
9 11
9 12
9 8
10 13
10 5
10 11
10 12
10 8
13 14
13 8
14 15
14 5
14 8
15 16
16 17
17 18
18 19
19 20
20 21
20 8
21 22
22 23
22 24
22 25
23 24
23 12
24 26
24 27
24 28
24 5
26 29
26 30
26 31
26 25
26 27
26 28
26 32
26 33
29 27
29 28
29 33
29 5
30 31
30 27
30 28
30 33
31 27
31 28
25 27
25 28
27 34
27 28
27 32
27 33
34 28
34 8
28 32
28 35
28 33
32 35
35 33
33 36
33 12
36 5
36 12
36 8
5 37
5 38
5 11
5 12
5 39
5 8
5 40
37 41
37 12
41 38
38 11
38 12
38 8
11 42
11 39
11 8
11 40
42 43
42 12
42 8
43 44
43 39
43 40
44 12
12 39
12 40
39 8
8 40
40 45
45 46
45 47
46 48
46 49
48 47
48 49
47 49
