0 1
1 2
1 3
2 4
4 5
4 6
4 7
5 8
5 6
8 6
6 7
6 9
7 10
10 11
11 12
12 13
12 14
12 15
12 16
12 17
12 18
12 19
12 20
12 21
12 22
12 23
12 24
12 25
13 26
26 27
26 28
26 29
26 30
26 15
26 21
27 9
9 28
9 29
9 31
9 32
9 30
9 33
9 14
9 22
9 23
9 34
9 35
9 25
28 36
36 37
36 22
36 34
36 35
37 38
38 29
29 31
31 39
31 14
31 22
31 35
39 40
40 32
40 41
40 23
32 30
32 42
30 33
30 35
33 42
42 14
14 15
14 21
15 43
15 21
15 23
43 16
16 17
17 44
17 21
17 23
44 18
44 23
18 45
18 23
45 46
46 3
3 41
41 19
19 20
19 21
19 23
20 21
21 22
21 23
21 25
22 47
22 23
47 48
48 23
48 35
23 24
23 35
24 34
34 35
35 25
25 49
