0 1
1 2
1 3
2 3
3 4
3 5
4 6
6 7
7 8
8 9
8 5
9 10
10 11
11 12
12 13
13 14
13 15
13 16
13 17
13 18
14 19
14 15
14 5
14 20
14 21
19 22
19 23
19 24
19 18
19 25
19 26
22 15
22 5
22 16
15 27
15 23
15 24
15 28
15 18
15 29
15 30
15 20
27 5
5 23
5 29
5 25
5 31
23 16
16 17
16 32
16 28
17 32
17 29
32 33
33 34
34 24
24 35
35 28
28 18
18 36
18 29
18 37
18 30
18 38
36 39
36 40
39 41
39 42
39 43
39 40
39 44
41 29
41 42
41 40
29 45
29 40
45 46
45 40
46 42
42 43
42 40
42 44
43 40
40 44
44 47
47 48
47 49
49 37
37 30
30 38
38 20
20 25
20 21
20 31
25 26
25 21
26 21
21 31
