0 1
0 2
1 3
1 4
1 5
3 2
2 4
2 5
4 6
4 7
6 7
7 5
7 8
5 9
5 10
9 11
9 12
9 13
9 14
9 15
9 16
9 17
9 18
9 19
9 20
12 21
12 22
21 23
23 24
24 25
24 26
24 27
24 17
24 8
25 13
13 26
26 28
26 27
26 10
28 29
29 14
29 27
14 22
14 27
22 30
22 17
22 31
30 32
32 33
32 8
32 34
33 35
33 15
33 36
35 8
35 34
15 37
15 10
37 16
16 27
16 10
27 38
27 17
27 34
38 17
17 39
17 8
17 34
17 40
39 18
39 8
18 41
18 42
18 43
41 42
41 43
42 44
42 43
44 43
43 45
45 8
45 34
8 46
8 34
8 40
8 47
8 48
46 34
34 40
34 36
40 47
47 36
36 10
10 19
19 48
48 20
48 31
20 31
31 49
