0 1
0 2
1 2
2 3
3 4
4 5
4 6
4 7
4 8
5 9
9 6
9 10
9 11
9 7
9 12
6 13
6 14
13 15
13 16
13 14
15 17
15 18
15 19
15 14
17 18
17 19
18 20
18 19
18 21
18 22
20 10
20 22
10 19
10 23
10 16
19 24
19 23
19 14
24 21
21 11
11 23
11 22
11 25
23 26
23 22
23 7
26 22
22 7
7 27
7 16
7 14
7 25
27 12
27 28
27 14
27 25
27 29
12 30
12 25
30 31
31 32
31 25
32 33
32 14
33 8
33 16
33 14
8 28
28 34
28 14
28 25
34 16
34 14
34 25
16 35
35 36
36 37
37 14
14 38
38 39
39 40
39 25
40 25
25 29
25 41
41 42
41 43
42 44
44 45
44 43
45 46
45 47
46 47
47 48
48 43
43 49
