0 1
1 2
2 3
3 4
4 5
4 6
4 7
4 8
4 9
4 10
4 11
4 12
4 13
4 14
4 15
4 16
5 17
17 18
18 19
18 20
19 20
19 6
19 21
20 22
20 6
22 23
22 6
22 10
22 16
23 6
23 24
6 25
6 26
6 12
25 21
21 7
21 8
21 24
21 27
7 28
7 29
7 13
28 8
28 29
8 29
8 27
29 9
9 10
10 11
10 12
11 30
30 31
31 24
24 32
32 27
27 26
27 14
27 16
26 12
12 33
12 13
33 34
34 35
34 13
34 36
35 13
13 37
13 14
13 38
13 15
13 16
13 39
13 40
13 41
13 42
13 43
13 44
37 14
37 16
14 38
14 15
14 16
14 45
14 43
38 15
38 16
15 16
16 45
16 39
16 41
16 42
16 46
39 40
39 42
40 47
40 48
40 36
40 42
48 36
36 41
36 42
36 49
36 43
41 42
42 46
42 49
42 43
46 49
49 43
43 44
