0 1
1 2
1 3
1 4
1 5
1 6
1 7
1 8
1 9
1 10
1 11
1 12
1 13
2 3
2 14
3 4
3 14
3 5
3 6
3 7
3 15
3 10
3 16
3 12
4 17
4 14
4 5
4 10
4 18
17 19
19 14
14 20
14 5
14 6
14 7
14 21
14 22
14 15
14 10
14 23
14 12
14 13
20 24
24 5
5 6
5 7
5 21
5 22
5 9
5 10
5 25
5 12
6 7
6 18
6 13
7 26
7 18
7 12
7 13
26 21
21 22
21 13
22 27
27 8
27 9
9 28
28 15
28 13
15 10
10 16
16 29
29 23
29 11
29 30
23 11
11 25
25 18
18 12
12 13
13 31
31 32
31 33
32 34
32 35
32 36
32 33
32 37
32 38
32 30
34 39
34 30
39 35
39 40
39 41
39 30
39 42
35 36
35 33
35 43
35 30
36 40
36 33
36 37
36 38
36 30
40 44
40 37
40 30
40 42
44 33
33 45
33 43
33 46
33 38
33 47
33 30
45 43
45 38
43 46
43 47
46 48
48 41
48 30
41 49
41 30
49 37
37 38
38 47
38 30
47 30
30 42
