0 1
1 2
1 3
1 4
1 5
1 6
1 7
1 8
1 9
1 10
2 11
2 12
11 13
11 14
11 15
11 16
11 17
11 3
11 5
11 6
11 7
11 8
11 9
11 18
11 19
11 20
13 21
13 12
21 22
21 12
22 23
23 24
24 25
25 26
25 27
25 28
25 29
26 27
27 30
30 28
28 31
31 32
31 29
31 14
31 5
32 29
32 12
29 33
29 12
33 34
33 12
34 14
14 15
15 16
16 17
17 3
17 12
3 4
3 5
3 6
3 7
3 9
3 35
3 12
4 5
4 12
5 6
5 7
5 9
5 18
5 19
5 36
5 37
6 38
38 7
7 39
7 12
39 8
8 40
40 9
40 20
9 10
9 18
9 19
10 18
10 12
18 41
18 42
18 43
41 19
41 36
19 42
42 44
42 36
44 43
43 36
36 20
20 45
45 46
46 47
47 48
48 35
35 12
12 37
12 49
