0 1
0 2
0 3
0 4
1 5
1 6
1 3
5 6
5 2
5 3
5 7
5 8
6 9
6 2
6 10
6 11
6 12
6 13
6 3
6 7
6 14
6 8
6 15
9 2
2 10
2 11
2 12
2 13
2 3
2 7
2 8
2 4
10 11
11 12
11 3
11 4
11 16
12 13
12 3
12 8
12 4
12 16
13 3
13 14
3 7
3 14
3 8
3 15
7 14
7 8
14 8
14 4
8 15
15 4
15 16
4 17
4 18
4 16
17 18
18 19
19 20
20 21
21 22
21 16
21 23
22 24
22 16
24 25
25 26
26 27
27 28
28 16
16 29
29 30
30 31
31 32
32 33
33 34
33 35
33 36
34 23
23 35
35 37
37 36
36 38
38 39
39 40
40 41
41 42
42 43
42 44
44 45
44 46
45 47
47 48
47 46
48 46
46 49
