0 1
0 2
1 3
1 4
1 5
1 6
1 7
1 8
3 9
9 10
10 11
11 12
12 4
4 5
5 6
5 7
5 13
5 14
5 8
6 7
6 14
6 8
7 15
15 16
16 13
13 14
13 17
13 8
14 18
14 19
14 20
14 21
14 22
14 23
14 24
14 25
14 26
14 27
14 28
14 29
18 30
30 2
2 31
2 17
2 32
31 17
17 19
17 26
19 33
19 20
19 8
19 32
33 20
20 21
20 8
21 34
21 8
34 22
34 8
22 35
35 36
36 37
37 38
38 39
39 23
39 8
23 40
23 8
23 29
40 41
40 42
41 43
41 42
41 44
43 42
42 24
42 44
24 44
44 25
25 26
26 45
26 8
45 27
27 8
8 46
8 29
8 47
46 32
32 28
28 29
29 47
47 48
48 49
