0 1
1 2
1 3
2 4
2 3
4 5
4 3
5 6
6 7
6 8
6 9
6 10
7 11
7 12
7 8
7 9
11 13
11 12
11 8
11 9
11 10
11 14
13 15
13 16
13 12
13 9
16 12
12 17
12 8
12 18
12 14
17 19
17 8
19 8
8 18
18 9
9 20
9 21
9 10
9 14
20 21
21 22
21 23
21 14
22 24
22 25
22 26
22 23
22 10
22 14
24 27
24 28
27 25
27 23
25 29
25 30
25 31
25 28
25 32
25 23
25 33
29 34
29 23
34 30
34 28
30 35
30 28
30 23
35 31
31 28
28 26
28 23
26 36
26 32
26 33
36 23
32 23
32 10
23 33
33 3
3 37
3 38
3 39
3 40
37 41
41 38
41 39
38 42
38 10
38 14
42 39
42 10
42 14
39 43
43 44
43 40
44 45
44 40
45 46
45 40
45 14
46 40
40 47
40 10
47 10
10 48
48 14
14 49
