0 1
1 2
1 3
2 4
4 3
3 5
3 6
3 7
3 8
3 9
3 10
5 11
5 12
11 13
13 6
6 14
14 15
15 16
16 17
16 18
16 19
17 20
20 21
20 18
20 19
21 18
18 19
19 22
22 7
7 23
23 24
24 25
25 26
26 8
8 12
12 27
12 28
12 29
12 30
12 31
12 32
12 10
27 33
33 34
33 35
33 36
33 32
34 28
28 9
28 37
9 38
9 39
9 29
9 30
9 40
9 41
9 37
38 42
38 35
38 39
38 29
38 30
38 43
38 40
38 41
38 31
42 35
42 39
42 29
42 43
42 41
42 37
35 44
35 39
35 43
35 41
44 39
44 41
39 29
39 30
39 45
39 43
39 46
39 41
39 37
29 30
29 41
29 31
29 37
30 43
30 46
30 41
30 31
30 37
45 43
43 47
43 41
43 37
47 40
40 46
46 41
41 31
41 37
31 37
37 36
36 48
48 49
48 32
49 32
32 10
