0 1
1 2
2 3
3 4
4 5
5 6
6 7
6 8
7 9
9 10
9 11
9 8
10 12
10 13
10 14
12 13
12 14
14 15
14 16
14 8
15 16
15 17
15 11
16 18
16 19
16 20
16 21
16 22
16 17
16 23
16 24
16 25
18 26
26 27
27 19
27 28
27 29
27 30
27 21
27 31
19 20
19 21
19 17
19 11
20 28
20 17
20 11
20 32
20 8
20 33
28 34
28 21
28 32
34 29
29 35
29 21
35 30
30 21
21 36
21 37
21 22
21 17
36 37
36 17
37 22
37 11
37 32
37 8
22 17
17 38
17 23
17 39
17 8
17 31
17 24
17 25
38 40
38 8
40 41
41 23
23 42
42 43
42 11
42 8
42 33
43 44
43 45
44 46
46 45
46 11
45 11
45 8
11 39
11 8
11 31
11 33
11 47
39 32
39 8
39 33
32 48
32 31
32 24
48 8
8 31
8 33
8 49
31 33
33 47
47 49
49 24
24 25
