0 1
0 2
0 3
1 4
4 5
5 6
6 7
7 8
7 9
7 10
7 11
7 12
7 13
7 14
7 3
8 3
9 15
9 3
15 16
15 2
15 17
15 3
16 18
18 19
18 20
18 21
18 22
18 23
18 24
18 25
19 26
19 10
19 21
19 25
19 27
26 10
26 25
26 27
26 28
10 20
10 21
10 25
10 29
10 28
20 30
20 21
20 2
20 31
20 3
30 32
32 21
32 33
32 31
21 22
21 33
21 34
21 24
21 35
21 36
21 13
21 25
21 17
21 37
21 27
22 33
22 35
33 34
33 23
33 35
33 25
34 38
38 11
11 12
12 2
2 23
2 17
2 37
2 27
2 3
23 24
23 39
23 3
24 39
24 31
39 35
39 31
39 25
39 27
35 31
35 25
31 36
36 40
40 41
41 13
41 14
13 42
42 14
14 25
25 43
25 37
25 27
43 44
44 45
45 46
46 17
17 37
17 3
37 27
37 3
27 29
27 28
29 28
28 47
47 48
48 3
3 49
