0 1
1 2
1 3
2 4
4 5
4 6
4 7
4 8
5 8
6 9
6 10
9 11
11 12
12 3
3 13
3 14
3 8
3 15
3 16
3 17
3 18
3 19
13 7
7 14
7 16
14 20
14 21
14 16
14 22
14 23
14 24
20 10
10 25
10 8
10 26
10 15
10 27
25 8
8 28
8 26
28 29
29 26
26 21
21 15
15 27
27 30
27 16
30 31
30 16
30 32
31 16
16 33
16 22
16 23
33 34
34 22
22 23
23 24
23 32
23 35
24 32
32 35
35 36
36 17
17 37
17 19
37 38
37 18
37 19
38 39
39 40
39 41
39 42
39 43
40 41
40 42
40 44
40 43
41 42
41 45
41 44
41 43
41 46
42 45
42 44
42 43
42 46
45 44
45 43
45 46
45 18
44 43
43 46
43 18
46 18
18 47
18 19
47 19
19 48
48 49
