0 1
1 2
1 3
1 4
1 5
1 6
2 3
3 7
7 8
7 9
7 4
7 10
7 5
8 11
8 10
11 12
12 13
13 9
9 14
9 15
9 16
14 4
14 5
4 15
4 17
15 5
17 10
17 5
10 18
10 5
10 16
18 19
18 20
18 21
18 22
18 23
18 24
18 5
18 25
18 26
19 20
19 21
20 21
20 23
20 24
21 22
21 23
21 24
22 23
22 5
23 24
23 5
23 26
24 5
5 27
5 28
5 16
5 29
5 26
27 25
25 30
30 31
31 28
31 32
31 33
28 32
28 34
28 26
32 16
32 35
32 36
16 35
16 34
16 26
35 37
37 29
29 38
29 39
29 40
29 41
29 42
38 39
38 40
38 41
38 42
39 40
39 41
39 42
40 41
40 42
41 42
42 43
42 33
43 36
43 33
36 33
33 44
33 45
44 6
6 46
6 34
6 47
6 26
46 34
34 45
34 26
34 48
45 49
49 47
47 26
26 48
